Datos provenientes de SR865 
F,X,Y,R,T,



+2.000000e+02,+1.003601e+00,-1.399975e-02,+1.003698e+00,-7.991970e-01,
+4.000000e+02,+1.001763e+00,-4.065502e-02,+1.002587e+00,-2.323987e+00,
+6.000000e+02,+9.984238e-01,-6.678624e-02,+1.000655e+00,-3.826909e+00,
+8.000000e+02,+9.938830e-01,-9.249993e-02,+9.981781e-01,-5.317157e+00,
+1.000000e+03,+9.878778e-01,-1.177243e-01,+9.948676e-01,-6.795825e+00,
+1.200000e+03,+9.806817e-01,-1.424081e-01,+9.909676e-01,-8.262359e+00,
+1.400000e+03,+9.723582e-01,-1.664749e-01,+9.865060e-01,-9.715265e+00,
+1.600000e+03,+9.629603e-01,-1.898492e-01,+9.814964e-01,-1.115292e+01,
+1.800000e+03,+9.524082e-01,-2.124348e-01,+9.758124e-01,-1.257401e+01,
+2.000000e+03,+9.410410e-01,-2.342311e-01,+9.697537e-01,-1.397725e+01,
+2.200000e+03,+9.287544e-01,-2.551473e-01,+9.631640e-01,-1.536133e+01,
+2.400000e+03,+9.155979e-01,-2.751224e-01,+9.560396e-01,-1.672468e+01,
+2.600000e+03,+9.017857e-01,-2.941752e-01,+9.485549e-01,-1.806706e+01,
+2.800000e+03,+8.873317e-01,-3.122523e-01,+9.406695e-01,-1.938699e+01,
+3.000000e+03,+8.723301e-01,-3.293356e-01,+9.324279e-01,-2.068330e+01,
+3.200000e+03,+8.569818e-01,-3.454661e-01,+9.239939e-01,-2.195533e+01,
+3.400000e+03,+8.411248e-01,-3.605629e-01,+9.151484e-01,-2.320324e+01,
+3.600000e+03,+8.249722e-01,-3.746747e-01,+9.060686e-01,-2.442595e+01,
+3.800000e+03,+8.086283e-01,-3.878443e-01,+8.968294e-01,-2.562389e+01,
+4.000000e+03,+7.919961e-01,-4.000012e-01,+8.872761e-01,-2.679626e+01,
+4.200000e+03,+7.752770e-01,-4.112374e-01,+8.775936e-01,-2.794324e+01,
+4.400000e+03,+7.586088e-01,-4.216257e-01,+8.679029e-01,-2.906478e+01,
+4.600000e+03,+7.419307e-01,-4.311211e-01,+8.580947e-01,-3.016002e+01,
+4.800000e+03,+7.252972e-01,-4.397700e-01,+8.482062e-01,-3.122972e+01,
+5.000000e+03,+7.087686e-01,-4.476182e-01,+8.382810e-01,-3.227419e+01,
+5.200000e+03,+6.923567e-01,-4.546807e-01,+8.283069e-01,-3.329348e+01,
+5.400000e+03,+6.760851e-01,-4.609875e-01,+8.182912e-01,-3.428805e+01,
+5.600000e+03,+6.600680e-01,-4.666207e-01,+8.083468e-01,-3.525756e+01,
+5.800000e+03,+6.442097e-01,-4.715416e-01,+7.983468e-01,-3.620298e+01,
+6.000000e+03,+6.286601e-01,-4.758728e-01,+7.884595e-01,-3.712440e+01,
+6.200000e+03,+6.133368e-01,-4.795813e-01,+7.785758e-01,-3.802262e+01,
+6.400000e+03,+5.982189e-01,-4.826628e-01,+7.686542e-01,-3.889774e+01,
+6.600000e+03,+5.834714e-01,-4.852780e-01,+7.589029e-01,-3.975058e+01,
+6.800000e+03,+5.690615e-01,-4.874204e-01,+7.492727e-01,-4.058117e+01,
+7.000000e+03,+5.550271e-01,-4.891674e-01,+7.398242e-01,-4.139100e+01,
+7.200000e+03,+5.412546e-01,-4.904300e-01,+7.303959e-01,-4.217968e+01,
+7.400000e+03,+5.278221e-01,-4.913088e-01,+7.210968e-01,-4.294809e+01,
+7.600000e+03,+5.146755e-01,-4.917845e-01,+7.118586e-01,-4.369708e+01,
+7.800000e+03,+5.018553e-01,-4.919136e-01,+7.027359e-01,-4.442683e+01,
+8.000000e+03,+4.894054e-01,-4.917634e-01,+6.937931e-01,-4.513770e+01,
+8.200000e+03,+4.772831e-01,-4.913179e-01,+6.849763e-01,-4.583014e+01,
+8.400000e+03,+4.654527e-01,-4.905654e-01,+6.762401e-01,-4.650470e+01,
+8.600000e+03,+4.540022e-01,-4.896232e-01,+6.677191e-01,-4.716183e+01,
+8.800000e+03,+4.428671e-01,-4.884435e-01,+6.593241e-01,-4.780170e+01,
+9.000000e+03,+4.319942e-01,-4.869974e-01,+6.509880e-01,-4.842516e+01,
+9.200000e+03,+4.214467e-01,-4.853816e-01,+6.428161e-01,-4.903290e+01,
+9.400000e+03,+4.112084e-01,-4.836055e-01,+6.347966e-01,-4.962558e+01,
+9.600000e+03,+4.012892e-01,-4.816982e-01,+6.269498e-01,-5.020327e+01,
+9.800000e+03,+3.915859e-01,-4.795587e-01,+6.191252e-01,-5.076648e+01,
+1.000000e+04,+3.822528e-01,-4.773861e-01,+6.115675e-01,-5.131503e+01,
+1.020000e+04,+3.731406e-01,-4.750327e-01,+6.040612e-01,-5.185019e+01,
+1.040000e+04,+3.643433e-01,-4.726450e-01,+5.967742e-01,-5.237279e+01,
+1.060000e+04,+3.557814e-01,-4.701206e-01,+5.895708e-01,-5.288202e+01,
+1.080000e+04,+3.474476e-01,-4.674818e-01,+5.824594e-01,-5.337907e+01,
+1.100000e+04,+3.393965e-01,-4.648297e-01,+5.755489e-01,-5.386486e+01,
+1.120000e+04,+3.315510e-01,-4.620651e-01,+5.687093e-01,-5.433898e+01,
+1.140000e+04,+3.239433e-01,-4.592481e-01,+5.620037e-01,-5.480172e+01,
+1.160000e+04,+3.165613e-01,-4.563818e-01,+5.554236e-01,-5.525356e+01,
+1.180000e+04,+3.094057e-01,-4.534803e-01,+5.489774e-01,-5.569462e+01,
+1.200000e+04,+3.024783e-01,-4.505585e-01,+5.426749e-01,-5.612492e+01,
+1.220000e+04,+2.957287e-01,-4.475678e-01,+5.364442e-01,-5.654543e+01,
+1.240000e+04,+2.891807e-01,-4.445595e-01,+5.303382e-01,-5.695647e+01,
+1.260000e+04,+2.828679e-01,-4.415989e-01,+5.244271e-01,-5.735825e+01,
+1.280000e+04,+2.766638e-01,-4.384951e-01,+5.184793e-01,-5.775056e+01,
+1.300000e+04,+2.706851e-01,-4.354521e-01,+5.127270e-01,-5.813414e+01,
+1.320000e+04,+2.648596e-01,-4.323717e-01,+5.070462e-01,-5.850946e+01,
+1.340000e+04,+2.592058e-01,-4.292875e-01,+5.014732e-01,-5.887622e+01,
+1.360000e+04,+2.537243e-01,-4.262164e-01,+4.960206e-01,-5.923489e+01,
+1.380000e+04,+2.484059e-01,-4.231532e-01,+4.906773e-01,-5.958555e+01,
+1.400000e+04,+2.432253e-01,-4.200656e-01,+4.854005e-01,-5.992840e+01,
+1.420000e+04,+2.381914e-01,-4.169889e-01,+4.802238e-01,-6.026423e+01,
+1.440000e+04,+2.333068e-01,-4.139343e-01,+4.751565e-01,-6.059298e+01,
+1.460000e+04,+2.285780e-01,-4.109243e-01,+4.702198e-01,-6.091486e+01,
+1.480000e+04,+2.239721e-01,-4.079041e-01,+4.653485e-01,-6.122967e+01,
+1.500000e+04,+2.194871e-01,-4.048854e-01,+4.605506e-01,-6.153801e+01,
+1.520000e+04,+2.151069e-01,-4.018463e-01,+4.557976e-01,-6.184000e+01,
+1.540000e+04,+2.108866e-01,-3.988841e-01,+4.512002e-01,-6.213497e+01,
+1.560000e+04,+2.067675e-01,-3.959284e-01,+4.466678e-01,-6.242488e+01,
+1.580000e+04,+2.027751e-01,-3.930230e-01,+4.422497e-01,-6.270911e+01,
+1.600000e+04,+1.988667e-01,-3.900878e-01,+4.378544e-01,-6.298751e+01,
+1.620000e+04,+1.950648e-01,-3.871762e-01,+4.335386e-01,-6.326040e+01,
+1.640000e+04,+1.913764e-01,-3.843108e-01,+4.293247e-01,-6.352793e+01,
+1.660000e+04,+1.877843e-01,-3.814567e-01,+4.251731e-01,-6.378979e+01,
+1.680000e+04,+1.842867e-01,-3.786248e-01,+4.210918e-01,-6.404659e+01,
+1.700000e+04,+1.808792e-01,-3.758153e-01,+4.170784e-01,-6.429858e+01,
+1.720000e+04,+1.775723e-01,-3.730584e-01,+4.131640e-01,-6.454599e+01,
+1.740000e+04,+1.743555e-01,-3.703296e-01,+4.093212e-01,-6.478839e+01,
+1.760000e+04,+1.712004e-01,-3.675815e-01,+4.054945e-01,-6.502633e+01,
+1.780000e+04,+1.681380e-01,-3.648872e-01,+4.017625e-01,-6.526000e+01,
+1.800000e+04,+1.651495e-01,-3.622021e-01,+3.980762e-01,-6.548893e+01,
+1.820000e+04,+1.622430e-01,-3.595612e-01,+3.944706e-01,-6.571392e+01,
+1.840000e+04,+1.593827e-01,-3.568895e-01,+3.908618e-01,-6.593501e+01,
+1.860000e+04,+1.566184e-01,-3.543012e-01,+3.873740e-01,-6.615222e+01,
+1.880000e+04,+1.539321e-01,-3.517588e-01,+3.839653e-01,-6.636549e+01,
+1.900000e+04,+1.512835e-01,-3.491734e-01,+3.805375e-01,-6.657475e+01,
+1.920000e+04,+1.487160e-01,-3.466476e-01,+3.772016e-01,-6.678008e+01,
+1.940000e+04,+1.462230e-01,-3.441808e-01,+3.739540e-01,-6.698210e+01,
+1.960000e+04,+1.437683e-01,-3.416953e-01,+3.707088e-01,-6.718108e+01,
+1.980000e+04,+1.413808e-01,-3.392481e-01,+3.675293e-01,-6.737617e+01,
+2.000000e+04,+1.390466e-01,-3.368172e-01,+3.643896e-01,-6.756793e+01,
+2.020000e+04,+1.367858e-01,-3.344477e-01,+3.613387e-01,-6.775592e+01,
+2.040000e+04,+1.345792e-01,-3.321130e-01,+3.583443e-01,-6.794116e+01,
+2.060000e+04,+1.324114e-01,-3.297668e-01,+3.553575e-01,-6.812303e+01,
+2.080000e+04,+1.302992e-01,-3.274625e-01,+3.524338e-01,-6.830209e+01,
+2.100000e+04,+1.282330e-01,-3.251800e-01,+3.495508e-01,-6.847845e+01,
+2.120000e+04,+1.262125e-01,-3.229128e-01,+3.467020e-01,-6.865164e+01,
+2.140000e+04,+1.242344e-01,-3.206646e-01,+3.438895e-01,-6.882225e+01,
+2.160000e+04,+1.223083e-01,-3.184621e-01,+3.411414e-01,-6.899026e+01,
+2.180000e+04,+1.204156e-01,-3.162564e-01,+3.384051e-01,-6.915551e+01,
+2.200000e+04,+1.185720e-01,-3.140950e-01,+3.357305e-01,-6.931830e+01,
+2.220000e+04,+1.167681e-01,-3.119510e-01,+3.330889e-01,-6.947834e+01,
+2.240000e+04,+1.150002e-01,-3.098196e-01,+3.304743e-01,-6.963586e+01,
+2.260000e+04,+1.132850e-01,-3.077468e-01,+3.279353e-01,-6.979077e+01,
+2.280000e+04,+1.115989e-01,-3.056719e-01,+3.254068e-01,-6.994318e+01,
+2.300000e+04,+1.099498e-01,-3.036194e-01,+3.229144e-01,-7.009315e+01,
+2.320000e+04,+1.083404e-01,-3.016002e-01,+3.204690e-01,-7.024075e+01,
+2.340000e+04,+1.067700e-01,-2.996196e-01,+3.180751e-01,-7.038638e+01,
+2.360000e+04,+1.052170e-01,-2.976174e-01,+3.156687e-01,-7.052991e+01,
+2.380000e+04,+1.037160e-01,-2.956886e-01,+3.133508e-01,-7.067112e+01,
+2.400000e+04,+1.022306e-01,-2.937337e-01,+3.110154e-01,-7.081013e+01,
+2.420000e+04,+1.007825e-01,-2.918204e-01,+3.087333e-01,-7.094723e+01,
+2.440000e+04,+9.937139e-02,-2.899478e-01,+3.065035e-01,-7.108229e+01,
+2.460000e+04,+9.798753e-02,-2.880855e-01,+3.042940e-01,-7.121510e+01,
+2.480000e+04,+9.662719e-02,-2.862357e-01,+3.021054e-01,-7.134638e+01,
+2.500000e+04,+9.529347e-02,-2.844054e-01,+2.999454e-01,-7.147594e+01,
+2.520000e+04,+9.398483e-02,-2.825911e-01,+2.978101e-01,-7.160378e+01,
+2.540000e+04,+9.270976e-02,-2.808095e-01,+2.957179e-01,-7.172926e+01,
+2.560000e+04,+9.145303e-02,-2.790288e-01,+2.936337e-01,-7.185320e+01,
+2.580000e+04,+9.023336e-02,-2.773047e-01,+2.916161e-01,-7.197540e+01,
+2.600000e+04,+8.902616e-02,-2.755650e-01,+2.895889e-01,-7.209602e+01,
+2.620000e+04,+8.784729e-02,-2.738576e-01,+2.876023e-01,-7.221494e+01,
+2.640000e+04,+8.669246e-02,-2.721671e-01,+2.856405e-01,-7.233193e+01,
+2.660000e+04,+8.556572e-02,-2.705119e-01,+2.837220e-01,-7.244730e+01,
+2.680000e+04,+8.445621e-02,-2.688628e-01,+2.818156e-01,-7.256125e+01,
+2.700000e+04,+8.335795e-02,-2.672007e-01,+2.799013e-01,-7.267376e+01,
+2.720000e+04,+8.228869e-02,-2.655807e-01,+2.780369e-01,-7.278469e+01,
+2.740000e+04,+8.124571e-02,-2.639959e-01,+2.762149e-01,-7.289405e+01,
+2.760000e+04,+8.021122e-02,-2.623940e-01,+2.743802e-01,-7.300214e+01,
+2.780000e+04,+7.921049e-02,-2.608541e-01,+2.726154e-01,-7.310865e+01,
+2.800000e+04,+7.822157e-02,-2.593109e-01,+2.708519e-01,-7.321397e+01,
+2.820000e+04,+7.725234e-02,-2.577831e-01,+2.691097e-01,-7.331759e+01,
+2.840000e+04,+7.629820e-02,-2.562655e-01,+2.673825e-01,-7.342009e+01,
+2.860000e+04,+7.536249e-02,-2.547702e-01,+2.656828e-01,-7.352148e+01,
+2.880000e+04,+7.444178e-02,-2.532823e-01,+2.639953e-01,-7.362149e+01,
+2.900000e+04,+7.353288e-02,-2.517947e-01,+2.623121e-01,-7.372034e+01,
+2.920000e+04,+7.264593e-02,-2.503386e-01,+2.606661e-01,-7.381776e+01,
+2.940000e+04,+7.177598e-02,-2.489027e-01,+2.590451e-01,-7.391404e+01,
+2.960000e+04,+7.091362e-02,-2.474547e-01,+2.574152e-01,-7.400917e+01,
+2.980000e+04,+7.007547e-02,-2.460510e-01,+2.558353e-01,-7.410301e+01,
+3.000000e+04,+6.924781e-02,-2.446461e-01,+2.542577e-01,-7.419567e+01,
+3.020000e+04,+6.843951e-02,-2.432745e-01,+2.527181e-01,-7.428731e+01,
+3.040000e+04,+6.764018e-02,-2.418971e-01,+2.511760e-01,-7.437774e+01,
+3.060000e+04,+6.686725e-02,-2.405768e-01,+2.496966e-01,-7.446696e+01,
+3.080000e+04,+6.609987e-02,-2.392409e-01,+2.482044e-01,-7.455505e+01,
+3.100000e+04,+6.534529e-02,-2.379217e-01,+2.467321e-01,-7.464237e+01,
+3.120000e+04,+6.460692e-02,-2.366249e-01,+2.452864e-01,-7.472845e+01,
+3.140000e+04,+6.387867e-02,-2.353316e-01,+2.438472e-01,-7.481349e+01,
+3.160000e+04,+6.316094e-02,-2.340466e-01,+2.424193e-01,-7.489764e+01,
+3.180000e+04,+6.245350e-02,-2.327695e-01,+2.410023e-01,-7.498091e+01,
+3.200000e+04,+6.176102e-02,-2.315162e-01,+2.396126e-01,-7.506318e+01,
+3.220000e+04,+6.107847e-02,-2.302686e-01,+2.382314e-01,-7.514445e+01,
+3.240000e+04,+6.039408e-02,-2.289839e-01,+2.368144e-01,-7.522481e+01,
+3.260000e+04,+5.973779e-02,-2.277741e-01,+2.354775e-01,-7.530415e+01,
+3.280000e+04,+5.909067e-02,-2.265734e-01,+2.341521e-01,-7.538277e+01,
+3.300000e+04,+5.845049e-02,-2.253673e-01,+2.328237e-01,-7.546031e+01,
+3.320000e+04,+5.782243e-02,-2.241821e-01,+2.315190e-01,-7.553712e+01,
+3.340000e+04,+5.720161e-02,-2.229962e-01,+2.302159e-01,-7.561303e+01,
+3.360000e+04,+5.659593e-02,-2.218417e-01,+2.289473e-01,-7.568807e+01,
+3.380000e+04,+5.599878e-02,-2.206955e-01,+2.276891e-01,-7.576237e+01,
+3.400000e+04,+5.540558e-02,-2.195384e-01,+2.264219e-01,-7.583585e+01,
+3.420000e+04,+5.482667e-02,-2.184091e-01,+2.251855e-01,-7.590836e+01,
+3.440000e+04,+5.425460e-02,-2.172826e-01,+2.239538e-01,-7.598014e+01,
+3.460000e+04,+5.368748e-02,-2.161524e-01,+2.227200e-01,-7.605125e+01,
+3.480000e+04,+5.314030e-02,-2.150762e-01,+2.215438e-01,-7.612150e+01,
+3.500000e+04,+5.259779e-02,-2.139924e-01,+2.203617e-01,-7.619085e+01,
+3.520000e+04,+5.206576e-02,-2.129300e-01,+2.192032e-01,-7.625961e+01,
+3.540000e+04,+5.153622e-02,-2.118536e-01,+2.180320e-01,-7.632760e+01,
+3.560000e+04,+5.102059e-02,-2.108133e-01,+2.168994e-01,-7.639500e+01,
+3.580000e+04,+5.051139e-02,-2.097743e-01,+2.157699e-01,-7.646151e+01,
+3.600000e+04,+5.000642e-02,-2.087316e-01,+2.146381e-01,-7.652740e+01,
+3.620000e+04,+4.951020e-02,-2.077030e-01,+2.135224e-01,-7.659259e+01,
+3.640000e+04,+4.902306e-02,-2.066917e-01,+2.124258e-01,-7.665715e+01,
+3.660000e+04,+4.854429e-02,-2.056948e-01,+2.113455e-01,-7.672108e+01,
+3.680000e+04,+4.806801e-02,-2.046857e-01,+2.102541e-01,-7.678423e+01,
+3.700000e+04,+4.760260e-02,-2.037018e-01,+2.091899e-01,-7.684672e+01,
+3.720000e+04,+4.714515e-02,-2.027322e-01,+2.081418e-01,-7.690861e+01,
+3.740000e+04,+4.669636e-02,-2.017802e-01,+2.071130e-01,-7.696988e+01,
+3.760000e+04,+4.624527e-02,-2.008008e-01,+2.060572e-01,-7.703068e+01,
+3.780000e+04,+4.581038e-02,-1.998704e-01,+2.050531e-01,-7.709075e+01,
+3.800000e+04,+4.537419e-02,-1.989146e-01,+2.040241e-01,-7.715018e+01,
+3.820000e+04,+4.494632e-02,-1.979783e-01,+2.030162e-01,-7.720914e+01,
+3.840000e+04,+4.452450e-02,-1.970473e-01,+2.020151e-01,-7.726736e+01,
+3.860000e+04,+4.411020e-02,-1.961325e-01,+2.010315e-01,-7.732507e+01,
+3.880000e+04,+4.370312e-02,-1.952314e-01,+2.000631e-01,-7.738218e+01,
+3.900000e+04,+4.329496e-02,-1.943118e-01,+1.990767e-01,-7.743900e+01,
+3.920000e+04,+4.289507e-02,-1.934097e-01,+1.981093e-01,-7.749515e+01,
+3.940000e+04,+4.250251e-02,-1.925218e-01,+1.971575e-01,-7.755065e+01,
+3.960000e+04,+4.211731e-02,-1.916490e-01,+1.962224e-01,-7.760555e+01,
+3.980000e+04,+4.173081e-02,-1.907569e-01,+1.952682e-01,-7.766013e+01,
+4.000000e+04,+4.136057e-02,-1.899198e-01,+1.943714e-01,-7.771400e+01,
+4.020000e+04,+4.098792e-02,-1.890562e-01,+1.934483e-01,-7.776742e+01,
+4.040000e+04,+4.062321e-02,-1.882131e-01,+1.925472e-01,-7.782033e+01,
+4.060000e+04,+4.026223e-02,-1.873739e-01,+1.916508e-01,-7.787288e+01,
+4.080000e+04,+3.990626e-02,-1.865402e-01,+1.907610e-01,-7.792481e+01,
+4.100000e+04,+3.955720e-02,-1.857231e-01,+1.898890e-01,-7.797623e+01,
+4.120000e+04,+3.920927e-02,-1.848958e-01,+1.890075e-01,-7.802715e+01,
+4.140000e+04,+3.886558e-02,-1.840751e-01,+1.881334e-01,-7.807769e+01,
+4.160000e+04,+3.853312e-02,-1.832932e-01,+1.872997e-01,-7.812778e+01,
+4.180000e+04,+3.820185e-02,-1.825015e-01,+1.864569e-01,-7.817735e+01,
+4.200000e+04,+3.787218e-02,-1.817051e-01,+1.856099e-01,-7.822658e+01,
+4.220000e+04,+3.754614e-02,-1.809116e-01,+1.847667e-01,-7.827536e+01,
+4.240000e+04,+3.722300e-02,-1.801193e-01,+1.839252e-01,-7.832376e+01,
+4.260000e+04,+3.690696e-02,-1.793458e-01,+1.831038e-01,-7.837162e+01,
+4.280000e+04,+3.659858e-02,-1.785971e-01,+1.823084e-01,-7.841912e+01,
+4.300000e+04,+3.628770e-02,-1.778232e-01,+1.814879e-01,-7.846622e+01,
+4.320000e+04,+3.598154e-02,-1.770581e-01,+1.806771e-01,-7.851284e+01,
+4.340000e+04,+3.568101e-02,-1.763069e-01,+1.798812e-01,-7.855900e+01,
+4.360000e+04,+3.538630e-02,-1.755722e-01,+1.791028e-01,-7.860478e+01,
+4.380000e+04,+3.509207e-02,-1.748291e-01,+1.783162e-01,-7.865028e+01,
+4.400000e+04,+3.480285e-02,-1.740959e-01,+1.775405e-01,-7.869523e+01,
+4.420000e+04,+3.451781e-02,-1.733734e-01,+1.767761e-01,-7.873991e+01,
+4.440000e+04,+3.423641e-02,-1.726543e-01,+1.760160e-01,-7.878405e+01,
+4.460000e+04,+3.395903e-02,-1.719453e-01,+1.752667e-01,-7.882791e+01,
+4.480000e+04,+3.368328e-02,-1.712328e-01,+1.745143e-01,-7.887141e+01,
+4.500000e+04,+3.341205e-02,-1.705297e-01,+1.737721e-01,-7.891441e+01,
+4.520000e+04,+3.314543e-02,-1.698393e-01,+1.730433e-01,-7.895708e+01,
+4.540000e+04,+3.288002e-02,-1.691448e-01,+1.723109e-01,-7.899947e+01,
+4.560000e+04,+3.262209e-02,-1.684754e-01,+1.716047e-01,-7.904137e+01,
+4.580000e+04,+3.236138e-02,-1.677826e-01,+1.708750e-01,-7.908302e+01,
+4.600000e+04,+3.210770e-02,-1.671143e-01,+1.701708e-01,-7.912428e+01,
+4.620000e+04,+3.185703e-02,-1.664508e-01,+1.694719e-01,-7.916518e+01,
+4.640000e+04,+3.160725e-02,-1.657810e-01,+1.687672e-01,-7.920572e+01,
+4.660000e+04,+3.136003e-02,-1.651168e-01,+1.680685e-01,-7.924611e+01,
+4.680000e+04,+3.111630e-02,-1.644584e-01,+1.673762e-01,-7.928601e+01,
+4.700000e+04,+3.087814e-02,-1.638210e-01,+1.667057e-01,-7.932572e+01,
+4.720000e+04,+3.064059e-02,-1.631760e-01,+1.660278e-01,-7.936504e+01,
+4.740000e+04,+3.040736e-02,-1.625458e-01,+1.653654e-01,-7.940417e+01,
+4.760000e+04,+3.017780e-02,-1.619213e-01,+1.647095e-01,-7.944272e+01,
+4.780000e+04,+2.994616e-02,-1.612778e-01,+1.640344e-01,-7.948107e+01,
+4.800000e+04,+2.971888e-02,-1.606464e-01,+1.633722e-01,-7.951902e+01,
+4.820000e+04,+2.949618e-02,-1.600339e-01,+1.627294e-01,-7.955689e+01,
+4.840000e+04,+2.927507e-02,-1.594179e-01,+1.620836e-01,-7.959429e+01,
+4.860000e+04,+2.905750e-02,-1.588139e-01,+1.614503e-01,-7.963152e+01,
+4.880000e+04,+2.883851e-02,-1.581910e-01,+1.607982e-01,-7.966833e+01,
+4.900000e+04,+2.862799e-02,-1.576035e-01,+1.601825e-01,-7.970472e+01,
+4.920000e+04,+2.841494e-02,-1.569982e-01,+1.595488e-01,-7.974114e+01,
+4.940000e+04,+2.820658e-02,-1.564077e-01,+1.589307e-01,-7.977715e+01,
+4.960000e+04,+2.799891e-02,-1.558107e-01,+1.583064e-01,-7.981277e+01,
+4.980000e+04,+2.779477e-02,-1.552289e-01,+1.576976e-01,-7.984837e+01,
+5.000000e+04,+2.759270e-02,-1.546466e-01,+1.570889e-01,-7.988350e+01,
+5.020000e+04,+2.739336e-02,-1.540721e-01,+1.564884e-01,-7.991840e+01,
+5.040000e+04,+2.719496e-02,-1.534953e-01,+1.558858e-01,-7.995309e+01,
+5.060000e+04,+2.700011e-02,-1.529286e-01,+1.552938e-01,-7.998740e+01,
+5.080000e+04,+2.680845e-02,-1.523738e-01,+1.547141e-01,-8.002157e+01,
+5.100000e+04,+2.661901e-02,-1.518222e-01,+1.541381e-01,-8.005540e+01,
+5.120000e+04,+2.642972e-02,-1.512625e-01,+1.535541e-01,-8.008890e+01,
+5.140000e+04,+2.624448e-02,-1.507169e-01,+1.529848e-01,-8.012206e+01,
+5.160000e+04,+2.605924e-02,-1.501650e-01,+1.524093e-01,-8.015508e+01,
+5.180000e+04,+2.587588e-02,-1.496159e-01,+1.518370e-01,-8.018783e+01,
+5.200000e+04,+2.569673e-02,-1.490828e-01,+1.512812e-01,-8.022028e+01,
+5.220000e+04,+2.551915e-02,-1.485526e-01,+1.507286e-01,-8.025256e+01,
+5.240000e+04,+2.534364e-02,-1.480273e-01,+1.501812e-01,-8.028462e+01,
+5.260000e+04,+2.516779e-02,-1.474929e-01,+1.496248e-01,-8.031647e+01,
+5.280000e+04,+2.499652e-02,-1.469758e-01,+1.490862e-01,-8.034792e+01,
+5.300000e+04,+2.482426e-02,-1.464462e-01,+1.485353e-01,-8.037918e+01,
+5.320000e+04,+2.465717e-02,-1.459417e-01,+1.480100e-01,-8.041031e+01,
+5.340000e+04,+2.448718e-02,-1.454116e-01,+1.474590e-01,-8.044112e+01,
+5.360000e+04,+2.432130e-02,-1.448999e-01,+1.469268e-01,-8.047177e+01,
+5.380000e+04,+2.415698e-02,-1.443896e-01,+1.463964e-01,-8.050214e+01,
+5.400000e+04,+2.399448e-02,-1.438845e-01,+1.458715e-01,-8.053236e+01,
+5.420000e+04,+2.383641e-02,-1.433991e-01,+1.453667e-01,-8.056233e+01,
+5.440000e+04,+2.367717e-02,-1.429002e-01,+1.448485e-01,-8.059211e+01,
+5.460000e+04,+2.351964e-02,-1.424045e-01,+1.443337e-01,-8.062164e+01,
+5.480000e+04,+2.336368e-02,-1.419118e-01,+1.438221e-01,-8.065096e+01,
+5.500000e+04,+2.320956e-02,-1.414255e-01,+1.433173e-01,-8.068017e+01,
+5.520000e+04,+2.305763e-02,-1.409443e-01,+1.428179e-01,-8.070906e+01,
+5.540000e+04,+2.290546e-02,-1.404559e-01,+1.423113e-01,-8.073777e+01,
+5.560000e+04,+2.275778e-02,-1.399883e-01,+1.418261e-01,-8.076624e+01,
+5.580000e+04,+2.261155e-02,-1.395240e-01,+1.413444e-01,-8.079456e+01,
+5.600000e+04,+2.246301e-02,-1.390396e-01,+1.408424e-01,-8.082268e+01,
+5.620000e+04,+2.231916e-02,-1.385779e-01,+1.403638e-01,-8.085059e+01,
+5.640000e+04,+2.217637e-02,-1.381158e-01,+1.398849e-01,-8.087824e+01,
+5.660000e+04,+2.203307e-02,-1.376471e-01,+1.393993e-01,-8.090585e+01,
+5.680000e+04,+2.189267e-02,-1.371882e-01,+1.389241e-01,-8.093311e+01,
+5.700000e+04,+2.175420e-02,-1.367395e-01,+1.384591e-01,-8.096043e+01,
+5.720000e+04,+2.161547e-02,-1.362796e-01,+1.379832e-01,-8.098732e+01,
+5.740000e+04,+2.148055e-02,-1.358386e-01,+1.375265e-01,-8.101406e+01,
+5.760000e+04,+2.134552e-02,-1.353925e-01,+1.370648e-01,-8.104068e+01,
+5.780000e+04,+2.121146e-02,-1.349484e-01,+1.366053e-01,-8.106722e+01,
+5.800000e+04,+2.107907e-02,-1.345057e-01,+1.361474e-01,-8.109332e+01,
+5.820000e+04,+2.094299e-02,-1.340390e-01,+1.356652e-01,-8.111958e+01,
+5.840000e+04,+2.081543e-02,-1.336194e-01,+1.352310e-01,-8.114554e+01,
+5.860000e+04,+2.068632e-02,-1.331833e-01,+1.347802e-01,-8.117123e+01,
+5.880000e+04,+2.056077e-02,-1.327670e-01,+1.343496e-01,-8.119690e+01,
+5.900000e+04,+2.043481e-02,-1.323393e-01,+1.339077e-01,-8.122215e+01,
+5.920000e+04,+2.031004e-02,-1.319154e-01,+1.334697e-01,-8.124731e+01,
+5.940000e+04,+2.018561e-02,-1.314914e-01,+1.330317e-01,-8.127249e+01,
+5.960000e+04,+2.006196e-02,-1.310672e-01,+1.325937e-01,-8.129749e+01,
+5.980000e+04,+1.994220e-02,-1.306563e-01,+1.321695e-01,-8.132186e+01,
+6.000000e+04,+1.982066e-02,-1.302345e-01,+1.317341e-01,-8.134644e+01,
+6.020000e+04,+1.970209e-02,-1.298294e-01,+1.313158e-01,-8.137099e+01,
+6.040000e+04,+1.958427e-02,-1.294200e-01,+1.308934e-01,-8.139509e+01,
+6.060000e+04,+1.946684e-02,-1.290116e-01,+1.304720e-01,-8.141924e+01,
+6.080000e+04,+1.935005e-02,-1.286017e-01,+1.300493e-01,-8.144318e+01,
+6.100000e+04,+1.923678e-02,-1.282085e-01,+1.296436e-01,-8.146682e+01,
+6.120000e+04,+1.912311e-02,-1.278087e-01,+1.292315e-01,-8.149036e+01,
+6.140000e+04,+1.900963e-02,-1.274112e-01,+1.288215e-01,-8.151412e+01,
+6.160000e+04,+1.889982e-02,-1.270296e-01,+1.284279e-01,-8.153745e+01,
+6.180000e+04,+1.878802e-02,-1.266323e-01,+1.280185e-01,-8.156078e+01,
+6.200000e+04,+1.867870e-02,-1.262473e-01,+1.276216e-01,-8.158395e+01,
+6.220000e+04,+1.856860e-02,-1.258505e-01,+1.272129e-01,-8.160685e+01,
+6.240000e+04,+1.846009e-02,-1.254605e-01,+1.268113e-01,-8.162963e+01,
+6.260000e+04,+1.835374e-02,-1.250795e-01,+1.264189e-01,-8.165218e+01,
+6.280000e+04,+1.824747e-02,-1.246951e-01,+1.260232e-01,-8.167461e+01,
+6.300000e+04,+1.814227e-02,-1.243150e-01,+1.256318e-01,-8.169698e+01,
+6.320000e+04,+1.803913e-02,-1.239427e-01,+1.252486e-01,-8.171908e+01,
+6.340000e+04,+1.793664e-02,-1.235729e-01,+1.248679e-01,-8.174118e+01,
+6.360000e+04,+1.783454e-02,-1.232013e-01,+1.244854e-01,-8.176311e+01,
+6.380000e+04,+1.773378e-02,-1.228328e-01,+1.241063e-01,-8.178477e+01,
+6.400000e+04,+1.763498e-02,-1.224762e-01,+1.237393e-01,-8.180647e+01,
+6.420000e+04,+1.753549e-02,-1.221100e-01,+1.233626e-01,-8.182796e+01,
+6.440000e+04,+1.743770e-02,-1.217514e-01,+1.229938e-01,-8.184930e+01,
+6.460000e+04,+1.733895e-02,-1.213822e-01,+1.226143e-01,-8.187051e+01,
+6.480000e+04,+1.724376e-02,-1.210342e-01,+1.222564e-01,-8.189162e+01,
+6.500000e+04,+1.714706e-02,-1.206709e-01,+1.218831e-01,-8.191254e+01,
+6.520000e+04,+1.705096e-02,-1.203076e-01,+1.215099e-01,-8.193330e+01,
+6.540000e+04,+1.695671e-02,-1.199545e-01,+1.211471e-01,-8.195400e+01,
+6.560000e+04,+1.686410e-02,-1.196090e-01,+1.207920e-01,-8.197456e+01,
+6.580000e+04,+1.677105e-02,-1.192539e-01,+1.204274e-01,-8.199480e+01,
+6.600000e+04,+1.667851e-02,-1.189018e-01,+1.200659e-01,-8.201514e+01,
+6.620000e+04,+1.658834e-02,-1.185614e-01,+1.197162e-01,-8.203524e+01,
+6.640000e+04,+1.649473e-02,-1.181955e-01,+1.193409e-01,-8.205541e+01,
+6.660000e+04,+1.640833e-02,-1.178739e-01,+1.190105e-01,-8.207521e+01,
+6.680000e+04,+1.632044e-02,-1.175432e-01,+1.186708e-01,-8.209522e+01,
+6.700000e+04,+1.623182e-02,-1.172033e-01,+1.183220e-01,-8.211510e+01,
+6.720000e+04,+1.614540e-02,-1.168724e-01,+1.179823e-01,-8.213462e+01,
+6.740000e+04,+1.605741e-02,-1.165326e-01,+1.176337e-01,-8.215443e+01,
+6.760000e+04,+1.597363e-02,-1.162167e-01,+1.173093e-01,-8.217390e+01,
+6.780000e+04,+1.588780e-02,-1.158827e-01,+1.169667e-01,-8.219328e+01,
+6.800000e+04,+1.580417e-02,-1.155618e-01,+1.166375e-01,-8.221256e+01,
+6.820000e+04,+1.572063e-02,-1.152361e-01,+1.163035e-01,-8.223161e+01,
+6.840000e+04,+1.563719e-02,-1.149093e-01,+1.159684e-01,-8.225062e+01,
+6.860000e+04,+1.555603e-02,-1.145967e-01,+1.156477e-01,-8.226958e+01,
+6.880000e+04,+1.547389e-02,-1.142681e-01,+1.153110e-01,-8.228806e+01,
+6.900000e+04,+1.539403e-02,-1.139617e-01,+1.149967e-01,-8.230701e+01,
+6.920000e+04,+1.531404e-02,-1.136480e-01,+1.146751e-01,-8.232562e+01,
+6.940000e+04,+1.523501e-02,-1.133379e-01,+1.143573e-01,-8.234412e+01,
+6.960000e+04,+1.515761e-02,-1.130386e-01,+1.140504e-01,-8.236263e+01,
+6.980000e+04,+1.507869e-02,-1.127231e-01,+1.137271e-01,-8.238091e+01,
+7.000000e+04,+1.500216e-02,-1.124193e-01,+1.134159e-01,-8.239889e+01,
+7.020000e+04,+1.492441e-02,-1.121046e-01,+1.130936e-01,-8.241683e+01,
+7.040000e+04,+1.484778e-02,-1.118004e-01,+1.127820e-01,-8.243504e+01,
+7.060000e+04,+1.477012e-02,-1.114827e-01,+1.124569e-01,-8.245294e+01,
+7.080000e+04,+1.469413e-02,-1.111714e-01,+1.121383e-01,-8.247054e+01,
+7.100000e+04,+1.462064e-02,-1.108772e-01,+1.118370e-01,-8.248811e+01,
+7.120000e+04,+1.454625e-02,-1.105746e-01,+1.115273e-01,-8.250568e+01,
+7.140000e+04,+1.447378e-02,-1.102819e-01,+1.112277e-01,-8.252303e+01,
+7.160000e+04,+1.440121e-02,-1.099893e-01,+1.109281e-01,-8.254053e+01,
+7.180000e+04,+1.432902e-02,-1.096915e-01,+1.106234e-01,-8.255758e+01,
+7.200000e+04,+1.425699e-02,-1.094018e-01,+1.103268e-01,-8.257518e+01,
+7.220000e+04,+1.418659e-02,-1.091169e-01,+1.100352e-01,-8.259237e+01,
+7.240000e+04,+1.411576e-02,-1.088242e-01,+1.097359e-01,-8.260934e+01,
+7.260000e+04,+1.404504e-02,-1.085301e-01,+1.094351e-01,-8.262624e+01,
+7.280000e+04,+1.397460e-02,-1.082365e-01,+1.091349e-01,-8.264314e+01,
+7.300000e+04,+1.390661e-02,-1.079584e-01,+1.088504e-01,-8.265989e+01,
+7.320000e+04,+1.383823e-02,-1.076716e-01,+1.085572e-01,-8.267634e+01,
+7.340000e+04,+1.377036e-02,-1.073868e-01,+1.082661e-01,-8.269276e+01,
+7.360000e+04,+1.370395e-02,-1.071137e-01,+1.079868e-01,-8.270927e+01,
+7.380000e+04,+1.363789e-02,-1.068377e-01,+1.077047e-01,-8.272550e+01,
+7.400000e+04,+1.357091e-02,-1.065523e-01,+1.074131e-01,-8.274167e+01,
+7.420000e+04,+1.350515e-02,-1.062710e-01,+1.071257e-01,-8.275755e+01,
+7.440000e+04,+1.343889e-02,-1.059879e-01,+1.068365e-01,-8.277365e+01,
+7.460000e+04,+1.337342e-02,-1.057038e-01,+1.065464e-01,-8.278937e+01,
+7.480000e+04,+1.330901e-02,-1.054266e-01,+1.062633e-01,-8.280505e+01,
+7.500000e+04,+1.324494e-02,-1.051499e-01,+1.059808e-01,-8.282069e+01,
+7.520000e+04,+1.318309e-02,-1.048888e-01,+1.057140e-01,-8.283626e+01,
+7.540000e+04,+1.312058e-02,-1.046225e-01,+1.054420e-01,-8.285192e+01,
+7.560000e+04,+1.305622e-02,-1.043405e-01,+1.051542e-01,-8.286759e+01,
+7.580000e+04,+1.299704e-02,-1.040996e-01,+1.049078e-01,-8.288332e+01,
+7.600000e+04,+1.293613e-02,-1.038430e-01,+1.046456e-01,-8.289901e+01,
+7.620000e+04,+1.287498e-02,-1.035815e-01,+1.043786e-01,-8.291459e+01,
+7.640000e+04,+1.281462e-02,-1.033204e-01,+1.041121e-01,-8.292982e+01,
+7.660000e+04,+1.275534e-02,-1.030659e-01,+1.038522e-01,-8.294500e+01,
+7.680000e+04,+1.269543e-02,-1.028027e-01,+1.035836e-01,-8.296000e+01,
+7.700000e+04,+1.263566e-02,-1.025385e-01,+1.033141e-01,-8.297494e+01,
+7.720000e+04,+1.257798e-02,-1.022850e-01,+1.030555e-01,-8.298953e+01,
+7.740000e+04,+1.251880e-02,-1.020199e-01,+1.027851e-01,-8.300424e+01,
+7.760000e+04,+1.246035e-02,-1.017605e-01,+1.025205e-01,-8.301900e+01,
+7.780000e+04,+1.240187e-02,-1.015005e-01,+1.022553e-01,-8.303382e+01,
+7.800000e+04,+1.234649e-02,-1.012612e-01,+1.020111e-01,-8.304839e+01,
+7.820000e+04,+1.228874e-02,-1.010054e-01,+1.017502e-01,-8.306325e+01,
+7.840000e+04,+1.223230e-02,-1.007564e-01,+1.014962e-01,-8.307789e+01,
+7.860000e+04,+1.217712e-02,-1.005098e-01,+1.012448e-01,-8.309208e+01,
+7.880000e+04,+1.212159e-02,-1.002617e-01,+1.009918e-01,-8.310641e+01,
+7.900000e+04,+1.206584e-02,-1.000073e-01,+1.007325e-01,-8.312053e+01,
+7.920000e+04,+1.201105e-02,-9.976151e-02,+1.004820e-01,-8.313477e+01,
+7.940000e+04,+1.195747e-02,-9.952488e-02,+1.002406e-01,-8.314900e+01,
+7.960000e+04,+1.190364e-02,-9.927949e-02,+9.999058e-02,-8.316285e+01,
+7.980000e+04,+1.184972e-02,-9.903324e-02,+9.973966e-02,-8.317676e+01,
+8.000000e+04,+1.179663e-02,-9.879453e-02,+9.949633e-02,-8.319078e+01,
+8.020000e+04,+1.174535e-02,-9.856669e-02,+9.926402e-02,-8.320459e+01,
+8.040000e+04,+1.169294e-02,-9.832855e-02,+9.902135e-02,-8.321839e+01,
+8.060000e+04,+1.164139e-02,-9.809604e-02,+9.878438e-02,-8.323216e+01,
+8.080000e+04,+1.158917e-02,-9.785678e-02,+9.854064e-02,-8.324592e+01,
+8.100000e+04,+1.153805e-02,-9.762626e-02,+9.830571e-02,-8.325970e+01,
+8.120000e+04,+1.148697e-02,-9.739185e-02,+9.806693e-02,-8.327327e+01,
+8.140000e+04,+1.143582e-02,-9.715652e-02,+9.782723e-02,-8.328687e+01,
+8.160000e+04,+1.138616e-02,-9.692912e-02,+9.759559e-02,-8.330022e+01,
+8.180000e+04,+1.133732e-02,-9.670990e-02,+9.737217e-02,-8.331371e+01,
+8.200000e+04,+1.128748e-02,-9.647707e-02,+9.713512e-02,-8.332693e+01,
+8.220000e+04,+1.123978e-02,-9.625963e-02,+9.691361e-02,-8.334000e+01,
+8.240000e+04,+1.119093e-02,-9.603271e-02,+9.668256e-02,-8.335316e+01,
+8.260000e+04,+1.114220e-02,-9.580588e-02,+9.645163e-02,-8.336631e+01,
+8.280000e+04,+1.109423e-02,-9.558050e-02,+9.622221e-02,-8.337918e+01,
+8.300000e+04,+1.104570e-02,-9.535133e-02,+9.598898e-02,-8.339218e+01,
+8.320000e+04,+1.099836e-02,-9.512886e-02,+9.576254e-02,-8.340500e+01,
+8.340000e+04,+1.095073e-02,-9.490240e-02,+9.553211e-02,-8.341777e+01,
+8.360000e+04,+1.090438e-02,-9.468942e-02,+9.531523e-02,-8.343079e+01,
+8.380000e+04,+1.085821e-02,-9.447408e-02,+9.509601e-02,-8.344357e+01,
+8.400000e+04,+1.080991e-02,-9.423941e-02,+9.485737e-02,-8.345637e+01,
+8.420000e+04,+1.076424e-02,-9.402458e-02,+9.463874e-02,-8.346902e+01,
+8.440000e+04,+1.071678e-02,-9.379271e-02,+9.440297e-02,-8.348163e+01,
+8.460000e+04,+1.067204e-02,-9.357774e-02,+9.418432e-02,-8.349383e+01,
+8.480000e+04,+1.062752e-02,-9.336999e-02,+9.397286e-02,-8.350644e+01,
+8.500000e+04,+1.058281e-02,-9.315334e-02,+9.375254e-02,-8.351862e+01,
+8.520000e+04,+1.053723e-02,-9.293755e-02,+9.353300e-02,-8.353144e+01,
+8.540000e+04,+1.049393e-02,-9.272690e-02,+9.331881e-02,-8.354328e+01,
+8.560000e+04,+1.044951e-02,-9.250803e-02,+9.309634e-02,-8.355531e+01,
+8.580000e+04,+1.040681e-02,-9.230608e-02,+9.289087e-02,-8.356749e+01,
+8.600000e+04,+1.036332e-02,-9.209593e-02,+9.267718e-02,-8.357966e+01,
+8.620000e+04,+1.032225e-02,-9.190884e-02,+9.248667e-02,-8.359198e+01,
+8.640000e+04,+1.027962e-02,-9.170371e-02,+9.227806e-02,-8.360406e+01,
+8.660000e+04,+1.023694e-02,-9.149768e-02,+9.206856e-02,-8.361618e+01,
+8.680000e+04,+1.019406e-02,-9.128749e-02,+9.185492e-02,-8.362818e+01,
+8.700000e+04,+1.015272e-02,-9.108692e-02,+9.165099e-02,-8.363995e+01,
+8.720000e+04,+1.011095e-02,-9.088084e-02,+9.144156e-02,-8.365165e+01,
+8.740000e+04,+1.006855e-02,-9.067173e-02,+9.122904e-02,-8.366360e+01,
+8.760000e+04,+1.002856e-02,-9.047980e-02,+9.103388e-02,-8.367529e+01,
+8.780000e+04,+9.987172e-03,-9.027278e-02,+9.082355e-02,-8.368684e+01,
+8.800000e+04,+9.948110e-03,-9.008541e-02,+9.063303e-02,-8.369837e+01,
+8.820000e+04,+9.906965e-03,-8.988053e-02,+9.042487e-02,-8.371003e+01,
+8.840000e+04,+9.867023e-03,-8.968049e-02,+9.022166e-02,-8.372133e+01,
+8.860000e+04,+9.827271e-03,-8.948486e-02,+9.002286e-02,-8.373286e+01,
+8.880000e+04,+9.788157e-03,-8.928996e-02,+8.982485e-02,-8.374409e+01,
+8.900000e+04,+9.747935e-03,-8.908756e-02,+8.961929e-02,-8.375555e+01,
+8.920000e+04,+9.709907e-03,-8.889954e-02,+8.942824e-02,-8.376666e+01,
+8.940000e+04,+9.670645e-03,-8.869846e-02,+8.922410e-02,-8.377771e+01,
+8.960000e+04,+9.631627e-03,-8.849885e-02,+8.902142e-02,-8.378875e+01,
+8.980000e+04,+9.593115e-03,-8.830390e-02,+8.882345e-02,-8.379984e+01,
+9.000000e+04,+9.556123e-03,-8.811575e-02,+8.863242e-02,-8.381048e+01,
+9.020000e+04,+9.519204e-03,-8.792995e-02,+8.844372e-02,-8.382127e+01,
+9.040000e+04,+9.481754e-03,-8.774033e-02,+8.825117e-02,-8.383220e+01,
+9.060000e+04,+9.444088e-03,-8.754285e-02,+8.805079e-02,-8.384276e+01,
+9.080000e+04,+9.407405e-03,-8.735570e-02,+8.786079e-02,-8.385345e+01,
+9.100000e+04,+9.370035e-03,-8.716079e-02,+8.766299e-02,-8.386410e+01,
+9.120000e+04,+9.333528e-03,-8.697136e-02,+8.747075e-02,-8.387461e+01,
+9.140000e+04,+9.297595e-03,-8.679154e-02,+8.728813e-02,-8.388547e+01,
+9.160000e+04,+9.261419e-03,-8.660427e-02,+8.709807e-02,-8.389601e+01,
+9.180000e+04,+9.225978e-03,-8.642195e-02,+8.691300e-02,-8.390646e+01,
+9.200000e+04,+9.190432e-03,-8.624353e-02,+8.673182e-02,-8.391730e+01,
+9.220000e+04,+9.154701e-03,-8.606357e-02,+8.654910e-02,-8.392819e+01,
+9.240000e+04,+9.119594e-03,-8.588444e-02,+8.636726e-02,-8.393879e+01,
+9.260000e+04,+9.085170e-03,-8.570355e-02,+8.618375e-02,-8.394884e+01,
+9.280000e+04,+9.050581e-03,-8.552335e-02,+8.600091e-02,-8.395911e+01,
+9.300000e+04,+9.016640e-03,-8.535525e-02,+8.583017e-02,-8.396983e+01,
+9.320000e+04,+8.982055e-03,-8.517995e-02,+8.565221e-02,-8.398051e+01,
+9.340000e+04,+8.947419e-03,-8.500142e-02,+8.547104e-02,-8.399106e+01,
+9.360000e+04,+8.914977e-03,-8.483899e-02,+8.530609e-02,-8.400130e+01,
+9.380000e+04,+8.880148e-03,-8.465533e-02,+8.511981e-02,-8.401170e+01,
+9.400000e+04,+8.847728e-03,-8.448260e-02,+8.494464e-02,-8.402129e+01,
+9.420000e+04,+8.813654e-03,-8.431097e-02,+8.477040e-02,-8.403212e+01,
+9.440000e+04,+8.781386e-03,-8.414267e-02,+8.459966e-02,-8.404200e+01,
+9.460000e+04,+8.747487e-03,-8.396100e-02,+8.441544e-02,-8.405209e+01,
+9.480000e+04,+8.714933e-03,-8.378953e-02,+8.424152e-02,-8.406203e+01,
+9.500000e+04,+8.681759e-03,-8.361245e-02,+8.406197e-02,-8.407202e+01,
+9.520000e+04,+8.651054e-03,-8.345165e-02,+8.389886e-02,-8.408154e+01,
+9.540000e+04,+8.619035e-03,-8.328016e-02,+8.372499e-02,-8.409124e+01,
+9.560000e+04,+8.585850e-03,-8.309980e-02,+8.354217e-02,-8.410114e+01,
+9.580000e+04,+8.554385e-03,-8.293030e-02,+8.337033e-02,-8.411067e+01,
+9.600000e+04,+8.523365e-03,-8.276769e-02,+8.320540e-02,-8.412044e+01,
+9.620000e+04,+8.492007e-03,-8.259885e-02,+8.303424e-02,-8.413002e+01,
+9.640000e+04,+8.461069e-03,-8.242928e-02,+8.286240e-02,-8.413931e+01,
+9.660000e+04,+8.430378e-03,-8.226480e-02,+8.269563e-02,-8.414883e+01,
+9.680000e+04,+8.398564e-03,-8.209039e-02,+8.251891e-02,-8.415846e+01,
+9.700000e+04,+8.369395e-03,-8.193094e-02,+8.235730e-02,-8.416736e+01,
+9.720000e+04,+8.338459e-03,-8.175997e-02,+8.218407e-02,-8.417670e+01,
+9.740000e+04,+8.307752e-03,-8.159435e-02,+8.201620e-02,-8.418631e+01,
+9.760000e+04,+8.277829e-03,-8.142752e-02,+8.184720e-02,-8.419531e+01,
+9.780000e+04,+8.247804e-03,-8.126279e-02,+8.168028e-02,-8.420457e+01,
+9.800000e+04,+8.218339e-03,-8.109741e-02,+8.151276e-02,-8.421345e+01,
+9.820000e+04,+8.189207e-03,-8.093917e-02,+8.135241e-02,-8.422263e+01,
+9.840000e+04,+8.159460e-03,-8.077514e-02,+8.118621e-02,-8.423186e+01,
+9.860000e+04,+8.130669e-03,-8.061833e-02,+8.102729e-02,-8.424097e+01,
+9.880000e+04,+8.102081e-03,-8.046106e-02,+8.086795e-02,-8.424995e+01,
+9.900000e+04,+8.072233e-03,-8.029643e-02,+8.070116e-02,-8.425932e+01,
+9.920000e+04,+8.044156e-03,-8.014357e-02,+8.054626e-02,-8.426831e+01,
+9.940000e+04,+8.015336e-03,-7.998301e-02,+8.038363e-02,-8.427732e+01,
+9.960000e+04,+7.987184e-03,-7.982708e-02,+8.022566e-02,-8.428622e+01,
+9.980000e+04,+7.959369e-03,-7.967380e-02,+8.007038e-02,-8.429510e+01,
+1.000000e+05,+7.929866e-03,-7.950925e-02,+7.990371e-02,-8.430443e+01,
+1.002000e+05,+7.902251e-03,-7.936186e-02,+7.975431e-02,-8.431366e+01,
+1.004000e+05,+7.875193e-03,-7.921967e-02,+7.961015e-02,-8.432290e+01,
+1.006000e+05,+7.848277e-03,-7.907821e-02,+7.946672e-02,-8.433212e+01,
+1.008000e+05,+7.820547e-03,-7.891908e-02,+7.930563e-02,-8.434070e+01,
+1.010000e+05,+7.792804e-03,-7.876498e-02,+7.914953e-02,-8.434969e+01,
+1.012000e+05,+7.765511e-03,-7.861201e-02,+7.899465e-02,-8.435846e+01,
+1.014000e+05,+7.738661e-03,-7.846105e-02,+7.884177e-02,-8.436710e+01,
+1.016000e+05,+7.711538e-03,-7.830519e-02,+7.868399e-02,-8.437561e+01,
+1.018000e+05,+7.684368e-03,-7.814958e-02,+7.852647e-02,-8.438421e+01,
+1.020000e+05,+7.658621e-03,-7.800746e-02,+7.838251e-02,-8.439278e+01,
+1.022000e+05,+7.632874e-03,-7.786201e-02,+7.823524e-02,-8.440113e+01,
+1.024000e+05,+7.606233e-03,-7.771068e-02,+7.808204e-02,-8.440976e+01,
+1.026000e+05,+7.579890e-03,-7.756361e-02,+7.793310e-02,-8.441850e+01,
+1.028000e+05,+7.553305e-03,-7.740858e-02,+7.777622e-02,-8.442688e+01,
+1.030000e+05,+7.527220e-03,-7.726393e-02,+7.762972e-02,-8.443568e+01,
+1.032000e+05,+7.501439e-03,-7.711733e-02,+7.748131e-02,-8.444414e+01,
+1.034000e+05,+7.476448e-03,-7.697888e-02,+7.734109e-02,-8.445264e+01,
+1.036000e+05,+7.450887e-03,-7.683065e-02,+7.719109e-02,-8.446088e+01,
+1.038000e+05,+7.425414e-03,-7.667957e-02,+7.703826e-02,-8.446889e+01,
+1.040000e+05,+7.399395e-03,-7.652725e-02,+7.688413e-02,-8.447725e+01,
+1.042000e+05,+7.374865e-03,-7.638767e-02,+7.674285e-02,-8.448545e+01,
+1.044000e+05,+7.350196e-03,-7.623881e-02,+7.659230e-02,-8.449312e+01,
+1.046000e+05,+7.325603e-03,-7.610279e-02,+7.645456e-02,-8.450168e+01,
+1.048000e+05,+7.300667e-03,-7.595605e-02,+7.630610e-02,-8.450977e+01,
+1.050000e+05,+7.276906e-03,-7.581884e-02,+7.616725e-02,-8.451768e+01,
+1.052000e+05,+7.251906e-03,-7.567224e-02,+7.601893e-02,-8.452587e+01,
+1.054000e+05,+7.227273e-03,-7.552754e-02,+7.587254e-02,-8.453397e+01,
+1.056000e+05,+7.203828e-03,-7.539235e-02,+7.573573e-02,-8.454189e+01,
+1.058000e+05,+7.179398e-03,-7.525097e-02,+7.559267e-02,-8.455013e+01,
+1.060000e+05,+7.155911e-03,-7.511988e-02,+7.545994e-02,-8.455842e+01,
+1.062000e+05,+7.131950e-03,-7.497828e-02,+7.531672e-02,-8.456636e+01,
+1.064000e+05,+7.108046e-03,-7.484015e-02,+7.517694e-02,-8.457452e+01,
+1.066000e+05,+7.085054e-03,-7.471193e-02,+7.504713e-02,-8.458274e+01,
+1.068000e+05,+7.061717e-03,-7.457781e-02,+7.491140e-02,-8.459083e+01,
+1.070000e+05,+7.038483e-03,-7.444846e-02,+7.478043e-02,-8.459921e+01,
+1.072000e+05,+7.015062e-03,-7.431237e-02,+7.464274e-02,-8.460727e+01,
+1.074000e+05,+6.991782e-03,-7.417401e-02,+7.450280e-02,-8.461510e+01,
+1.076000e+05,+6.968562e-03,-7.403111e-02,+7.435837e-02,-8.462258e+01,
+1.078000e+05,+6.946188e-03,-7.389534e-02,+7.422110e-02,-8.462995e+01,
+1.080000e+05,+6.923380e-03,-7.376652e-02,+7.409070e-02,-8.463819e+01,
+1.082000e+05,+6.901228e-03,-7.363672e-02,+7.395940e-02,-8.464587e+01,
+1.084000e+05,+6.878584e-03,-7.350611e-02,+7.382725e-02,-8.465392e+01,
+1.086000e+05,+6.856271e-03,-7.337476e-02,+7.369439e-02,-8.466167e+01,
+1.088000e+05,+6.833741e-03,-7.324307e-02,+7.356118e-02,-8.466960e+01,
+1.090000e+05,+6.810954e-03,-7.310438e-02,+7.342098e-02,-8.467725e+01,
+1.092000e+05,+6.789109e-03,-7.297556e-02,+7.329068e-02,-8.468492e+01,
+1.094000e+05,+6.768011e-03,-7.285417e-02,+7.316786e-02,-8.469256e+01,
+1.096000e+05,+6.746402e-03,-7.272342e-02,+7.303567e-02,-8.469995e+01,
+1.098000e+05,+6.724554e-03,-7.259122e-02,+7.290202e-02,-8.470745e+01,
+1.100000e+05,+6.701465e-03,-7.244439e-02,+7.275369e-02,-8.471490e+01,
+1.102000e+05,+6.680494e-03,-7.231069e-02,+7.261862e-02,-8.472165e+01,
+1.104000e+05,+6.658562e-03,-7.217851e-02,+7.248499e-02,-8.472930e+01,
+1.106000e+05,+6.638190e-03,-7.205483e-02,+7.235996e-02,-8.473637e+01,
+1.108000e+05,+6.616909e-03,-7.191978e-02,+7.222352e-02,-8.474335e+01,
+1.110000e+05,+6.595583e-03,-7.178968e-02,+7.209203e-02,-8.475076e+01,
+1.112000e+05,+6.574551e-03,-7.165729e-02,+7.195827e-02,-8.475779e+01,
+1.114000e+05,+6.554795e-03,-7.154242e-02,+7.184207e-02,-8.476511e+01,
+1.116000e+05,+6.533416e-03,-7.140080e-02,+7.169909e-02,-8.477180e+01,
+1.118000e+05,+6.513576e-03,-7.128319e-02,+7.158016e-02,-8.477903e+01,
+1.120000e+05,+6.492495e-03,-7.115930e-02,+7.145488e-02,-8.478682e+01,
+1.122000e+05,+6.473055e-03,-7.103683e-02,+7.133114e-02,-8.479343e+01,
+1.124000e+05,+6.451941e-03,-7.090244e-02,+7.119539e-02,-8.480054e+01,
+1.126000e+05,+6.432481e-03,-7.078514e-02,+7.107681e-02,-8.480760e+01,
+1.128000e+05,+6.411864e-03,-7.065637e-02,+7.094670e-02,-8.481477e+01,
+1.130000e+05,+6.392790e-03,-7.053660e-02,+7.082570e-02,-8.482138e+01,
+1.132000e+05,+6.372073e-03,-7.040863e-02,+7.069638e-02,-8.482874e+01,
+1.134000e+05,+6.351945e-03,-7.028300e-02,+7.056945e-02,-8.483582e+01,
+1.136000e+05,+6.332488e-03,-7.016165e-02,+7.044683e-02,-8.484269e+01,
+1.138000e+05,+6.313075e-03,-7.004413e-02,+7.032806e-02,-8.484985e+01,
+1.140000e+05,+6.293112e-03,-6.992486e-02,+7.020747e-02,-8.485733e+01,
+1.142000e+05,+6.274400e-03,-6.981722e-02,+7.009859e-02,-8.486468e+01,
+1.144000e+05,+6.255542e-03,-6.970430e-02,+6.998444e-02,-8.487178e+01,
+1.146000e+05,+6.236330e-03,-6.959044e-02,+6.986931e-02,-8.487913e+01,
+1.148000e+05,+6.216797e-03,-6.946645e-02,+6.974407e-02,-8.488602e+01,
+1.150000e+05,+6.197711e-03,-6.934676e-02,+6.962316e-02,-8.489288e+01,
+1.152000e+05,+6.178952e-03,-6.922805e-02,+6.950326e-02,-8.489957e+01,
+1.154000e+05,+6.160263e-03,-6.910863e-02,+6.938265e-02,-8.490617e+01,
+1.156000e+05,+6.141238e-03,-6.898957e-02,+6.926237e-02,-8.491310e+01,
+1.158000e+05,+6.122492e-03,-6.886815e-02,+6.913976e-02,-8.491965e+01,
+1.160000e+05,+6.104481e-03,-6.875730e-02,+6.902776e-02,-8.492641e+01,
+1.162000e+05,+6.085958e-03,-6.863593e-02,+6.890523e-02,-8.493282e+01,
+1.164000e+05,+6.066920e-03,-6.851245e-02,+6.878054e-02,-8.493953e+01,
+1.166000e+05,+6.049266e-03,-6.841092e-02,+6.867785e-02,-8.494673e+01,
+1.168000e+05,+6.030374e-03,-6.829082e-02,+6.855656e-02,-8.495361e+01,
+1.170000e+05,+6.011994e-03,-6.817228e-02,+6.843687e-02,-8.496021e+01,
+1.172000e+05,+5.993995e-03,-6.806304e-02,+6.832645e-02,-8.496720e+01,
+1.174000e+05,+5.976017e-03,-6.794389e-02,+6.820620e-02,-8.497347e+01,
+1.176000e+05,+5.958275e-03,-6.783099e-02,+6.809217e-02,-8.498002e+01,
+1.178000e+05,+5.940335e-03,-6.771380e-02,+6.797386e-02,-8.498643e+01,
+1.180000e+05,+5.922851e-03,-6.760275e-02,+6.786171e-02,-8.499294e+01,
+1.182000e+05,+5.906104e-03,-6.749395e-02,+6.775186e-02,-8.499902e+01,
+1.184000e+05,+5.888007e-03,-6.737534e-02,+6.763213e-02,-8.500554e+01,
+1.186000e+05,+5.870595e-03,-6.725977e-02,+6.751548e-02,-8.501172e+01,
+1.188000e+05,+5.853548e-03,-6.714816e-02,+6.740281e-02,-8.501791e+01,
+1.190000e+05,+5.836756e-03,-6.704011e-02,+6.729371e-02,-8.502416e+01,
+1.192000e+05,+5.819319e-03,-6.692989e-02,+6.718240e-02,-8.503083e+01,
+1.194000e+05,+5.802388e-03,-6.682129e-02,+6.707275e-02,-8.503720e+01,
+1.196000e+05,+5.785115e-03,-6.671114e-02,+6.696150e-02,-8.504376e+01,
+1.198000e+05,+5.769096e-03,-6.660847e-02,+6.685784e-02,-8.504984e+01,
+1.200000e+05,+5.751465e-03,-6.648803e-02,+6.673633e-02,-8.505600e+01,
+1.202000e+05,+5.735116e-03,-6.638066e-02,+6.662795e-02,-8.506205e+01,
+1.204000e+05,+5.718528e-03,-6.627294e-02,+6.651920e-02,-8.506830e+01,
+1.206000e+05,+5.702105e-03,-6.616786e-02,+6.641310e-02,-8.507462e+01,
+1.208000e+05,+5.685822e-03,-6.606106e-02,+6.630530e-02,-8.508071e+01,
+1.210000e+05,+5.668655e-03,-6.594393e-02,+6.618713e-02,-8.508682e+01,
+1.212000e+05,+5.652632e-03,-6.584160e-02,+6.608380e-02,-8.509307e+01,
+1.214000e+05,+5.636807e-03,-6.573487e-02,+6.597611e-02,-8.509883e+01,
+1.216000e+05,+5.620464e-03,-6.562578e-02,+6.586602e-02,-8.510490e+01,
+1.218000e+05,+5.604821e-03,-6.552241e-02,+6.576170e-02,-8.511079e+01,
+1.220000e+05,+5.588316e-03,-6.541175e-02,+6.565002e-02,-8.511691e+01,
+1.222000e+05,+5.572565e-03,-6.530615e-02,+6.554347e-02,-8.512276e+01,
+1.224000e+05,+5.556925e-03,-6.520224e-02,+6.543861e-02,-8.512868e+01,
+1.226000e+05,+5.541429e-03,-6.510077e-02,+6.533619e-02,-8.513466e+01,
+1.228000e+05,+5.525944e-03,-6.499676e-02,+6.523123e-02,-8.514046e+01,
+1.230000e+05,+5.510158e-03,-6.488936e-02,+6.512289e-02,-8.514629e+01,
+1.232000e+05,+5.494337e-03,-6.478418e-02,+6.501675e-02,-8.515234e+01,
+1.234000e+05,+5.478805e-03,-6.468081e-02,+6.491245e-02,-8.515829e+01,
+1.236000e+05,+5.463023e-03,-6.458066e-02,+6.481131e-02,-8.516473e+01,
+1.238000e+05,+5.448200e-03,-6.448296e-02,+6.471271e-02,-8.517051e+01,
+1.240000e+05,+5.432710e-03,-6.437707e-02,+6.460589e-02,-8.517629e+01,
+1.242000e+05,+5.416830e-03,-6.427438e-02,+6.450222e-02,-8.518269e+01,
+1.244000e+05,+5.401826e-03,-6.417545e-02,+6.440239e-02,-8.518859e+01,
+1.246000e+05,+5.386743e-03,-6.407967e-02,+6.430569e-02,-8.519482e+01,
+1.248000e+05,+5.371119e-03,-6.397903e-02,+6.420409e-02,-8.520119e+01,
