Datos provenientes de SR865 
F,X,Y,R,T,



+1.000000e+02,+1.006288e+00,+3.323908e-05,+1.006288e+00,+1.893670e-03,
+2.000000e+02,+1.005742e+00,-1.399114e-02,+1.005839e+00,-7.970045e-01,
+3.000000e+02,+1.005009e+00,-2.741116e-02,+1.005383e+00,-1.562329e+00,
+4.000000e+02,+1.003972e+00,-4.063271e-02,+1.004794e+00,-2.317608e+00,
+5.000000e+02,+1.002406e+00,-5.373919e-02,+1.003845e+00,-3.068703e+00,
+6.000000e+02,+1.000644e+00,-6.674956e-02,+1.002868e+00,-3.816351e+00,
+7.000000e+02,+9.983991e-01,-7.965336e-02,+1.001571e+00,-4.561456e+00,
+8.000000e+02,+9.959784e-01,-9.245339e-02,+1.000260e+00,-5.303380e+00,
+9.000000e+02,+9.931936e-01,-1.051405e-01,+9.987432e-01,-6.042881e+00,
+1.000000e+03,+9.900242e-01,-1.176939e-01,+9.969954e-01,-6.779495e+00,
+1.100000e+03,+9.865966e-01,-1.301132e-01,+9.951394e-01,-7.512861e+00,
+1.200000e+03,+9.828346e-01,-1.423797e-01,+9.930941e-01,-8.242887e+00,
+1.300000e+03,+9.788397e-01,-1.545028e-01,+9.909583e-01,-8.969727e+00,
+1.400000e+03,+9.746748e-01,-1.664832e-01,+9.887909e-01,-9.693089e+00,
+1.500000e+03,+9.699574e-01,-1.782434e-01,+9.861988e-01,-1.041274e+01,
+1.600000e+03,+9.652405e-01,-1.898686e-01,+9.837375e-01,-1.112834e+01,
+1.700000e+03,+9.602374e-01,-2.013017e-01,+9.811108e-01,-1.183988e+01,
+1.800000e+03,+9.546750e-01,-2.124703e-01,+9.780326e-01,-1.254712e+01,
+1.900000e+03,+9.491072e-01,-2.234866e-01,+9.750645e-01,-1.325009e+01,
+2.000000e+03,+9.434218e-01,-2.343170e-01,+9.720849e-01,-1.394828e+01,
+2.100000e+03,+9.373031e-01,-2.448768e-01,+9.687629e-01,-1.464165e+01,
+2.200000e+03,+9.310680e-01,-2.552375e-01,+9.654191e-01,-1.533012e+01,
+2.300000e+03,+9.246097e-01,-2.653647e-01,+9.619363e-01,-1.601358e+01,
+2.400000e+03,+9.180667e-01,-2.752940e-01,+9.584535e-01,-1.669203e+01,
+2.500000e+03,+9.111823e-01,-2.849345e-01,+9.546941e-01,-1.736491e+01,
+2.600000e+03,+9.042354e-01,-2.943717e-01,+9.509450e-01,-1.803254e+01,
+2.700000e+03,+8.971829e-01,-3.035855e-01,+9.471543e-01,-1.869460e+01,
+2.800000e+03,+8.897804e-01,-3.124841e-01,+9.430564e-01,-1.935089e+01,
+2.900000e+03,+8.824238e-01,-3.212000e-01,+9.390640e-01,-2.000138e+01,
+3.000000e+03,+8.747776e-01,-3.296077e-01,+9.348139e-01,-2.064592e+01,
+3.100000e+03,+8.671523e-01,-3.378212e-01,+9.306322e-01,-2.128466e+01,
+3.200000e+03,+8.593345e-01,-3.457522e-01,+9.262831e-01,-2.191733e+01,
+3.300000e+03,+8.514509e-01,-3.534467e-01,+9.218965e-01,-2.254388e+01,
+3.400000e+03,+8.435950e-01,-3.609439e-01,+9.175691e-01,-2.316433e+01,
+3.500000e+03,+8.355939e-01,-3.681669e-01,+9.131068e-01,-2.377853e+01,
+3.600000e+03,+8.275840e-01,-3.751750e-01,+9.086538e-01,-2.438658e+01,
+3.700000e+03,+8.193345e-01,-3.818571e-01,+9.039490e-01,-2.498823e+01,
+3.800000e+03,+8.111221e-01,-3.883395e-01,+8.992923e-01,-2.558362e+01,
+3.900000e+03,+8.028375e-01,-3.945714e-01,+8.945583e-01,-2.617278e+01,
+4.000000e+03,+7.945337e-01,-4.005725e-01,+8.897988e-01,-2.675544e+01,
+4.100000e+03,+7.862592e-01,-4.063681e-01,+8.850641e-01,-2.733161e+01,
+4.200000e+03,+7.778667e-01,-4.118829e-01,+8.801842e-01,-2.790136e+01,
+4.300000e+03,+7.695366e-01,-4.172121e-01,+8.753585e-01,-2.846479e+01,
+4.400000e+03,+7.612115e-01,-4.223241e-01,+8.705174e-01,-2.902174e+01,
+4.500000e+03,+7.528239e-01,-4.271819e-01,+8.655797e-01,-2.957228e+01,
+4.600000e+03,+7.444893e-01,-4.318515e-01,+8.606742e-01,-3.011648e+01,
+4.700000e+03,+7.360811e-01,-4.362589e-01,+8.556502e-01,-3.065428e+01,
+4.800000e+03,+7.277997e-01,-4.405248e-01,+8.507376e-01,-3.118581e+01,
+4.900000e+03,+7.195137e-01,-4.445723e-01,+8.457804e-01,-3.171104e+01,
+5.000000e+03,+7.111841e-01,-4.483770e-01,+8.407288e-01,-3.223001e+01,
+5.100000e+03,+7.029460e-01,-4.520237e-01,+8.357383e-01,-3.274271e+01,
+5.200000e+03,+6.947664e-01,-4.554944e-01,+8.307680e-01,-3.324916e+01,
+5.300000e+03,+6.865502e-01,-4.587242e-01,+8.256992e-01,-3.374919e+01,
+5.400000e+03,+6.784694e-01,-4.618350e-01,+8.207389e-01,-3.424316e+01,
+5.500000e+03,+6.703721e-01,-4.647249e-01,+8.157009e-01,-3.473102e+01,
+5.600000e+03,+6.624249e-01,-4.675111e-01,+8.107856e-01,-3.521280e+01,
+5.700000e+03,+6.544641e-01,-4.700852e-01,+8.057936e-01,-3.568874e+01,
+5.800000e+03,+6.466008e-01,-4.725256e-01,+8.008577e-01,-3.615874e+01,
+5.900000e+03,+6.387647e-01,-4.747776e-01,+7.958857e-01,-3.662249e+01,
+6.000000e+03,+6.309663e-01,-4.768535e-01,+7.908905e-01,-3.708020e+01,
+6.100000e+03,+6.233220e-01,-4.788504e-01,+7.860204e-01,-3.753230e+01,
+6.200000e+03,+6.156963e-01,-4.806641e-01,+7.811016e-01,-3.797858e+01,
+6.300000e+03,+6.080768e-01,-4.822890e-01,+7.761186e-01,-3.841927e+01,
+6.400000e+03,+6.004974e-01,-4.837503e-01,+7.711105e-01,-3.885431e+01,
+6.500000e+03,+5.930827e-01,-4.851518e-01,+7.662371e-01,-3.928375e+01,
+6.600000e+03,+5.857785e-01,-4.864541e-01,+7.614290e-01,-3.970761e+01,
+6.700000e+03,+5.784437e-01,-4.875431e-01,+7.565022e-01,-4.012597e+01,
+6.800000e+03,+5.713304e-01,-4.886349e-01,+7.517862e-01,-4.053898e+01,
+6.900000e+03,+5.641708e-01,-4.895056e-01,+7.469301e-01,-4.094670e+01,
+7.000000e+03,+5.571945e-01,-4.903547e-01,+7.422355e-01,-4.134914e+01,
+7.100000e+03,+5.501660e-01,-4.909763e-01,+7.373875e-01,-4.174619e+01,
+7.200000e+03,+5.433279e-01,-4.915924e-01,+7.327130e-01,-4.213818e+01,
+7.300000e+03,+5.366037e-01,-4.921365e-01,+7.281084e-01,-4.252493e+01,
+7.400000e+03,+5.299267e-01,-4.925503e-01,+7.234833e-01,-4.290650e+01,
+7.500000e+03,+5.232855e-01,-4.928298e-01,+7.188247e-01,-4.328320e+01,
+7.600000e+03,+5.167649e-01,-4.930584e-01,+7.142497e-01,-4.365517e+01,
+7.700000e+03,+5.103260e-01,-4.931984e-01,+7.097023e-01,-4.402220e+01,
+7.800000e+03,+5.039328e-01,-4.932196e-01,+7.051340e-01,-4.438445e+01,
+7.900000e+03,+4.976507e-01,-4.931896e-01,+7.006370e-01,-4.474203e+01,
+8.000000e+03,+4.914659e-01,-4.930988e-01,+6.961933e-01,-4.509502e+01,
+8.100000e+03,+4.853724e-01,-4.929427e-01,+6.917939e-01,-4.544335e+01,
+8.200000e+03,+4.792962e-01,-4.926503e-01,+6.873349e-01,-4.578716e+01,
+8.300000e+03,+4.733979e-01,-4.923920e-01,+6.830487e-01,-4.612668e+01,
+8.400000e+03,+4.675170e-01,-4.920000e-01,+6.787018e-01,-4.646164e+01,
+8.500000e+03,+4.617370e-01,-4.915684e-01,+6.744187e-01,-4.679235e+01,
+8.600000e+03,+4.559926e-01,-4.910317e-01,+6.701055e-01,-4.711893e+01,
+8.700000e+03,+4.504080e-01,-4.905221e-01,+6.659424e-01,-4.744117e+01,
+8.800000e+03,+4.448094e-01,-4.898549e-01,+6.616746e-01,-4.775919e+01,
+8.900000e+03,+4.393231e-01,-4.891748e-01,+6.574929e-01,-4.807330e+01,
+9.000000e+03,+4.339060e-01,-4.884361e-01,+6.533332e-01,-4.838346e+01,
+9.100000e+03,+4.285719e-01,-4.876541e-01,+6.492152e-01,-4.868956e+01,
+9.200000e+03,+4.233240e-01,-4.868368e-01,+6.451459e-01,-4.899174e+01,
+9.300000e+03,+4.181265e-01,-4.859460e-01,+6.410719e-01,-4.929004e+01,
+9.400000e+03,+4.130723e-01,-4.850976e-01,+6.371408e-01,-4.958480e+01,
+9.500000e+03,+4.080279e-01,-4.841327e-01,+6.331439e-01,-4.987575e+01,
+9.600000e+03,+4.030842e-01,-4.831621e-01,+6.292237e-01,-5.016302e+01,
+9.700000e+03,+3.982557e-01,-4.822111e-01,+6.254080e-01,-5.044687e+01,
+9.800000e+03,+3.934268e-01,-4.811373e-01,+6.215125e-01,-5.072707e+01,
+9.900000e+03,+3.887053e-01,-4.800772e-01,+6.177102e-01,-5.100386e+01,
+1.000000e+04,+3.840528e-01,-4.789857e-01,+6.139413e-01,-5.127721e+01,
+1.010000e+04,+3.793923e-01,-4.777679e-01,+6.100826e-01,-5.154715e+01,
+1.020000e+04,+3.749073e-01,-4.766557e-01,+6.064290e-01,-5.181364e+01,
+1.030000e+04,+3.704520e-01,-4.754656e-01,+6.027455e-01,-5.207659e+01,
+1.040000e+04,+3.660699e-01,-4.742613e-01,+5.991085e-01,-5.233639e+01,
+1.050000e+04,+3.617046e-01,-4.729706e-01,+5.954254e-01,-5.259302e+01,
+1.060000e+04,+3.574462e-01,-4.717140e-01,+5.918462e-01,-5.284659e+01,
+1.070000e+04,+3.532344e-01,-4.704163e-01,+5.882737e-01,-5.309720e+01,
+1.080000e+04,+3.491068e-01,-4.691264e-01,+5.847693e-01,-5.334472e+01,
+1.090000e+04,+3.450198e-01,-4.677877e-01,+5.812607e-01,-5.358913e+01,
+1.100000e+04,+3.409784e-01,-4.664093e-01,+5.777576e-01,-5.383054e+01,
+1.110000e+04,+3.370438e-01,-4.650807e-01,+5.743679e-01,-5.406917e+01,
+1.120000e+04,+3.331052e-01,-4.636486e-01,+5.709020e-01,-5.430489e+01,
+1.130000e+04,+3.292658e-01,-4.622589e-01,+5.675379e-01,-5.453783e+01,
+1.140000e+04,+3.255038e-01,-4.608830e-01,+5.642392e-01,-5.476792e+01,
+1.150000e+04,+3.217784e-01,-4.594666e-01,+5.609375e-01,-5.499528e+01,
+1.160000e+04,+3.180940e-01,-4.580204e-01,+5.576437e-01,-5.522011e+01,
+1.170000e+04,+3.144906e-01,-4.565981e-01,+5.544242e-01,-5.544214e+01,
+1.180000e+04,+3.109097e-01,-4.551209e-01,+5.511805e-01,-5.566159e+01,
+1.190000e+04,+3.073828e-01,-4.536329e-01,+5.479662e-01,-5.587833e+01,
+1.200000e+04,+3.039273e-01,-4.521648e-01,+5.448163e-01,-5.609256e+01,
+1.210000e+04,+3.005119e-01,-4.506731e-01,+5.416767e-01,-5.630437e+01,
+1.220000e+04,+2.971744e-01,-4.492160e-01,+5.386164e-01,-5.651376e+01,
+1.230000e+04,+2.938628e-01,-4.477134e-01,+5.355395e-01,-5.672055e+01,
+1.240000e+04,+2.905903e-01,-4.461898e-01,+5.324735e-01,-5.692499e+01,
+1.250000e+04,+2.873941e-01,-4.447035e-01,+5.294871e-01,-5.712703e+01,
+1.260000e+04,+2.842076e-01,-4.431557e-01,+5.264608e-01,-5.732686e+01,
+1.270000e+04,+2.811158e-01,-4.416766e-01,+5.235497e-01,-5.752429e+01,
+1.280000e+04,+2.780321e-01,-4.401360e-01,+5.205973e-01,-5.771956e+01,
+1.290000e+04,+2.750168e-01,-4.386301e-01,+5.177168e-01,-5.791269e+01,
+1.300000e+04,+2.720089e-01,-4.370590e-01,+5.147907e-01,-5.810344e+01,
+1.310000e+04,+2.690864e-01,-4.355579e-01,+5.119748e-01,-5.829235e+01,
+1.320000e+04,+2.661916e-01,-4.340266e-01,+5.091532e-01,-5.847891e+01,
+1.330000e+04,+2.633390e-01,-4.324945e-01,+5.063584e-01,-5.866343e+01,
+1.340000e+04,+2.605251e-01,-4.309613e-01,+5.035881e-01,-5.884616e+01,
+1.350000e+04,+2.577599e-01,-4.294302e-01,+5.008497e-01,-5.902625e+01,
+1.360000e+04,+2.550058e-01,-4.278698e-01,+4.980969e-01,-5.920551e+01,
+1.370000e+04,+2.523166e-01,-4.263431e-01,+4.954110e-01,-5.938228e+01,
+1.380000e+04,+2.496587e-01,-4.248041e-01,+4.927352e-01,-5.955711e+01,
+1.390000e+04,+2.470247e-01,-4.232432e-01,+4.900571e-01,-5.973014e+01,
+1.400000e+04,+2.443950e-01,-4.216249e-01,+4.873361e-01,-5.990125e+01,
+1.410000e+04,+2.418824e-01,-4.201444e-01,+4.847973e-01,-6.007042e+01,
+1.420000e+04,+2.393625e-01,-4.185894e-01,+4.821944e-01,-6.023772e+01,
+1.430000e+04,+2.368953e-01,-4.170685e-01,+4.796515e-01,-6.040338e+01,
+1.440000e+04,+2.344680e-01,-4.155587e-01,+4.771418e-01,-6.056728e+01,
+1.450000e+04,+2.320672e-01,-4.140401e-01,+4.746413e-01,-6.072962e+01,
+1.460000e+04,+2.297011e-01,-4.125247e-01,+4.721644e-01,-6.089016e+01,
+1.470000e+04,+2.273458e-01,-4.109710e-01,+4.696629e-01,-6.104899e+01,
+1.480000e+04,+2.250359e-01,-4.094445e-01,+4.672109e-01,-6.120624e+01,
+1.490000e+04,+2.227700e-01,-4.079397e-01,+4.648024e-01,-6.136168e+01,
+1.500000e+04,+2.205373e-01,-4.064421e-01,+4.624196e-01,-6.151554e+01,
+1.510000e+04,+2.183229e-01,-4.049221e-01,+4.600291e-01,-6.166766e+01,
+1.520000e+04,+2.161479e-01,-4.034197e-01,+4.576760e-01,-6.181807e+01,
+1.530000e+04,+2.140051e-01,-4.019257e-01,+4.553487e-01,-6.196696e+01,
+1.540000e+04,+2.118979e-01,-4.004474e-01,+4.530550e-01,-6.211432e+01,
+1.550000e+04,+2.098232e-01,-3.989803e-01,+4.507894e-01,-6.226018e+01,
+1.560000e+04,+2.077552e-01,-3.974754e-01,+4.484962e-01,-6.240452e+01,
+1.570000e+04,+2.057343e-01,-3.960107e-01,+4.462635e-01,-6.254736e+01,
+1.580000e+04,+2.037322e-01,-3.945351e-01,+4.440323e-01,-6.268882e+01,
+1.590000e+04,+2.017590e-01,-3.930668e-01,+4.418238e-01,-6.282882e+01,
+1.600000e+04,+1.998149e-01,-3.916103e-01,+4.396415e-01,-6.296753e+01,
+1.610000e+04,+1.978989e-01,-3.901615e-01,+4.374814e-01,-6.310482e+01,
+1.620000e+04,+1.960099e-01,-3.887228e-01,+4.353450e-01,-6.324090e+01,
+1.630000e+04,+1.941361e-01,-3.872690e-01,+4.332044e-01,-6.337561e+01,
+1.640000e+04,+1.922799e-01,-3.858067e-01,+4.310666e-01,-6.350907e+01,
+1.650000e+04,+1.904628e-01,-3.843787e-01,+4.289791e-01,-6.364121e+01,
+1.660000e+04,+1.886598e-01,-3.829346e-01,+4.268857e-01,-6.377198e+01,
+1.670000e+04,+1.868942e-01,-3.815240e-01,+4.248411e-01,-6.390151e+01,
+1.680000e+04,+1.851512e-01,-3.801154e-01,+4.228104e-01,-6.402964e+01,
+1.690000e+04,+1.834237e-01,-3.786966e-01,+4.207794e-01,-6.415652e+01,
+1.700000e+04,+1.817272e-01,-3.773016e-01,+4.187854e-01,-6.428221e+01,
+1.710000e+04,+1.800352e-01,-3.758748e-01,+4.167668e-01,-6.440667e+01,
+1.720000e+04,+1.783932e-01,-3.745160e-01,+4.148330e-01,-6.453014e+01,
+1.730000e+04,+1.767586e-01,-3.731290e-01,+4.128787e-01,-6.465215e+01,
+1.740000e+04,+1.751442e-01,-3.717493e-01,+4.109416e-01,-6.477322e+01,
+1.750000e+04,+1.735453e-01,-3.703644e-01,+4.090082e-01,-6.489314e+01,
+1.760000e+04,+1.719774e-01,-3.690058e-01,+4.071136e-01,-6.501183e+01,
+1.770000e+04,+1.704316e-01,-3.676571e-01,+4.052390e-01,-6.512939e+01,
+1.780000e+04,+1.689044e-01,-3.663128e-01,+4.033780e-01,-6.524588e+01,
+1.790000e+04,+1.673917e-01,-3.649634e-01,+4.015200e-01,-6.536128e+01,
+1.800000e+04,+1.659041e-01,-3.636348e-01,+3.996929e-01,-6.547571e+01,
+1.810000e+04,+1.644292e-01,-3.622974e-01,+3.978648e-01,-6.558900e+01,
+1.820000e+04,+1.629742e-01,-3.609712e-01,+3.960566e-01,-6.570139e+01,
+1.830000e+04,+1.615364e-01,-3.596469e-01,+3.942586e-01,-6.581263e+01,
+1.840000e+04,+1.601166e-01,-3.583302e-01,+3.924766e-01,-6.592297e+01,
+1.850000e+04,+1.587193e-01,-3.570319e-01,+3.907218e-01,-6.603236e+01,
+1.860000e+04,+1.573298e-01,-3.557152e-01,+3.889550e-01,-6.614060e+01,
+1.870000e+04,+1.559587e-01,-3.544099e-01,+3.872074e-01,-6.624802e+01,
+1.880000e+04,+1.546229e-01,-3.531512e-01,+3.855179e-01,-6.635438e+01,
+1.890000e+04,+1.532739e-01,-3.518285e-01,+3.837658e-01,-6.645968e+01,
+1.900000e+04,+1.519726e-01,-3.505858e-01,+3.821074e-01,-6.656414e+01,
+1.910000e+04,+1.506636e-01,-3.492920e-01,+3.804004e-01,-6.666753e+01,
+1.920000e+04,+1.493830e-01,-3.480341e-01,+3.787387e-01,-6.677004e+01,
+1.930000e+04,+1.481346e-01,-3.468226e-01,+3.771336e-01,-6.687173e+01,
+1.940000e+04,+1.468778e-01,-3.455626e-01,+3.754818e-01,-6.697257e+01,
+1.950000e+04,+1.456179e-01,-3.442658e-01,+3.737960e-01,-6.707254e+01,
+1.960000e+04,+1.444131e-01,-3.430702e-01,+3.722261e-01,-6.717167e+01,
+1.970000e+04,+1.432105e-01,-3.418518e-01,+3.706372e-01,-6.726993e+01,
+1.980000e+04,+1.420140e-01,-3.406181e-01,+3.690374e-01,-6.736726e+01,
+1.990000e+04,+1.408451e-01,-3.394253e-01,+3.674872e-01,-6.746391e+01,
+2.000000e+04,+1.396652e-01,-3.381754e-01,+3.658811e-01,-6.755956e+01,
+2.010000e+04,+1.385317e-01,-3.370112e-01,+3.643728e-01,-6.765441e+01,
+2.020000e+04,+1.373840e-01,-3.357876e-01,+3.628053e-01,-6.774858e+01,
+2.030000e+04,+1.362540e-01,-3.345788e-01,+3.612590e-01,-6.784185e+01,
+2.040000e+04,+1.351492e-01,-3.334063e-01,+3.597569e-01,-6.793439e+01,
+2.050000e+04,+1.340529e-01,-3.322287e-01,+3.582542e-01,-6.802612e+01,
+2.060000e+04,+1.329688e-01,-3.310569e-01,+3.567623e-01,-6.811716e+01,
+2.070000e+04,+1.319054e-01,-3.299097e-01,+3.553018e-01,-6.820734e+01,
+2.080000e+04,+1.308440e-01,-3.287448e-01,+3.538266e-01,-6.829690e+01,
+2.090000e+04,+1.297988e-01,-3.275943e-01,+3.523716e-01,-6.838563e+01,
+2.100000e+04,+1.287661e-01,-3.264489e-01,+3.509268e-01,-6.847350e+01,
+2.110000e+04,+1.277460e-01,-3.253114e-01,+3.494947e-01,-6.856063e+01,
+2.120000e+04,+1.267460e-01,-3.242037e-01,+3.480986e-01,-6.864720e+01,
+2.130000e+04,+1.257420e-01,-3.230601e-01,+3.466683e-01,-6.873292e+01,
+2.140000e+04,+1.247526e-01,-3.219335e-01,+3.452599e-01,-6.881813e+01,
+2.150000e+04,+1.237804e-01,-3.208255e-01,+3.438758e-01,-6.890245e+01,
+2.160000e+04,+1.228219e-01,-3.197321e-01,+3.425111e-01,-6.898621e+01,
+2.170000e+04,+1.218683e-01,-3.186279e-01,+3.411387e-01,-6.906922e+01,
+2.180000e+04,+1.209219e-01,-3.175206e-01,+3.397667e-01,-6.915157e+01,
+2.190000e+04,+1.199955e-01,-3.164427e-01,+3.384301e-01,-6.923321e+01,
+2.200000e+04,+1.190689e-01,-3.153426e-01,+3.370732e-01,-6.931417e+01,
+2.210000e+04,+1.181664e-01,-3.142889e-01,+3.357689e-01,-6.939474e+01,
+2.220000e+04,+1.172734e-01,-3.132347e-01,+3.344682e-01,-6.947437e+01,
+2.230000e+04,+1.163787e-01,-3.121583e-01,+3.331469e-01,-6.955355e+01,
+2.240000e+04,+1.154906e-01,-3.110777e-01,+3.318244e-01,-6.963206e+01,
+2.250000e+04,+1.146282e-01,-3.100456e-01,+3.305570e-01,-6.970994e+01,
+2.260000e+04,+1.137610e-01,-3.089834e-01,+3.292603e-01,-6.978738e+01,
+2.270000e+04,+1.129061e-01,-3.079311e-01,+3.279776e-01,-6.986401e+01,
+2.280000e+04,+1.120657e-01,-3.069005e-01,+3.267210e-01,-6.994018e+01,
+2.290000e+04,+1.112337e-01,-3.058723e-01,+3.254701e-01,-7.001567e+01,
+2.300000e+04,+1.104114e-01,-3.048520e-01,+3.242305e-01,-7.009061e+01,
+2.310000e+04,+1.095920e-01,-3.038220e-01,+3.229833e-01,-7.016505e+01,
+2.320000e+04,+1.087978e-01,-3.028417e-01,+3.217920e-01,-7.023885e+01,
+2.330000e+04,+1.080029e-01,-3.018390e-01,+3.205798e-01,-7.031196e+01,
+2.340000e+04,+1.072088e-01,-3.008215e-01,+3.193545e-01,-7.038461e+01,
+2.350000e+04,+1.064352e-01,-2.998459e-01,+3.181761e-01,-7.045685e+01,
+2.360000e+04,+1.056637e-01,-2.988563e-01,+3.169857e-01,-7.052842e+01,
+2.370000e+04,+1.048989e-01,-2.978691e-01,+3.158002e-01,-7.059955e+01,
+2.380000e+04,+1.041465e-01,-2.968984e-01,+3.146349e-01,-7.067007e+01,
+2.390000e+04,+1.033916e-01,-2.959071e-01,+3.134499e-01,-7.074030e+01,
+2.400000e+04,+1.026496e-01,-2.949323e-01,+3.122851e-01,-7.080982e+01,
+2.410000e+04,+1.019116e-01,-2.939544e-01,+3.111192e-01,-7.087897e+01,
+2.420000e+04,+1.011844e-01,-2.929873e-01,+3.099675e-01,-7.094743e+01,
+2.430000e+04,+1.004752e-01,-2.920547e-01,+3.088547e-01,-7.101532e+01,
+2.440000e+04,+9.976032e-02,-2.910927e-01,+3.077126e-01,-7.108290e+01,
+2.450000e+04,+9.906056e-02,-2.901575e-01,+3.066013e-01,-7.114995e+01,
+2.460000e+04,+9.835928e-02,-2.891994e-01,+3.054682e-01,-7.121637e+01,
+2.470000e+04,+9.767981e-02,-2.882906e-01,+3.043893e-01,-7.128238e+01,
+2.480000e+04,+9.700289e-02,-2.873765e-01,+3.033065e-01,-7.134807e+01,
+2.490000e+04,+9.633192e-02,-2.864611e-01,+3.022248e-01,-7.141309e+01,
+2.500000e+04,+9.566306e-02,-2.855377e-01,+3.011365e-01,-7.147771e+01,
+2.510000e+04,+9.500673e-02,-2.846389e-01,+3.000760e-01,-7.154203e+01,
+2.520000e+04,+9.435789e-02,-2.837443e-01,+2.990221e-01,-7.160568e+01,
+2.530000e+04,+9.370700e-02,-2.828297e-01,+2.979491e-01,-7.166895e+01,
+2.540000e+04,+9.306127e-02,-2.819161e-01,+2.968789e-01,-7.173180e+01,
+2.550000e+04,+9.244192e-02,-2.810663e-01,+2.958780e-01,-7.179411e+01,
+2.560000e+04,+9.181843e-02,-2.801883e-01,+2.948493e-01,-7.185589e+01,
+2.570000e+04,+9.119754e-02,-2.793064e-01,+2.938181e-01,-7.191740e+01,
+2.580000e+04,+9.058829e-02,-2.784457e-01,+2.928109e-01,-7.197844e+01,
+2.590000e+04,+8.997745e-02,-2.775690e-01,+2.917885e-01,-7.203925e+01,
+2.600000e+04,+8.937766e-02,-2.767041e-01,+2.907809e-01,-7.209912e+01,
+2.610000e+04,+8.877477e-02,-2.758240e-01,+2.897582e-01,-7.215907e+01,
+2.620000e+04,+8.818910e-02,-2.749778e-01,+2.887735e-01,-7.221824e+01,
+2.630000e+04,+8.760124e-02,-2.741148e-01,+2.877723e-01,-7.227722e+01,
+2.640000e+04,+8.702040e-02,-2.732598e-01,+2.867813e-01,-7.233576e+01,
+2.650000e+04,+8.645020e-02,-2.724251e-01,+2.858130e-01,-7.239391e+01,
+2.660000e+04,+8.587827e-02,-2.715777e-01,+2.848325e-01,-7.245200e+01,
+2.670000e+04,+8.531735e-02,-2.707425e-01,+2.838671e-01,-7.250912e+01,
+2.680000e+04,+8.475272e-02,-2.698870e-01,+2.828816e-01,-7.256612e+01,
+2.690000e+04,+8.420786e-02,-2.690848e-01,+2.819532e-01,-7.262291e+01,
+2.700000e+04,+8.365978e-02,-2.682573e-01,+2.809999e-01,-7.267918e+01,
+2.710000e+04,+8.312634e-02,-2.674622e-01,+2.800822e-01,-7.273492e+01,
+2.720000e+04,+8.258940e-02,-2.666338e-01,+2.791319e-01,-7.278971e+01,
+2.730000e+04,+8.205555e-02,-2.658197e-01,+2.781963e-01,-7.284513e+01,
+2.740000e+04,+8.153526e-02,-2.650311e-01,+2.772895e-01,-7.289979e+01,
+2.750000e+04,+8.101499e-02,-2.642386e-01,+2.763792e-01,-7.295457e+01,
+2.760000e+04,+8.049563e-02,-2.634294e-01,+2.754534e-01,-7.300851e+01,
+2.770000e+04,+7.998617e-02,-2.626433e-01,+2.745529e-01,-7.306226e+01,
+2.780000e+04,+7.948054e-02,-2.618563e-01,+2.736529e-01,-7.311552e+01,
+2.790000e+04,+7.897985e-02,-2.610765e-01,+2.727613e-01,-7.316858e+01,
+2.800000e+04,+7.848923e-02,-2.603161e-01,+2.718916e-01,-7.322114e+01,
+2.810000e+04,+7.800020e-02,-2.595518e-01,+2.710188e-01,-7.327348e+01,
+2.820000e+04,+7.751190e-02,-2.587731e-01,+2.701326e-01,-7.332513e+01,
+2.830000e+04,+7.703088e-02,-2.580149e-01,+2.692683e-01,-7.337689e+01,
+2.840000e+04,+7.655247e-02,-2.572535e-01,+2.684020e-01,-7.342825e+01,
+2.850000e+04,+7.608206e-02,-2.565058e-01,+2.675513e-01,-7.347914e+01,
+2.860000e+04,+7.560788e-02,-2.557322e-01,+2.666749e-01,-7.352955e+01,
+2.870000e+04,+7.514524e-02,-2.549947e-01,+2.658367e-01,-7.358010e+01,
+2.880000e+04,+7.468215e-02,-2.542422e-01,+2.649840e-01,-7.363015e+01,
+2.890000e+04,+7.421990e-02,-2.534791e-01,+2.641217e-01,-7.367971e+01,
+2.900000e+04,+7.377412e-02,-2.527621e-01,+2.633084e-01,-7.372897e+01,
+2.910000e+04,+7.332125e-02,-2.520127e-01,+2.624622e-01,-7.377803e+01,
+2.920000e+04,+7.288179e-02,-2.512951e-01,+2.616505e-01,-7.382652e+01,
+2.930000e+04,+7.243943e-02,-2.505629e-01,+2.608242e-01,-7.387506e+01,
+2.940000e+04,+7.200957e-02,-2.498624e-01,+2.600319e-01,-7.392318e+01,
+2.950000e+04,+7.157958e-02,-2.491485e-01,+2.592269e-01,-7.397080e+01,
+2.960000e+04,+7.114771e-02,-2.484215e-01,+2.584090e-01,-7.401833e+01,
+2.970000e+04,+7.072292e-02,-2.477062e-01,+2.576046e-01,-7.406535e+01,
+2.980000e+04,+7.030966e-02,-2.470254e-01,+2.568365e-01,-7.411230e+01,
+2.990000e+04,+6.989442e-02,-2.463264e-01,+2.560506e-01,-7.415885e+01,
+3.000000e+04,+6.947757e-02,-2.456153e-01,+2.552528e-01,-7.420530e+01,
+3.010000e+04,+6.907555e-02,-2.449432e-01,+2.544968e-01,-7.425120e+01,
+3.020000e+04,+6.866705e-02,-2.442409e-01,+2.537100e-01,-7.429694e+01,
+3.030000e+04,+6.826229e-02,-2.435423e-01,+2.529280e-01,-7.434238e+01,
+3.040000e+04,+6.786183e-02,-2.428533e-01,+2.521566e-01,-7.438775e+01,
+3.050000e+04,+6.746614e-02,-2.421694e-01,+2.513916e-01,-7.443266e+01,
+3.060000e+04,+6.707463e-02,-2.414952e-01,+2.506371e-01,-7.447751e+01,
+3.070000e+04,+6.668415e-02,-2.408133e-01,+2.498756e-01,-7.452193e+01,
+3.080000e+04,+6.630500e-02,-2.401658e-01,+2.491504e-01,-7.456622e+01,
+3.090000e+04,+6.591498e-02,-2.394685e-01,+2.483746e-01,-7.461015e+01,
+3.100000e+04,+6.554462e-02,-2.388349e-01,+2.476655e-01,-7.465385e+01,
+3.110000e+04,+6.516489e-02,-2.381572e-01,+2.469116e-01,-7.469721e+01,
+3.120000e+04,+6.478787e-02,-2.374810e-01,+2.461599e-01,-7.474031e+01,
+3.130000e+04,+6.441903e-02,-2.368308e-01,+2.454356e-01,-7.478342e+01,
+3.140000e+04,+6.405560e-02,-2.361864e-01,+2.447185e-01,-7.482594e+01,
+3.150000e+04,+6.368858e-02,-2.355220e-01,+2.439813e-01,-7.486828e+01,
+3.160000e+04,+6.334018e-02,-2.349186e-01,+2.433079e-01,-7.491039e+01,
+3.170000e+04,+6.297801e-02,-2.342540e-01,+2.425720e-01,-7.495212e+01,
+3.180000e+04,+6.262400e-02,-2.336127e-01,+2.418608e-01,-7.499366e+01,
+3.190000e+04,+6.227909e-02,-2.329991e-01,+2.411789e-01,-7.503507e+01,
+3.200000e+04,+6.192717e-02,-2.323506e-01,+2.404616e-01,-7.507617e+01,
+3.210000e+04,+6.158016e-02,-2.317134e-01,+2.397566e-01,-7.511709e+01,
+3.220000e+04,+6.124110e-02,-2.310945e-01,+2.390714e-01,-7.515752e+01,
+3.230000e+04,+6.089190e-02,-2.304326e-01,+2.383422e-01,-7.519791e+01,
+3.240000e+04,+6.055705e-02,-2.298183e-01,+2.376628e-01,-7.523812e+01,
+3.250000e+04,+6.022226e-02,-2.291939e-01,+2.369738e-01,-7.527793e+01,
+3.260000e+04,+5.989682e-02,-2.285979e-01,+2.363147e-01,-7.531752e+01,
+3.270000e+04,+5.957272e-02,-2.280014e-01,+2.356555e-01,-7.535699e+01,
+3.280000e+04,+5.925168e-02,-2.274090e-01,+2.350013e-01,-7.539620e+01,
+3.290000e+04,+5.892474e-02,-2.267887e-01,+2.343186e-01,-7.543532e+01,
+3.300000e+04,+5.860355e-02,-2.261801e-01,+2.336489e-01,-7.547402e+01,
+3.310000e+04,+5.829160e-02,-2.256002e-01,+2.330094e-01,-7.551251e+01,
+3.320000e+04,+5.796992e-02,-2.249777e-01,+2.323263e-01,-7.555092e+01,
+3.330000e+04,+5.765722e-02,-2.243814e-01,+2.316709e-01,-7.558901e+01,
+3.340000e+04,+5.735718e-02,-2.238287e-01,+2.310609e-01,-7.562696e+01,
+3.350000e+04,+5.705151e-02,-2.232478e-01,+2.304224e-01,-7.566473e+01,
+3.360000e+04,+5.674478e-02,-2.226553e-01,+2.297724e-01,-7.570226e+01,
+3.370000e+04,+5.644133e-02,-2.220708e-01,+2.291311e-01,-7.573969e+01,
+3.380000e+04,+5.614265e-02,-2.214952e-01,+2.284997e-01,-7.577672e+01,
+3.390000e+04,+5.584384e-02,-2.209127e-01,+2.278617e-01,-7.581357e+01,
+3.400000e+04,+5.553936e-02,-2.203044e-01,+2.271974e-01,-7.585041e+01,
+3.410000e+04,+5.525286e-02,-2.197573e-01,+2.265969e-01,-7.588684e+01,
+3.420000e+04,+5.496166e-02,-2.191879e-01,+2.259737e-01,-7.592324e+01,
+3.430000e+04,+5.467982e-02,-2.186463e-01,+2.253799e-01,-7.595925e+01,
+3.440000e+04,+5.439321e-02,-2.180812e-01,+2.247622e-01,-7.599519e+01,
+3.450000e+04,+5.411101e-02,-2.175260e-01,+2.241552e-01,-7.603082e+01,
+3.460000e+04,+5.383045e-02,-2.169736e-01,+2.235515e-01,-7.606643e+01,
+3.470000e+04,+5.355464e-02,-2.164322e-01,+2.229597e-01,-7.610172e+01,
+3.480000e+04,+5.327617e-02,-2.158731e-01,+2.223500e-01,-7.613677e+01,
+3.490000e+04,+5.299772e-02,-2.153089e-01,+2.217357e-01,-7.617169e+01,
+3.500000e+04,+5.272553e-02,-2.147662e-01,+2.211436e-01,-7.620657e+01,
+3.510000e+04,+5.245694e-02,-2.142304e-01,+2.205593e-01,-7.624114e+01,
+3.520000e+04,+5.218745e-02,-2.136809e-01,+2.199615e-01,-7.627528e+01,
+3.530000e+04,+5.192239e-02,-2.131488e-01,+2.193818e-01,-7.630956e+01,
+3.540000e+04,+5.165584e-02,-2.126027e-01,+2.187881e-01,-7.634353e+01,
+3.550000e+04,+5.139798e-02,-2.120879e-01,+2.182270e-01,-7.637740e+01,
+3.560000e+04,+5.113783e-02,-2.115566e-01,+2.176494e-01,-7.641102e+01,
+3.570000e+04,+5.088120e-02,-2.110324e-01,+2.170797e-01,-7.644436e+01,
+3.580000e+04,+5.062246e-02,-2.104962e-01,+2.164977e-01,-7.647766e+01,
+3.590000e+04,+5.037160e-02,-2.099902e-01,+2.159471e-01,-7.651099e+01,
+3.600000e+04,+5.011341e-02,-2.094441e-01,+2.153559e-01,-7.654388e+01,
+3.610000e+04,+4.986527e-02,-2.089368e-01,+2.148049e-01,-7.657677e+01,
+3.620000e+04,+4.961869e-02,-2.084289e-01,+2.142536e-01,-7.660938e+01,
+3.630000e+04,+4.937822e-02,-2.079422e-01,+2.137245e-01,-7.664188e+01,
+3.640000e+04,+4.913578e-02,-2.074412e-01,+2.131811e-01,-7.667416e+01,
+3.650000e+04,+4.889416e-02,-2.069377e-01,+2.126354e-01,-7.670625e+01,
+3.660000e+04,+4.865196e-02,-2.064255e-01,+2.120813e-01,-7.673811e+01,
+3.670000e+04,+4.841639e-02,-2.059355e-01,+2.115504e-01,-7.676976e+01,
+3.680000e+04,+4.817682e-02,-2.054288e-01,+2.110023e-01,-7.680160e+01,
+3.690000e+04,+4.794466e-02,-2.049417e-01,+2.104752e-01,-7.683286e+01,
+3.700000e+04,+4.770719e-02,-2.044280e-01,+2.099209e-01,-7.686403e+01,
+3.710000e+04,+4.747644e-02,-2.039414e-01,+2.093947e-01,-7.689526e+01,
+3.720000e+04,+4.724596e-02,-2.034475e-01,+2.088613e-01,-7.692612e+01,
+3.730000e+04,+4.702192e-02,-2.029804e-01,+2.083558e-01,-7.695707e+01,
+3.740000e+04,+4.679053e-02,-2.024749e-01,+2.078111e-01,-7.698777e+01,
+3.750000e+04,+4.656705e-02,-2.019980e-01,+2.072962e-01,-7.701827e+01,
+3.760000e+04,+4.634588e-02,-2.015274e-01,+2.067878e-01,-7.704869e+01,
+3.770000e+04,+4.612109e-02,-2.010300e-01,+2.062528e-01,-7.707859e+01,
+3.780000e+04,+4.589941e-02,-2.005473e-01,+2.057328e-01,-7.710870e+01,
+3.790000e+04,+4.568485e-02,-2.000912e-01,+2.052404e-01,-7.713868e+01,
+3.800000e+04,+4.547062e-02,-1.996280e-01,+2.047411e-01,-7.716827e+01,
+3.810000e+04,+4.525308e-02,-1.991479e-01,+2.042247e-01,-7.719786e+01,
+3.820000e+04,+4.503876e-02,-1.986770e-01,+2.037181e-01,-7.722730e+01,
+3.830000e+04,+4.482426e-02,-1.982001e-01,+2.032055e-01,-7.725655e+01,
+3.840000e+04,+4.461187e-02,-1.977294e-01,+2.026996e-01,-7.728576e+01,
+3.850000e+04,+4.440329e-02,-1.972678e-01,+2.022034e-01,-7.731462e+01,
+3.860000e+04,+4.419422e-02,-1.968028e-01,+2.017039e-01,-7.734356e+01,
+3.870000e+04,+4.398733e-02,-1.963399e-01,+2.012069e-01,-7.737215e+01,
+3.880000e+04,+4.378176e-02,-1.958843e-01,+2.007174e-01,-7.740099e+01,
+3.890000e+04,+4.357791e-02,-1.954276e-01,+2.002273e-01,-7.742941e+01,
+3.900000e+04,+4.337399e-02,-1.949696e-01,+1.997360e-01,-7.745790e+01,
+3.910000e+04,+4.317428e-02,-1.945220e-01,+1.992557e-01,-7.748602e+01,
+3.920000e+04,+4.297214e-02,-1.940602e-01,+1.987611e-01,-7.751406e+01,
+3.930000e+04,+4.277507e-02,-1.936162e-01,+1.982850e-01,-7.754192e+01,
+3.940000e+04,+4.258459e-02,-1.931973e-01,+1.978349e-01,-7.756961e+01,
+3.950000e+04,+4.239171e-02,-1.927657e-01,+1.973719e-01,-7.759732e+01,
+3.960000e+04,+4.219329e-02,-1.923037e-01,+1.968781e-01,-7.762483e+01,
+3.970000e+04,+4.200059e-02,-1.918636e-01,+1.964069e-01,-7.765223e+01,
+3.980000e+04,+4.180818e-02,-1.914179e-01,+1.959305e-01,-7.767933e+01,
+3.990000e+04,+4.162522e-02,-1.910143e-01,+1.954971e-01,-7.770647e+01,
+4.000000e+04,+4.143413e-02,-1.905693e-01,+1.950216e-01,-7.773349e+01,
+4.010000e+04,+4.124844e-02,-1.901442e-01,+1.945668e-01,-7.776033e+01,
+4.020000e+04,+4.106076e-02,-1.897083e-01,+1.941011e-01,-7.778719e+01,
+4.030000e+04,+4.087341e-02,-1.892670e-01,+1.936301e-01,-7.781375e+01,
+4.040000e+04,+4.069062e-02,-1.888448e-01,+1.931788e-01,-7.784031e+01,
+4.050000e+04,+4.051018e-02,-1.884282e-01,+1.927336e-01,-7.786666e+01,
+4.060000e+04,+4.032939e-02,-1.880011e-01,+1.922781e-01,-7.789257e+01,
+4.070000e+04,+4.014967e-02,-1.875853e-01,+1.918339e-01,-7.791901e+01,
+4.080000e+04,+3.996865e-02,-1.871555e-01,+1.913758e-01,-7.794508e+01,
+4.090000e+04,+3.979437e-02,-1.867459e-01,+1.909388e-01,-7.797056e+01,
+4.100000e+04,+3.961748e-02,-1.863289e-01,+1.904941e-01,-7.799645e+01,
+4.110000e+04,+3.944365e-02,-1.859218e-01,+1.900598e-01,-7.802219e+01,
+4.120000e+04,+3.926916e-02,-1.855055e-01,+1.896164e-01,-7.804766e+01,
+4.130000e+04,+3.910121e-02,-1.851178e-01,+1.892023e-01,-7.807310e+01,
+4.140000e+04,+3.892694e-02,-1.846967e-01,+1.887543e-01,-7.809844e+01,
+4.150000e+04,+3.875701e-02,-1.842922e-01,+1.883235e-01,-7.812365e+01,
+4.160000e+04,+3.858713e-02,-1.838835e-01,+1.878886e-01,-7.814869e+01,
+4.170000e+04,+3.841576e-02,-1.834670e-01,+1.874458e-01,-7.817381e+01,
+4.180000e+04,+3.825054e-02,-1.830728e-01,+1.870261e-01,-7.819861e+01,
+4.190000e+04,+3.807971e-02,-1.826551e-01,+1.865823e-01,-7.822372e+01,
+4.200000e+04,+3.791466e-02,-1.822558e-01,+1.861578e-01,-7.824837e+01,
+4.210000e+04,+3.775430e-02,-1.818739e-01,+1.857512e-01,-7.827280e+01,
+4.220000e+04,+3.758953e-02,-1.814690e-01,+1.853212e-01,-7.829724e+01,
+4.230000e+04,+3.743015e-02,-1.810880e-01,+1.849158e-01,-7.832165e+01,
+4.240000e+04,+3.726867e-02,-1.806935e-01,+1.844968e-01,-7.834596e+01,
+4.250000e+04,+3.711131e-02,-1.803124e-01,+1.840918e-01,-7.836996e+01,
+4.260000e+04,+3.695269e-02,-1.799218e-01,+1.836773e-01,-7.839387e+01,
+4.270000e+04,+3.679622e-02,-1.795383e-01,+1.832702e-01,-7.841766e+01,
+4.280000e+04,+3.664297e-02,-1.791660e-01,+1.828747e-01,-7.844128e+01,
+4.290000e+04,+3.648720e-02,-1.787831e-01,+1.824684e-01,-7.846511e+01,
+4.300000e+04,+3.633166e-02,-1.783986e-01,+1.820605e-01,-7.848888e+01,
+4.310000e+04,+3.617907e-02,-1.780148e-01,+1.816540e-01,-7.851188e+01,
+4.320000e+04,+3.602909e-02,-1.776457e-01,+1.812625e-01,-7.853510e+01,
+4.330000e+04,+3.587868e-02,-1.772751e-01,+1.808694e-01,-7.855846e+01,
+4.340000e+04,+3.572906e-02,-1.769013e-01,+1.804734e-01,-7.858148e+01,
+4.350000e+04,+3.557960e-02,-1.765262e-01,+1.800762e-01,-7.860446e+01,
+4.360000e+04,+3.543065e-02,-1.761542e-01,+1.796821e-01,-7.862759e+01,
+4.370000e+04,+3.528456e-02,-1.757884e-01,+1.792946e-01,-7.865030e+01,
+4.380000e+04,+3.513577e-02,-1.754072e-01,+1.788916e-01,-7.867300e+01,
+4.390000e+04,+3.498633e-02,-1.750167e-01,+1.784794e-01,-7.869542e+01,
+4.400000e+04,+3.484404e-02,-1.746624e-01,+1.781041e-01,-7.871796e+01,
+4.410000e+04,+3.470011e-02,-1.742967e-01,+1.777173e-01,-7.874040e+01,
+4.420000e+04,+3.455788e-02,-1.739351e-01,+1.773349e-01,-7.876266e+01,
+4.430000e+04,+3.441664e-02,-1.735753e-01,+1.769545e-01,-7.878481e+01,
+4.440000e+04,+3.427325e-02,-1.732042e-01,+1.765625e-01,-7.880703e+01,
+4.450000e+04,+3.413254e-02,-1.728425e-01,+1.761805e-01,-7.882909e+01,
+4.460000e+04,+3.399763e-02,-1.725031e-01,+1.758214e-01,-7.885079e+01,
+4.470000e+04,+3.385989e-02,-1.721515e-01,+1.754498e-01,-7.887272e+01,
+4.480000e+04,+3.371843e-02,-1.717777e-01,+1.750557e-01,-7.889453e+01,
+4.490000e+04,+3.358231e-02,-1.714258e-01,+1.746842e-01,-7.891612e+01,
+4.500000e+04,+3.344676e-02,-1.710771e-01,+1.743160e-01,-7.893781e+01,
+4.510000e+04,+3.331267e-02,-1.707304e-01,+1.739500e-01,-7.895924e+01,
+4.520000e+04,+3.317771e-02,-1.703776e-01,+1.735779e-01,-7.898067e+01,
+4.530000e+04,+3.304341e-02,-1.700248e-01,+1.732059e-01,-7.900196e+01,
+4.540000e+04,+3.291098e-02,-1.696791e-01,+1.728413e-01,-7.902319e+01,
+4.550000e+04,+3.278269e-02,-1.693507e-01,+1.724945e-01,-7.904426e+01,
+4.560000e+04,+3.264801e-02,-1.689875e-01,+1.721123e-01,-7.906530e+01,
+4.570000e+04,+3.251938e-02,-1.686534e-01,+1.717599e-01,-7.908629e+01,
+4.580000e+04,+3.238732e-02,-1.682986e-01,+1.713866e-01,-7.910718e+01,
+4.590000e+04,+3.225977e-02,-1.679634e-01,+1.710334e-01,-7.912792e+01,
+4.600000e+04,+3.213218e-02,-1.676240e-01,+1.706760e-01,-7.914850e+01,
+4.610000e+04,+3.200643e-02,-1.672936e-01,+1.703278e-01,-7.916911e+01,
+4.620000e+04,+3.188156e-02,-1.669652e-01,+1.699818e-01,-7.918964e+01,
+4.630000e+04,+3.175563e-02,-1.666264e-01,+1.696254e-01,-7.920997e+01,
+4.640000e+04,+3.163201e-02,-1.662982e-01,+1.692798e-01,-7.923026e+01,
+4.650000e+04,+3.150709e-02,-1.659607e-01,+1.689249e-01,-7.925050e+01,
+4.660000e+04,+3.138556e-02,-1.656384e-01,+1.685857e-01,-7.927065e+01,
+4.670000e+04,+3.126065e-02,-1.652950e-01,+1.682250e-01,-7.929067e+01,
+4.680000e+04,+3.114098e-02,-1.649778e-01,+1.678912e-01,-7.931069e+01,
+4.690000e+04,+3.102124e-02,-1.646587e-01,+1.675553e-01,-7.933068e+01,
+4.700000e+04,+3.089936e-02,-1.643229e-01,+1.672028e-01,-7.935043e+01,
+4.710000e+04,+3.078381e-02,-1.640201e-01,+1.668839e-01,-7.937020e+01,
+4.720000e+04,+3.066180e-02,-1.636800e-01,+1.665271e-01,-7.938987e+01,
+4.730000e+04,+3.054451e-02,-1.633600e-01,+1.661911e-01,-7.940932e+01,
+4.740000e+04,+3.042674e-02,-1.630365e-01,+1.658514e-01,-7.942876e+01,
+4.750000e+04,+3.030965e-02,-1.627178e-01,+1.655166e-01,-7.944836e+01,
+4.760000e+04,+3.019270e-02,-1.623954e-01,+1.651783e-01,-7.946777e+01,
+4.770000e+04,+3.007576e-02,-1.620701e-01,+1.648371e-01,-7.948706e+01,
+4.780000e+04,+2.996652e-02,-1.617814e-01,+1.645334e-01,-7.950613e+01,
+4.790000e+04,+2.985019e-02,-1.614552e-01,+1.641914e-01,-7.952531e+01,
+4.800000e+04,+2.973773e-02,-1.611448e-01,+1.638658e-01,-7.954424e+01,
+4.810000e+04,+2.962532e-02,-1.608381e-01,+1.635437e-01,-7.956347e+01,
+4.820000e+04,+2.951126e-02,-1.605159e-01,+1.632062e-01,-7.958235e+01,
+4.830000e+04,+2.940143e-02,-1.602130e-01,+1.628885e-01,-7.960109e+01,
+4.840000e+04,+2.929102e-02,-1.599042e-01,+1.625648e-01,-7.961972e+01,
+4.850000e+04,+2.917989e-02,-1.595889e-01,+1.622346e-01,-7.963826e+01,
+4.860000e+04,+2.906873e-02,-1.592737e-01,+1.619046e-01,-7.965689e+01,
+4.870000e+04,+2.896033e-02,-1.589707e-01,+1.615871e-01,-7.967542e+01,
+4.880000e+04,+2.884982e-02,-1.586531e-01,+1.612548e-01,-7.969382e+01,
+4.890000e+04,+2.874196e-02,-1.583509e-01,+1.609382e-01,-7.971235e+01,
+4.900000e+04,+2.863644e-02,-1.580576e-01,+1.606308e-01,-7.973070e+01,
+4.910000e+04,+2.853073e-02,-1.577598e-01,+1.603189e-01,-7.974890e+01,
+4.920000e+04,+2.842488e-02,-1.574589e-01,+1.600040e-01,-7.976702e+01,
+4.930000e+04,+2.831956e-02,-1.571565e-01,+1.596877e-01,-7.978494e+01,
+4.940000e+04,+2.821260e-02,-1.568471e-01,+1.593642e-01,-7.980305e+01,
+4.950000e+04,+2.811222e-02,-1.565709e-01,+1.590747e-01,-7.982103e+01,
+4.960000e+04,+2.800913e-02,-1.562770e-01,+1.587672e-01,-7.983891e+01,
+4.970000e+04,+2.790561e-02,-1.559785e-01,+1.584551e-01,-7.985670e+01,
+4.980000e+04,+2.780346e-02,-1.556875e-01,+1.581506e-01,-7.987457e+01,
+4.990000e+04,+2.770177e-02,-1.553946e-01,+1.578444e-01,-7.989221e+01,
+5.000000e+04,+2.760110e-02,-1.551089e-01,+1.575455e-01,-7.991002e+01,
+5.010000e+04,+2.749958e-02,-1.548090e-01,+1.572325e-01,-7.992730e+01,
+5.020000e+04,+2.740020e-02,-1.545224e-01,+1.569330e-01,-7.994472e+01,
+5.030000e+04,+2.730047e-02,-1.542328e-01,+1.566304e-01,-7.996214e+01,
+5.040000e+04,+2.720238e-02,-1.539486e-01,+1.563334e-01,-7.997939e+01,
+5.050000e+04,+2.710274e-02,-1.536575e-01,+1.560294e-01,-7.999682e+01,
+5.060000e+04,+2.700421e-02,-1.533687e-01,+1.557279e-01,-8.001407e+01,
+5.070000e+04,+2.690855e-02,-1.530926e-01,+1.554394e-01,-8.003114e+01,
+5.080000e+04,+2.681275e-02,-1.528133e-01,+1.551477e-01,-8.004813e+01,
+5.090000e+04,+2.671666e-02,-1.525320e-01,+1.548541e-01,-8.006516e+01,
+5.100000e+04,+2.662242e-02,-1.522569e-01,+1.545669e-01,-8.008198e+01,
+5.110000e+04,+2.652805e-02,-1.519797e-01,+1.542775e-01,-8.009876e+01,
+5.120000e+04,+2.643545e-02,-1.517111e-01,+1.539971e-01,-8.011553e+01,
+5.130000e+04,+2.634215e-02,-1.514362e-01,+1.537102e-01,-8.013220e+01,
+5.140000e+04,+2.624679e-02,-1.511484e-01,+1.534103e-01,-8.014886e+01,
+5.150000e+04,+2.615295e-02,-1.508659e-01,+1.531160e-01,-8.016537e+01,
+5.160000e+04,+2.606068e-02,-1.505903e-01,+1.528287e-01,-8.018181e+01,
+5.170000e+04,+2.597049e-02,-1.503275e-01,+1.525543e-01,-8.019836e+01,
+5.180000e+04,+2.587770e-02,-1.500459e-01,+1.522610e-01,-8.021473e+01,
+5.190000e+04,+2.578861e-02,-1.497844e-01,+1.519882e-01,-8.023106e+01,
+5.200000e+04,+2.569968e-02,-1.495224e-01,+1.517149e-01,-8.024737e+01,
+5.210000e+04,+2.560720e-02,-1.492370e-01,+1.514180e-01,-8.026357e+01,
+5.220000e+04,+2.552159e-02,-1.489886e-01,+1.511587e-01,-8.027963e+01,
+5.230000e+04,+2.542964e-02,-1.487010e-01,+1.508597e-01,-8.029561e+01,
+5.240000e+04,+2.534274e-02,-1.484416e-01,+1.505894e-01,-8.031157e+01,
+5.250000e+04,+2.525473e-02,-1.481776e-01,+1.503143e-01,-8.032769e+01,
+5.260000e+04,+2.516806e-02,-1.479153e-01,+1.500412e-01,-8.034349e+01,
+5.270000e+04,+2.508174e-02,-1.476532e-01,+1.497684e-01,-8.035923e+01,
+5.280000e+04,+2.499453e-02,-1.473883e-01,+1.494926e-01,-8.037518e+01,
+5.290000e+04,+2.491019e-02,-1.471362e-01,+1.492300e-01,-8.039093e+01,
+5.300000e+04,+2.482379e-02,-1.468702e-01,+1.489532e-01,-8.040661e+01,
+5.310000e+04,+2.473584e-02,-1.465892e-01,+1.486616e-01,-8.042198e+01,
+5.320000e+04,+2.465122e-02,-1.463321e-01,+1.483939e-01,-8.043768e+01,
+5.330000e+04,+2.456792e-02,-1.460776e-01,+1.481291e-01,-8.045310e+01,
+5.340000e+04,+2.448246e-02,-1.458096e-01,+1.478507e-01,-8.046854e+01,
+5.350000e+04,+2.439831e-02,-1.455473e-01,+1.475780e-01,-8.048389e+01,
+5.360000e+04,+2.431596e-02,-1.452960e-01,+1.473167e-01,-8.049932e+01,
+5.370000e+04,+2.423250e-02,-1.450372e-01,+1.470477e-01,-8.051476e+01,
+5.380000e+04,+2.415066e-02,-1.447825e-01,+1.467829e-01,-8.052988e+01,
+5.390000e+04,+2.406839e-02,-1.445249e-01,+1.465153e-01,-8.054504e+01,
+5.400000e+04,+2.398544e-02,-1.442576e-01,+1.462380e-01,-8.055988e+01,
+5.410000e+04,+2.390335e-02,-1.439995e-01,+1.459699e-01,-8.057506e+01,
+5.420000e+04,+2.382437e-02,-1.437571e-01,+1.457179e-01,-8.059010e+01,
+5.430000e+04,+2.374626e-02,-1.435160e-01,+1.454673e-01,-8.060491e+01,
+5.440000e+04,+2.366842e-02,-1.432753e-01,+1.452171e-01,-8.061971e+01,
+5.450000e+04,+2.358788e-02,-1.430156e-01,+1.449478e-01,-8.063439e+01,
+5.460000e+04,+2.351065e-02,-1.427822e-01,+1.447049e-01,-8.064952e+01,
+5.470000e+04,+2.343401e-02,-1.425474e-01,+1.444607e-01,-8.066438e+01,
+5.480000e+04,+2.335582e-02,-1.423022e-01,+1.442062e-01,-8.067924e+01,
+5.490000e+04,+2.327664e-02,-1.420460e-01,+1.439406e-01,-8.069382e+01,
+5.500000e+04,+2.320212e-02,-1.418143e-01,+1.436998e-01,-8.070821e+01,
+5.510000e+04,+2.312546e-02,-1.415730e-01,+1.434493e-01,-8.072286e+01,
+5.520000e+04,+2.304913e-02,-1.413322e-01,+1.431993e-01,-8.073746e+01,
+5.530000e+04,+2.297296e-02,-1.410847e-01,+1.429428e-01,-8.075163e+01,
+5.540000e+04,+2.289583e-02,-1.408403e-01,+1.426892e-01,-8.076643e+01,
+5.550000e+04,+2.282608e-02,-1.406278e-01,+1.424683e-01,-8.078040e+01,
+5.560000e+04,+2.274968e-02,-1.403807e-01,+1.422121e-01,-8.079483e+01,
+5.570000e+04,+2.267734e-02,-1.401515e-01,+1.419743e-01,-8.080886e+01,
+5.580000e+04,+2.260129e-02,-1.399012e-01,+1.417150e-01,-8.082304e+01,
+5.590000e+04,+2.252733e-02,-1.396639e-01,+1.414690e-01,-8.083730e+01,
+5.600000e+04,+2.245304e-02,-1.394227e-01,+1.412191e-01,-8.085147e+01,
+5.610000e+04,+2.238152e-02,-1.391924e-01,+1.409803e-01,-8.086527e+01,
+5.620000e+04,+2.230905e-02,-1.389573e-01,+1.407367e-01,-8.087921e+01,
+5.630000e+04,+2.223785e-02,-1.387297e-01,+1.405007e-01,-8.089317e+01,
+5.640000e+04,+2.216682e-02,-1.385006e-01,+1.402633e-01,-8.090701e+01,
+5.650000e+04,+2.209512e-02,-1.382667e-01,+1.400209e-01,-8.092085e+01,
+5.660000e+04,+2.202496e-02,-1.380360e-01,+1.397821e-01,-8.093433e+01,
+5.670000e+04,+2.195288e-02,-1.378063e-01,+1.395439e-01,-8.094868e+01,
+5.680000e+04,+2.188259e-02,-1.375732e-01,+1.393026e-01,-8.096216e+01,
+5.690000e+04,+2.181268e-02,-1.373525e-01,+1.390737e-01,-8.097631e+01,
+5.700000e+04,+2.174213e-02,-1.371132e-01,+1.388263e-01,-8.098959e+01,
+5.710000e+04,+2.167284e-02,-1.368845e-01,+1.385896e-01,-8.100307e+01,
+5.720000e+04,+2.160354e-02,-1.366561e-01,+1.383532e-01,-8.101662e+01,
+5.730000e+04,+2.153528e-02,-1.364298e-01,+1.381190e-01,-8.102993e+01,
+5.740000e+04,+2.146593e-02,-1.362007e-01,+1.378819e-01,-8.104355e+01,
+5.750000e+04,+2.139966e-02,-1.359851e-01,+1.376586e-01,-8.105683e+01,
+5.760000e+04,+2.133307e-02,-1.357666e-01,+1.374324e-01,-8.107009e+01,
+5.770000e+04,+2.126603e-02,-1.355438e-01,+1.372019e-01,-8.108331e+01,
+5.780000e+04,+2.119966e-02,-1.353257e-01,+1.369762e-01,-8.109660e+01,
+5.790000e+04,+2.113274e-02,-1.351008e-01,+1.367436e-01,-8.110972e+01,
+5.800000e+04,+2.106508e-02,-1.348723e-01,+1.365074e-01,-8.112295e+01,
+5.810000e+04,+2.099438e-02,-1.346196e-01,+1.362469e-01,-8.113593e+01,
+5.820000e+04,+2.092962e-02,-1.344085e-01,+1.360283e-01,-8.114917e+01,
+5.830000e+04,+2.086510e-02,-1.341915e-01,+1.358040e-01,-8.116199e+01,
+5.840000e+04,+2.080046e-02,-1.339753e-01,+1.355804e-01,-8.117493e+01,
+5.850000e+04,+2.073574e-02,-1.337558e-01,+1.353536e-01,-8.118776e+01,
+5.860000e+04,+2.067121e-02,-1.335385e-01,+1.351289e-01,-8.120068e+01,
+5.870000e+04,+2.060713e-02,-1.333252e-01,+1.349083e-01,-8.121372e+01,
+5.880000e+04,+2.054485e-02,-1.331164e-01,+1.346925e-01,-8.122633e+01,
+5.890000e+04,+2.047953e-02,-1.328885e-01,+1.344573e-01,-8.123903e+01,
+5.900000e+04,+2.041586e-02,-1.326698e-01,+1.342315e-01,-8.125168e+01,
+5.910000e+04,+2.035328e-02,-1.324587e-01,+1.340133e-01,-8.126438e+01,
+5.920000e+04,+2.029087e-02,-1.322436e-01,+1.337912e-01,-8.127681e+01,
+5.930000e+04,+2.022943e-02,-1.320369e-01,+1.335776e-01,-8.128942e+01,
+5.940000e+04,+2.016847e-02,-1.318337e-01,+1.333675e-01,-8.130208e+01,
+5.950000e+04,+2.010790e-02,-1.316257e-01,+1.331528e-01,-8.131432e+01,
+5.960000e+04,+2.004749e-02,-1.314217e-01,+1.329419e-01,-8.132677e+01,
+5.970000e+04,+1.998641e-02,-1.312115e-01,+1.327250e-01,-8.133916e+01,
+5.980000e+04,+1.992255e-02,-1.309869e-01,+1.324933e-01,-8.135184e+01,
+5.990000e+04,+1.986249e-02,-1.307784e-01,+1.322781e-01,-8.136397e+01,
+6.000000e+04,+1.980155e-02,-1.305684e-01,+1.320613e-01,-8.137643e+01,
+6.010000e+04,+1.974317e-02,-1.303701e-01,+1.318565e-01,-8.138859e+01,
+6.020000e+04,+1.968379e-02,-1.301628e-01,+1.316427e-01,-8.140063e+01,
+6.030000e+04,+1.962254e-02,-1.299441e-01,+1.314173e-01,-8.141278e+01,
+6.040000e+04,+1.956460e-02,-1.297470e-01,+1.312138e-01,-8.142495e+01,
+6.050000e+04,+1.950460e-02,-1.295342e-01,+1.309944e-01,-8.143702e+01,
+6.060000e+04,+1.944624e-02,-1.293335e-01,+1.307873e-01,-8.144921e+01,
+6.070000e+04,+1.939105e-02,-1.291481e-01,+1.305957e-01,-8.146105e+01,
+6.080000e+04,+1.933420e-02,-1.289548e-01,+1.303962e-01,-8.147315e+01,
+6.090000e+04,+1.927364e-02,-1.287348e-01,+1.301696e-01,-8.148515e+01,
+6.100000e+04,+1.921590e-02,-1.285375e-01,+1.299659e-01,-8.149744e+01,
+6.110000e+04,+1.916032e-02,-1.283469e-01,+1.297692e-01,-8.150928e+01,
+6.120000e+04,+1.910398e-02,-1.281511e-01,+1.295672e-01,-8.152113e+01,
+6.130000e+04,+1.904595e-02,-1.279416e-01,+1.293515e-01,-8.153288e+01,
+6.140000e+04,+1.898951e-02,-1.277475e-01,+1.291512e-01,-8.154496e+01,
+6.150000e+04,+1.893401e-02,-1.275492e-01,+1.289468e-01,-8.155639e+01,
+6.160000e+04,+1.887700e-02,-1.273405e-01,+1.287321e-01,-8.156786e+01,
+6.170000e+04,+1.881966e-02,-1.271410e-01,+1.285263e-01,-8.158011e+01,
+6.180000e+04,+1.876703e-02,-1.269594e-01,+1.283389e-01,-8.159147e+01,
+6.190000e+04,+1.871075e-02,-1.267544e-01,+1.281280e-01,-8.160297e+01,
+6.200000e+04,+1.865634e-02,-1.265680e-01,+1.279356e-01,-8.161488e+01,
+6.210000e+04,+1.859999e-02,-1.263571e-01,+1.277187e-01,-8.162609e+01,
+6.220000e+04,+1.854644e-02,-1.261689e-01,+1.275248e-01,-8.163758e+01,
+6.230000e+04,+1.849240e-02,-1.259756e-01,+1.273257e-01,-8.164899e+01,
+6.240000e+04,+1.843936e-02,-1.257924e-01,+1.271367e-01,-8.166064e+01,
+6.250000e+04,+1.838635e-02,-1.256036e-01,+1.269422e-01,-8.167196e+01,
+6.260000e+04,+1.833197e-02,-1.254027e-01,+1.267355e-01,-8.168313e+01,
+6.270000e+04,+1.827980e-02,-1.252207e-01,+1.265480e-01,-8.169458e+01,
+6.280000e+04,+1.822666e-02,-1.250281e-01,+1.263496e-01,-8.170582e+01,
+6.290000e+04,+1.817392e-02,-1.248344e-01,+1.261504e-01,-8.171683e+01,
+6.300000e+04,+1.812066e-02,-1.246428e-01,+1.259531e-01,-8.172824e+01,
+6.310000e+04,+1.807017e-02,-1.244639e-01,+1.257688e-01,-8.173928e+01,
+6.320000e+04,+1.801856e-02,-1.242759e-01,+1.255754e-01,-8.175027e+01,
+6.330000e+04,+1.796565e-02,-1.240826e-01,+1.253765e-01,-8.176151e+01,
+6.340000e+04,+1.791549e-02,-1.239028e-01,+1.251914e-01,-8.177245e+01,
+6.350000e+04,+1.786267e-02,-1.237079e-01,+1.249908e-01,-8.178362e+01,
+6.360000e+04,+1.781110e-02,-1.235174e-01,+1.247949e-01,-8.179456e+01,
+6.370000e+04,+1.776102e-02,-1.233362e-01,+1.246084e-01,-8.180546e+01,
+6.380000e+04,+1.771030e-02,-1.231520e-01,+1.244189e-01,-8.181648e+01,
+6.390000e+04,+1.766219e-02,-1.229795e-01,+1.242413e-01,-8.182712e+01,
+6.400000e+04,+1.761193e-02,-1.227989e-01,+1.240554e-01,-8.183823e+01,
+6.410000e+04,+1.756245e-02,-1.226191e-01,+1.238704e-01,-8.184908e+01,
+6.420000e+04,+1.751187e-02,-1.224285e-01,+1.236746e-01,-8.185976e+01,
+6.430000e+04,+1.746288e-02,-1.222487e-01,+1.234897e-01,-8.187045e+01,
+6.440000e+04,+1.741386e-02,-1.220685e-01,+1.233043e-01,-8.188116e+01,
+6.450000e+04,+1.736376e-02,-1.218815e-01,+1.231121e-01,-8.189195e+01,
+6.460000e+04,+1.731426e-02,-1.216984e-01,+1.229239e-01,-8.190276e+01,
+6.470000e+04,+1.726614e-02,-1.215169e-01,+1.227374e-01,-8.191306e+01,
+6.480000e+04,+1.721959e-02,-1.213517e-01,+1.225673e-01,-8.192374e+01,
+6.490000e+04,+1.717017e-02,-1.211648e-01,+1.223753e-01,-8.193436e+01,
+6.500000e+04,+1.712179e-02,-1.209758e-01,+1.221815e-01,-8.194439e+01,
+6.510000e+04,+1.707529e-02,-1.208141e-01,+1.220148e-01,-8.195536e+01,
+6.520000e+04,+1.702751e-02,-1.206354e-01,+1.218312e-01,-8.196585e+01,
+6.530000e+04,+1.697904e-02,-1.204478e-01,+1.216386e-01,-8.197610e+01,
+6.540000e+04,+1.693428e-02,-1.202880e-01,+1.214742e-01,-8.198650e+01,
+6.550000e+04,+1.688519e-02,-1.200984e-01,+1.212795e-01,-8.199697e+01,
+6.560000e+04,+1.683870e-02,-1.199244e-01,+1.211008e-01,-8.200729e+01,
+6.570000e+04,+1.679312e-02,-1.197538e-01,+1.209255e-01,-8.201744e+01,
+6.580000e+04,+1.674581e-02,-1.195704e-01,+1.207373e-01,-8.202759e+01,
+6.590000e+04,+1.669971e-02,-1.193982e-01,+1.205604e-01,-8.203793e+01,
+6.600000e+04,+1.665291e-02,-1.192175e-01,+1.203750e-01,-8.204808e+01,
+6.610000e+04,+1.660730e-02,-1.190500e-01,+1.202028e-01,-8.205856e+01,
+6.620000e+04,+1.656366e-02,-1.188877e-01,+1.200360e-01,-8.206849e+01,
+6.630000e+04,+1.651778e-02,-1.187153e-01,+1.198589e-01,-8.207885e+01,
+6.640000e+04,+1.647121e-02,-1.185324e-01,+1.196713e-01,-8.208886e+01,
+6.650000e+04,+1.642847e-02,-1.183766e-01,+1.195112e-01,-8.209888e+01,
+6.660000e+04,+1.638220e-02,-1.181946e-01,+1.193245e-01,-8.210887e+01,
+6.670000e+04,+1.633785e-02,-1.180289e-01,+1.191543e-01,-8.211905e+01,
+6.680000e+04,+1.629401e-02,-1.178584e-01,+1.189794e-01,-8.212870e+01,
+6.690000e+04,+1.625041e-02,-1.176948e-01,+1.188113e-01,-8.213873e+01,
+6.700000e+04,+1.620615e-02,-1.175240e-01,+1.186361e-01,-8.214862e+01,
+6.710000e+04,+1.616034e-02,-1.173404e-01,+1.184480e-01,-8.215845e+01,
+6.720000e+04,+1.611868e-02,-1.171873e-01,+1.182907e-01,-8.216831e+01,
+6.730000e+04,+1.607399e-02,-1.170119e-01,+1.181108e-01,-8.217819e+01,
+6.740000e+04,+1.602968e-02,-1.168397e-01,+1.179341e-01,-8.218813e+01,
+6.750000e+04,+1.598687e-02,-1.166744e-01,+1.177645e-01,-8.219784e+01,
+6.760000e+04,+1.594370e-02,-1.165046e-01,+1.175905e-01,-8.220746e+01,
+6.770000e+04,+1.590210e-02,-1.163507e-01,+1.174324e-01,-8.221738e+01,
+6.780000e+04,+1.585922e-02,-1.161821e-01,+1.172596e-01,-8.222698e+01,
+6.790000e+04,+1.581686e-02,-1.160178e-01,+1.170911e-01,-8.223665e+01,
+6.800000e+04,+1.577663e-02,-1.158706e-01,+1.169397e-01,-8.224644e+01,
+6.810000e+04,+1.573313e-02,-1.156948e-01,+1.167596e-01,-8.225594e+01,
+6.820000e+04,+1.569165e-02,-1.155343e-01,+1.165950e-01,-8.226551e+01,
+6.830000e+04,+1.564983e-02,-1.153616e-01,+1.164182e-01,-8.227448e+01,
+6.840000e+04,+1.560802e-02,-1.152018e-01,+1.162543e-01,-8.228430e+01,
+6.850000e+04,+1.556547e-02,-1.150316e-01,+1.160799e-01,-8.229384e+01,
+6.860000e+04,+1.552621e-02,-1.148855e-01,+1.159299e-01,-8.230338e+01,
+6.870000e+04,+1.548508e-02,-1.147234e-01,+1.157638e-01,-8.231281e+01,
+6.880000e+04,+1.544428e-02,-1.145599e-01,+1.155963e-01,-8.232201e+01,
+6.890000e+04,+1.540582e-02,-1.144121e-01,+1.154447e-01,-8.233113e+01,
+6.900000e+04,+1.536349e-02,-1.142448e-01,+1.152732e-01,-8.234088e+01,
+6.910000e+04,+1.532299e-02,-1.140817e-01,+1.151062e-01,-8.235004e+01,
+6.920000e+04,+1.528366e-02,-1.139328e-01,+1.149533e-01,-8.235960e+01,
+6.930000e+04,+1.524383e-02,-1.137770e-01,+1.147936e-01,-8.236896e+01,
+6.940000e+04,+1.520558e-02,-1.136297e-01,+1.146426e-01,-8.237813e+01,
+6.950000e+04,+1.516439e-02,-1.134640e-01,+1.144729e-01,-8.238757e+01,
+6.960000e+04,+1.512470e-02,-1.133046e-01,+1.143096e-01,-8.239669e+01,
+6.970000e+04,+1.508556e-02,-1.131469e-01,+1.141482e-01,-8.240569e+01,
+6.980000e+04,+1.504878e-02,-1.130031e-01,+1.140007e-01,-8.241447e+01,
+6.990000e+04,+1.500712e-02,-1.128350e-01,+1.138286e-01,-8.242409e+01,
+7.000000e+04,+1.496837e-02,-1.126813e-01,+1.136712e-01,-8.243324e+01,
+7.010000e+04,+1.492969e-02,-1.125242e-01,+1.135104e-01,-8.244214e+01,
+7.020000e+04,+1.489067e-02,-1.123662e-01,+1.133486e-01,-8.245119e+01,
+7.030000e+04,+1.485425e-02,-1.122203e-01,+1.131992e-01,-8.245976e+01,
+7.040000e+04,+1.481736e-02,-1.120620e-01,+1.130374e-01,-8.246777e+01,
+7.050000e+04,+1.477717e-02,-1.119184e-01,+1.128898e-01,-8.247844e+01,
+7.060000e+04,+1.474035e-02,-1.117648e-01,+1.127326e-01,-8.248677e+01,
+7.070000e+04,+1.470164e-02,-1.116041e-01,+1.125683e-01,-8.249561e+01,
+7.080000e+04,+1.466303e-02,-1.114490e-01,+1.124095e-01,-8.250481e+01,
+7.090000e+04,+1.462614e-02,-1.113032e-01,+1.122601e-01,-8.251376e+01,
+7.100000e+04,+1.458883e-02,-1.111539e-01,+1.121072e-01,-8.252273e+01,
+7.110000e+04,+1.455148e-02,-1.110052e-01,+1.119549e-01,-8.253178e+01,
+7.120000e+04,+1.451585e-02,-1.108620e-01,+1.118083e-01,-8.254034e+01,
+7.130000e+04,+1.447878e-02,-1.107086e-01,+1.116514e-01,-8.254898e+01,
+7.140000e+04,+1.444221e-02,-1.105574e-01,+1.114967e-01,-8.255754e+01,
+7.150000e+04,+1.440502e-02,-1.104086e-01,+1.113443e-01,-8.256660e+01,
+7.160000e+04,+1.436906e-02,-1.102583e-01,+1.111907e-01,-8.257495e+01,
+7.170000e+04,+1.433371e-02,-1.101047e-01,+1.110338e-01,-8.258279e+01,
+7.180000e+04,+1.429566e-02,-1.099603e-01,+1.108857e-01,-8.259267e+01,
+7.190000e+04,+1.426154e-02,-1.098193e-01,+1.107415e-01,-8.260076e+01,
+7.200000e+04,+1.422758e-02,-1.096847e-01,+1.106036e-01,-8.260923e+01,
+7.210000e+04,+1.419191e-02,-1.095416e-01,+1.104571e-01,-8.261803e+01,
+7.220000e+04,+1.415581e-02,-1.093919e-01,+1.103040e-01,-8.262663e+01,
+7.230000e+04,+1.412043e-02,-1.092442e-01,+1.101530e-01,-8.263503e+01,
+7.240000e+04,+1.408355e-02,-1.090922e-01,+1.099975e-01,-8.264392e+01,
+7.250000e+04,+1.404954e-02,-1.089557e-01,+1.098578e-01,-8.265240e+01,
+7.260000e+04,+1.401400e-02,-1.088028e-01,+1.097016e-01,-8.266061e+01,
+7.270000e+04,+1.397797e-02,-1.086512e-01,+1.095467e-01,-8.266917e+01,
+7.280000e+04,+1.394361e-02,-1.085095e-01,+1.094017e-01,-8.267754e+01,
+7.290000e+04,+1.390909e-02,-1.083647e-01,+1.092537e-01,-8.268582e+01,
+7.300000e+04,+1.387405e-02,-1.082176e-01,+1.091034e-01,-8.269424e+01,
+7.310000e+04,+1.384220e-02,-1.080811e-01,+1.089639e-01,-8.270171e+01,
+7.320000e+04,+1.380638e-02,-1.079376e-01,+1.088170e-01,-8.271083e+01,
+7.330000e+04,+1.377271e-02,-1.077983e-01,+1.086746e-01,-8.271912e+01,
+7.340000e+04,+1.373852e-02,-1.076562e-01,+1.085292e-01,-8.272751e+01,
+7.350000e+04,+1.370349e-02,-1.075049e-01,+1.083748e-01,-8.273576e+01,
+7.360000e+04,+1.367168e-02,-1.073757e-01,+1.082425e-01,-8.274382e+01,
+7.370000e+04,+1.363793e-02,-1.072369e-01,+1.081006e-01,-8.275227e+01,
+7.380000e+04,+1.360430e-02,-1.070948e-01,+1.079554e-01,-8.276047e+01,
+7.390000e+04,+1.357312e-02,-1.069706e-01,+1.078283e-01,-8.276859e+01,
+7.400000e+04,+1.353787e-02,-1.068105e-01,+1.076650e-01,-8.277647e+01,
+7.410000e+04,+1.350613e-02,-1.066840e-01,+1.075355e-01,-8.278477e+01,
+7.420000e+04,+1.347290e-02,-1.065440e-01,+1.073924e-01,-8.279298e+01,
+7.430000e+04,+1.344072e-02,-1.064064e-01,+1.072519e-01,-8.280081e+01,
+7.440000e+04,+1.340767e-02,-1.062671e-01,+1.071096e-01,-8.280901e+01,
+7.450000e+04,+1.337615e-02,-1.061362e-01,+1.069758e-01,-8.281699e+01,
+7.460000e+04,+1.334314e-02,-1.059937e-01,+1.068303e-01,-8.282500e+01,
+7.470000e+04,+1.330980e-02,-1.058514e-01,+1.066849e-01,-8.283321e+01,
+7.480000e+04,+1.327879e-02,-1.057214e-01,+1.065521e-01,-8.284103e+01,
+7.490000e+04,+1.324609e-02,-1.055765e-01,+1.064042e-01,-8.284879e+01,
+7.500000e+04,+1.321468e-02,-1.054445e-01,+1.062694e-01,-8.285673e+01,
+7.510000e+04,+1.318135e-02,-1.052985e-01,+1.061204e-01,-8.286478e+01,
+7.520000e+04,+1.314918e-02,-1.051545e-01,+1.059734e-01,-8.287237e+01,
+7.530000e+04,+1.311868e-02,-1.050333e-01,+1.058494e-01,-8.288061e+01,
+7.540000e+04,+1.308714e-02,-1.048999e-01,+1.057131e-01,-8.288861e+01,
+7.550000e+04,+1.305547e-02,-1.047613e-01,+1.055716e-01,-8.289635e+01,
+7.560000e+04,+1.302615e-02,-1.046390e-01,+1.054467e-01,-8.290395e+01,
+7.570000e+04,+1.299566e-02,-1.045104e-01,+1.053153e-01,-8.291177e+01,
+7.580000e+04,+1.296453e-02,-1.043785e-01,+1.051806e-01,-8.291972e+01,
+7.590000e+04,+1.293397e-02,-1.042461e-01,+1.050454e-01,-8.292736e+01,
+7.600000e+04,+1.290253e-02,-1.041105e-01,+1.049069e-01,-8.293529e+01,
+7.610000e+04,+1.287193e-02,-1.039802e-01,+1.047739e-01,-8.294314e+01,
+7.620000e+04,+1.284155e-02,-1.038408e-01,+1.046318e-01,-8.295027e+01,
+7.630000e+04,+1.281091e-02,-1.037112e-01,+1.044994e-01,-8.295821e+01,
+7.640000e+04,+1.278044e-02,-1.035793e-01,+1.043648e-01,-8.296594e+01,
+7.650000e+04,+1.275088e-02,-1.034566e-01,+1.042394e-01,-8.297380e+01,
+7.660000e+04,+1.271935e-02,-1.033126e-01,+1.040926e-01,-8.298133e+01,
+7.670000e+04,+1.269108e-02,-1.031900e-01,+1.039675e-01,-8.298855e+01,
+7.680000e+04,+1.266128e-02,-1.030624e-01,+1.038372e-01,-8.299626e+01,
+7.690000e+04,+1.263102e-02,-1.029312e-01,+1.037033e-01,-8.300401e+01,
+7.700000e+04,+1.260144e-02,-1.028001e-01,+1.035695e-01,-8.301143e+01,
+7.710000e+04,+1.257180e-02,-1.026668e-01,+1.034337e-01,-8.301875e+01,
+7.720000e+04,+1.254239e-02,-1.025377e-01,+1.033019e-01,-8.302622e+01,
+7.730000e+04,+1.251295e-02,-1.024110e-01,+1.031726e-01,-8.303392e+01,
+7.740000e+04,+1.248392e-02,-1.022854e-01,+1.030444e-01,-8.304147e+01,
+7.750000e+04,+1.245359e-02,-1.021443e-01,+1.029007e-01,-8.304871e+01,
+7.760000e+04,+1.242368e-02,-1.020114e-01,+1.027652e-01,-8.305630e+01,
+7.770000e+04,+1.239639e-02,-1.018907e-01,+1.026420e-01,-8.306327e+01,
+7.780000e+04,+1.236788e-02,-1.017640e-01,+1.025128e-01,-8.307054e+01,
+7.790000e+04,+1.233920e-02,-1.016373e-01,+1.023836e-01,-8.307792e+01,
+7.800000e+04,+1.231110e-02,-1.015178e-01,+1.022616e-01,-8.308548e+01,
+7.810000e+04,+1.228315e-02,-1.013925e-01,+1.021338e-01,-8.309258e+01,
+7.820000e+04,+1.225561e-02,-1.012712e-01,+1.020100e-01,-8.309974e+01,
+7.830000e+04,+1.222740e-02,-1.011488e-01,+1.018851e-01,-8.310722e+01,
+7.840000e+04,+1.219784e-02,-1.010139e-01,+1.017477e-01,-8.311463e+01,
+7.850000e+04,+1.217067e-02,-1.008945e-01,+1.016259e-01,-8.312177e+01,
+7.860000e+04,+1.214284e-02,-1.007706e-01,+1.014996e-01,-8.312899e+01,
+7.870000e+04,+1.211490e-02,-1.006467e-01,+1.013732e-01,-8.313628e+01,
+7.880000e+04,+1.208805e-02,-1.005278e-01,+1.012520e-01,-8.314333e+01,
+7.890000e+04,+1.206049e-02,-1.004054e-01,+1.011271e-01,-8.315056e+01,
+7.900000e+04,+1.203285e-02,-1.002821e-01,+1.010014e-01,-8.315778e+01,
+7.910000e+04,+1.200623e-02,-1.001598e-01,+1.008768e-01,-8.316452e+01,
+7.920000e+04,+1.197686e-02,-1.000360e-01,+1.007504e-01,-8.317273e+01,
+7.930000e+04,+1.195140e-02,-9.991889e-02,+1.006311e-01,-8.317920e+01,
+7.940000e+04,+1.192442e-02,-9.979304e-02,+1.005029e-01,-8.318594e+01,
+7.950000e+04,+1.189611e-02,-9.966245e-02,+1.003699e-01,-8.319315e+01,
+7.960000e+04,+1.186993e-02,-9.954465e-02,+1.002498e-01,-8.320003e+01,
+7.970000e+04,+1.184341e-02,-9.942764e-02,+1.001305e-01,-8.320717e+01,
+7.980000e+04,+1.181600e-02,-9.930224e-02,+1.000028e-01,-8.321426e+01,
+7.990000e+04,+1.178988e-02,-9.918546e-02,+9.988371e-02,-8.322123e+01,
+8.000000e+04,+1.176266e-02,-9.905963e-02,+9.975556e-02,-8.322822e+01,
