Barrido en frecuencia desde 200 hasta 125000 con incrementos 200
Metodo usado: LI de 64 ciclos
Formato: frecuencia,X,Y,R,phi 

200,121650709.712433,-2470850.90679932,7426.72810360181,-1.1635761628461 
400,121402707.748138,-5561124.3678894,7417.82957940849,-2.62272878029163 
600,120996074.611755,-8640612.13372803,7404.04708440264,-4.08469118455051 
800,120436997.044006,-11695808.7668152,7385.69675320758,-5.54668236541465 
1000,119725865.12384,-14692166.0708008,7362.52764034746,-6.99607669431727 
1200,118875181.860504,-17609674.6690674,7334.96601691021,-8.42627884227226 
1400,117887880.885681,-20462784.466156,7303.11898207867,-9.84719263993093 
1600,116766100.175262,-23251557.8292542,7266.98378243597,-11.2619586137859 
1800,115529171.168732,-25935072.7962341,7227.05558965616,-12.6525341858777 
2000,114180132.796509,-28525534.6506653,7183.413763503,-14.0270342472648 
2200,112576617.322174,-31259918.7569275,7131.32804017867,-15.5187415424469 
2400,111179156.906281,-33405423.0938721,7085.74523745879,-16.723673265629 
2600,109505649.490753,-35732156.0218506,7030.73184769838,-18.0717232837628 
2800,107839192.190765,-37849769.0454102,6975.83872845088,-19.3402278016469 
3000,106070582.340942,-39900603.9259949,6917.14701406607,-20.6148095429907 
3200,104230901.190369,-41850032.1240234,6855.60285441525,-21.8760878908941 
3400,102365641.727692,-43659176.1459045,6792.64096050372,-23.0983566424856 
3600,100442223.179688,-45374792.8451843,6727.24095307343,-24.311082095841 
3800,98529412.6662292,-46938982.4792786,6661.51695074653,-25.4729264272245 
4000,96551895.1381531,-48433731.3944702,6593.15504652995,-26.6399078044393 
4200,94573085.7613525,-49801415.3424988,6523.89788382617,-27.7709248503573 
4400,92634146.792511,-51039733.0141907,6455.55268739513,-28.8539662505546 
4600,90550341.5349426,-52252741.1681824,6381.13157738013,-29.9874116223571 
4800,88590798.1980286,-53302190.8165894,6310.60586897542,-31.0339490824362 
5000,86584142.0489807,-54279442.6217651,6237.45522657704,-32.0835250209596 
5200,84586257.1786499,-55159592.8666382,6163.65574087291,-33.1087958380633 
5400,82731400.5255432,-55913286.0134583,6094.77791972417,-34.0524466583242 
5600,80813075.6530457,-56609428.5532532,6022.40255735116,-35.0111801770029 
5800,79182702.937439,-57147421.092804,5960.32918202779,-35.8185854520344 
6000,77043252.3067627,-57777267.5682678,5877.92367169688,-36.8674360763068 
6200,75158262.4733887,-58263372.0657349,5804.41991187011,-37.7831699218604 
6400,73368768.461792,-58663910.8861084,5733.72238042296,-38.6449942663544 
6600,71684122.4160767,-58992503.5550537,5666.50040606334,-39.4526986280503 
6800,70054889.4780273,-59259994.0471191,5600.60281235965,-40.2281498458465 
7000,68177560.2578125,-59514450.4989319,5523.81633812263,-41.1187847595935 
7200,66483109.4671021,-59693853.2330627,5453.6362814638,-41.9200323181465 
7400,64926567.6608887,-59816968.9712524,5388.40699734473,-42.6544285705597 
7600,63320857.8885803,-59898493.9706116,5320.15989837228,-43.4090436559786 
7800,61637463.5791626,-59942501.1314697,5247.86348807222,-44.2012836646111 
8000,60162388.2644653,-59942073.5178223,5183.68005985892,-44.8948990670166 
8200,58726704.8599854,-59909073.4944458,5120.53770625077,-45.5710123089294 
8400,57324360.7642822,-59841678.8274231,5058.01695262529,-46.2308132506175 
8600,55962369.3805847,-59747314.3918457,4996.66512977901,-46.873517158469 
8800,54634836.5151978,-59624614.85495,4936.10265185647,-47.5005520287407 
9000,53143120.7068481,-59450758.2882996,4867.13641709602,-48.2064234382727 
9200,51906866.0368652,-59281116.3175354,4809.38149182167,-48.7944348116165 
9400,50641281.5844116,-59080541.8256531,4749.54683985774,-49.3982485185575 
9600,49469623.9237671,-58868396.3579102,4693.39821471993,-49.9582322732563 
9800,48508259.9735718,-58677181.9394836,4646.86292772544,-50.419557243867 
10000,47105820.1824951,-58370960.8778687,4578.23513998424,-51.0928021233125 
10200,46047635.4657288,-58114496.2523193,4525.67142448802,-51.6046847925314 
10400,44873852.8765259,-57804664.6407166,4466.5762488589,-52.1743557747119 
10600,43903444.1992798,-57536779.671051,4417.4921771426,-52.6511571543891 
10800,42641234.5524902,-57154050.9004822,4352.44039618964,-53.2708861220352 
11000,41433518.1573792,-56761230.1377563,4289.37565943307,-53.8685934792321 
11200,40972433.6341553,-56604204.167572,4265.07552681269,-54.0980479441749 
11400,40035750.3256226,-56269759.2494507,4215.15621174837,-54.5648751402681 
11600,39364320.8117371,-56023894.7362671,4179.24285650532,-54.9034017529982 
11800,38573705.6369019,-55718679.3217773,4136.35677596196,-55.3019801806832 
12000,37367807.1652222,-55229671.0115356,4070.15308315797,-55.9147388914452 
12200,36502251.3283081,-54861929.9676209,4022.07821670557,-56.3588905293379 
12400,35837164.5844727,-54557001.3925476,3984.16482847626,-56.6966659577469 
12600,34989006.0483093,-54174028.6078186,3936.32269664175,-57.13967672044 
12800,34162257.4399414,-53778191.1984558,3888.75929035898,-57.5711050813451 
13000,33354865.8551025,-53369751.6664734,3841.3954560456,-57.9921677063454 
13200,32779980.9232178,-53084942.2584534,3808.11240087175,-58.3012492879351 
13400,32048378.3927002,-52697177.036377,3764.5993651936,-58.6902580195959 
13600,31074523.4829407,-52164290.7674255,3706.0777424569,-59.2141380069925 
13800,30349487.9888306,-51753273.6347961,3661.96312104301,-59.60811524496 
14000,30057733.7640076,-51589471.3520203,3644.34499054863,-59.7701084091375 
14200,29334461.8566589,-51151239.0985107,3599.09372483068,-60.16298334879 
14400,28808829.2393494,-50834795.0706177,3566.42442471312,-60.4557337002057 
14600,28093725.1113586,-50383599.7961426,3521.02904831414,-60.8527122065815 
14800,27695485.4859619,-50124744.894043,3495.41798394463,-61.0745822451559 
15000,27168811.4173584,-49770543.8786621,3460.99346503252,-61.3672993266115 
15200,26472529.8258667,-49308317.5089722,3415.63539791611,-61.7713570815199 
15400,26067723.3050842,-49037532.770813,3389.41716580707,-62.0071721240052 
15600,25472769.2042542,-48618020.3178101,3349.82562936715,-62.3500140872733 
15800,24864091.8218384,-48180256.2431641,3308.98291229152,-62.7050845912302 
16000,24506939.9530334,-47912125.8218994,3284.46597354261,-62.912073264362 
16200,24115334.2739258,-47621203.2026978,3257.80133935761,-63.1440979947589 
16400,23601359.5887451,-47227037.9019775,3222.21372228828,-63.4484621623329 
16600,23171433.6547546,-46897087.9024353,3192.50370345266,-63.7081433276383 
16800,22741315.0719604,-46548284.5177307,3161.82143378586,-63.9637390833905 
17000,22205486.7330017,-46118604.4966736,3123.95498187697,-64.2915222601194 
17200,21923240.3266602,-45881216.8388062,3103.4420198032,-64.4620249097164 
17400,21421383.4234924,-45463221.5905762,3067.26376750616,-64.7728116204478 
17600,21150557.8952942,-45236304.6962585,3047.70398746032,-64.9429346106155 
17800,20583566.5028381,-44739138.1436768,3005.61760881265,-65.2955145805698 
18000,20407979.9421997,-44581874.6144409,2992.42460336927,-65.405106371997 
18200,19890316.4665222,-44105508.090271,2952.88602216952,-65.7277045129617 
18400,19706546.6098328,-43951731.578125,2939.72666811548,-65.8517768221496 
18600,19375071.9645081,-43652454.4478455,2914.80392439251,-66.0677458913496 
18800,19037643.1431274,-43332279.4703674,2888.60943573797,-66.2838618507919 
19000,18563852.8918152,-42887985.6535339,2852.19531808909,-66.5965751717056 
19200,18305862.7378845,-42637676.9133301,2831.93342161691,-66.7661518995076 
19400,17802039.2944031,-42141277.5121765,2792.01147405178,-67.1007107717219 
19600,17802390.1930542,-42143018.9705505,2792.11771411711,-67.101154660069 
19800,17267398.204071,-41603576.8193054,2749.13825696804,-67.4610122934416 
20000,17084382.8971558,-41415414.8746033,2734.25636058631,-67.5849434511906 
20200,16834613.6876526,-41135372.0629578,2712.65397893672,-67.7449236083924 
20400,16664373.8269959,-40966869.346344,2699.20699409897,-67.8663573492308 
20600,16403300.5169373,-40700612.2848816,2678.16482381107,-68.0511209283876 
20800,15954539.6969604,-40196777.2947083,2639.44285876615,-68.3530424563296 
21000,15762632.5376587,-40009378.2085571,2624.49998311329,-68.4985875893269 
21200,15557870.1916809,-39782813.3778687,2607.06232059718,-68.6427268955104 
21400,15157348.2168579,-39337814.7120972,2572.89809117802,-68.9294176732065 
21600,15159697.9075317,-39339731.6538391,2573.05882340889,-68.9273746115956 
21800,14578811.3896179,-38662473.8145447,2521.80736736943,-69.3412990768999 
22000,14588128.063324,-38687131.5953369,2523.41610495453,-69.3412747785056 
22200,14368905.8621216,-38406986.5392456,2502.70579932279,-69.4897723952203 
22400,14047501.9376831,-38045542.3129883,2475.1944148263,-69.7361231644757 
22600,13828716.4897461,-37772746.0543518,2454.96017767589,-69.8938796926589 
22800,13686086.9015808,-37587999.2398682,2441.38323252764,-69.9947468335588 
23000,13425981.1786499,-37279695.2160034,2418.28615776295,-70.1956359984949 
23200,13428284.2634583,-37280591.2492981,2418.38523882782,-70.1929418701518 
23400,13050019.8835144,-36823103.9628601,2384.32434970953,-70.4875059954103 
23600,13051279.4516907,-36825968.8414917,2384.51483261076,-70.4871683659334 
23800,12629884.0328369,-36278128.004425,2344.4453096622,-70.8066362212038 
24000,12588796.5284729,-36239757.5744324,2341.40977565926,-70.8457467891687 
24200,12141078.8414001,-35639027.1452942,2297.85138413468,-71.1893729416651 
24400,12149372.8609314,-35663256.0935669,2299.41434968602,-71.1893153750302 
24600,11958140.7105408,-35394193.8225098,2280.11398231594,-71.333862519592 
24800,11857921.4902344,-35255321.2574463,2270.12860294447,-71.4116454051193 
25000,11626093.2772217,-34944277.1242371,2247.63710968744,-71.5992314480794 
25200,11340058.7663269,-34564044.076355,2220.22145951076,-71.8448940186494 
25400,11339756.7502441,-34562854.4659729,2220.14672458878,-71.8447618947392 
25600,11340609.0278015,-34565367.9013062,2220.30870118328,-71.844720527467 
25800,10962114.3887024,-34030530.9928589,2182.12236304644,-72.1538600125156 
26000,10828381.3139954,-33822267.8436584,2167.52427479358,-72.2562052253748 
26200,10828030.3601685,-33821955.3691711,2167.49958022119,-72.2565907662091 
26400,10601867.388916,-33514256.6618958,2145.41778901162,-72.4547568582744 
26600,10363172.6731567,-33148166.2652893,2119.73241759502,-72.6480456904201 
26800,10261073.3977966,-33013298.9129639,2110.01937702505,-72.7428531890229 
27000,10261763.7116394,-33013288.0127258,2110.03124749103,-72.7417553133613 
27200,9906642.39492798,-32481337.8081055,2072.62335760389,-73.0475140404292 
27400,9906796.67514038,-32482973.2762146,2072.72158191844,-73.0480700283362 
27600,9627912.4630127,-32049842.9597778,2042.4882428493,-73.2884557548502 
27800,9626752.97366333,-32053360.5273743,2042.67350079172,-73.2920893751096 
28000,9519130.68692017,-31874204.3311462,2030.31401924711,-73.3808631426158 
28200,9328650.97164917,-31588251.463501,2010.27359108047,-73.5560137791372 
28400,9331257.76086426,-31589379.6003723,2010.38469314478,-73.5522208275229 
28600,9132925.76919556,-31262564.4179077,1987.83467877141,-73.7239595912892 
28800,9045472.05462646,-31136557.2884521,1978.9579815636,-73.8098588821502 
29000,9047388.5531311,-31136328.0732727,1978.97718274448,-73.8064937517792 
29200,8775011.42996216,-30693909.114563,1948.42659238071,-74.0543705072562 
29400,8773859.60018921,-30697043.9624939,1948.59123438975,-74.0579044009738 
29600,8486557.43267822,-30220785.5357971,1915.84405724272,-74.3232250987987 
29800,8485975.48373413,-30220165.3718262,1915.79801303899,-74.3239417451941 
30000,8423507.89178467,-30100063.9329834,1907.71070262001,-74.3746671973229 
30200,8266561.82775879,-29850223.3420715,1890.45150988864,-74.5296973911644 
30400,8267566.97335815,-29851594.7076111,1890.54854733409,-74.5285825940009 
30600,8098068.99978638,-29548575.8534241,1869.97059878811,-74.6828094823057 
30800,8018898.9548645,-29425745.6635132,1861.46513594768,-74.7652601998616 
31000,8018645.09686279,-29426063.2253113,1861.47976244448,-74.7658771749611 
31200,7803137.1803894,-29051096.9749146,1835.9531302622,-74.9741445567424 
31400,7802269.08892822,-29051320.5758362,1835.95256704579,-74.9758519153539 
31600,7585372.59307861,-28660581.8872375,1809.49877613876,-75.1848117161424 
31800,7584763.00064087,-28659428.6928711,1809.4212155747,-75.1853804089023 
32000,7503678.96221924,-28505281.7817688,1799.06156051975,-75.2610869113311 
32200,7372344.69696045,-28282362.5270386,1783.86872223476,-75.3988203955074 
32400,7230218.66430664,-28010528.7460022,1765.63104224154,-75.535407687549 
32600,7231812.15887451,-28005759.6604004,1765.37351929873,-75.5299902320283 
32800,7232570.02600098,-28007719.7973022,1765.50091980356,-75.5295074975286 
33000,6981646.05645752,-27552715.2577515,1734.80092370766,-75.789924073109 
33200,6981805.38949585,-27553570.8802795,1734.85393459825,-75.7900363779604 
33400,6981702.72698975,-27555339.5722961,1734.95703909302,-75.7911126249754 
33600,6729005.85159302,-27060103.1114502,1701.88521178373,-76.0445121971926 
33800,6729069.49609375,-27062205.1926575,1702.01065611677,-76.0454275527889 
34000,6729830.41870117,-27064110.2223816,1702.13469865259,-76.0448548774336 
34200,6613690.7517395,-26860404.8200073,1688.36307559753,-76.1764827906845 
34400,6495386.28189087,-26606731.6713867,1671.60634366331,-76.2899200122352 
34600,6499822.35418701,-26606310.7367554,1671.64561858206,-76.2806959066203 
34800,6494599.42596436,-26610346.0272522,1671.80926205684,-76.2933119609714 
35000,6298604.09277344,-26203834.1334229,1644.87939253842,-76.4931999736841 
35200,6272015.34423828,-26209298.0901184,1644.95321275034,-76.489595905541 
35400,6296611.46966553,-26197255.5474243,1644.58855129432,-76.4327677506731 
35600,6064578.22772217,-25725022.9567871,1613.26768681581,-76.6826050328407 
35800,6061329.70446777,-25729459.4660645,1613.4857829496,-76.6916649120963 
36000,5969806.37579346,-25566070.4329529,1602.50055161033,-76.804317700245 
36200,5972777.54074097,-25573793.5305481,1603.00085092526,-76.8018366908425 
36400,5808741.68258667,-25217133.4322815,1579.53138577363,-76.9759148118984 
36600,5814028.13821411,-25214631.8391724,1579.4550586402,-76.963264774045 
36800,5680106.88076782,-24969083.9923401,1563.02043311105,-77.1318070993101 
37000,5678583.78353882,-24965421.7780151,1562.78184329656,-77.1333127375791 
37200,5681590.39608765,-24968623.3376465,1563.01310473861,-77.1283417718106 
37400,5679905.25646973,-24969726.6564941,1563.05595355167,-77.1325659454425 
37600,5484416.57952881,-24529640.2440796,1534.22656435766,-77.3445724476014 
37800,5484855.03994751,-24530586.9246826,1534.28879593276,-77.3440679384281 
38000,5410335.6229248,-24392237.9502258,1525.05732386624,-77.4416101223779 
38200,5411490.00970459,-24392542.6627197,1525.09074133915,-77.4391770575147 
38400,5313128.1678772,-24155445.350769,1509.66423738967,-77.5426718044639 
38600,5313826.81286621,-24156662.9113159,1509.745981848,-77.5416970915902 
38800,5161115.71020508,-23843011.5833435,1489.05392454212,-77.7337260827042 
39000,5160776.52435303,-23844015.8430481,1489.10945608173,-77.7350036342713 
39200,5161159.29376221,-23842873.6234741,1489.04625707568,-77.733557486028 
39400,4973652.15457153,-23398024.3204346,1460.09656813957,-77.9470875739661 
39600,4972471.95046997,-23398645.8719482,1460.11870155129,-77.9501621508616 
39800,4976191.85879517,-23399347.2093811,1460.20778930047,-77.9417965753425 
40000,4925402.9831543,-23309642.3165283,1454.20845758198,-78.0163931936755 
40200,4924797.76031494,-23312250.7072754,1454.3565952786,-78.0191138553474 
40400,4769796.32617188,-22927722.2620544,1429.44353864271,-78.1956979902349 
40600,4770545.96206665,-22926685.6365051,1429.39091132424,-78.1933857352831 
40800,4705253.99252319,-22806873.5222168,1421.42125428855,-78.2906091994792 
41000,4707908.29177856,-22806258.3536682,1421.41722505976,-78.2839074207944 
41200,4705318.8102417,-22807841.6296387,1421.47992700729,-78.2909342751206 
41400,4550409.24505615,-22411787.3731995,1395.90024280292,-78.4705523738477 
41600,4550440.35571289,-22412849.3909607,1395.96414875341,-78.4710053966424 
41800,4552258.29302979,-22413173.6616516,1396.00562853877,-78.4667038051934 
42000,4501123.46618652,-22322581.0068054,1389.96673375646,-78.5474193214688 
42200,4429365.69396973,-22110306.5402832,1376.40072735178,-78.6195383061939 
42400,4425722.89257813,-22109775.0138245,1376.32525585794,-78.6283490939571 
42600,4425400.50946045,-22109670.2632141,1376.31512418648,-78.6291001022955 
42800,4311290.96044922,-21854646.3817139,1359.68976530934,-78.7881547584059 
43000,4311290.50976563,-21854318.3374939,1359.67011517121,-78.7879925902625 
43200,4311107.93630981,-21855638.4270325,1359.74701164496,-78.7891104226708 
43400,4310249.63760376,-21856089.0680237,1359.76386073446,-78.7915005059195 
43600,4129904.37490845,-21405599.1383972,1330.66751168018,-79.0274476427212 
43800,4130342.56436157,-21405763.4512329,1330.68242666416,-79.0263986678465 
44000,4130274.33642578,-21407325.2964478,1330.77524432871,-79.0273523639512 
44200,4130775.73220825,-21406488.5206299,1330.73089189145,-79.0256419105288 
44400,4130536.44918823,-21406826.2479553,1330.74836571347,-79.0264275347509 
44600,3962629.46398926,-20977813.8685303,1303.10449527618,-79.2507543414042 
44800,3962725.77035522,-20977790.1958313,1303.10416656274,-79.2504885737482 
45000,3962729.67623901,-20976969.8469849,1303.05500793153,-79.2500695913814 
45200,3962366.15008545,-20975708.9733887,1302.75428350305,-79.3352676369191 
45400,3962814.11956787,-20978659.8993225,1302.93631885298,-79.3355563095665 
45600,3801827.88293457,-20554769.6862793,1275.70211909695,-79.553487596133 
45800,3801656.50076294,-20555006.4839172,1275.71442724768,-79.5540675583762 
46000,3802318.57107544,-20555338.066803,1275.7416745876,-79.5524484429763 
46200,3802011.45779419,-20555666.1588745,1275.7579545323,-79.553439723582 
46400,3652250.91781616,-20160678.6173401,1250.40071478743,-79.7643579864936 
46600,3655495.79037476,-20160209.157135,1250.40783911259,-79.7551952568224 
46800,3652358.2041626,-20160662.8653564,1250.40093601507,-79.7640549196347 
47000,3654636.45727539,-20162459.1314392,1250.53359408566,-79.758681965588 
47200,3654296.19091797,-20165208.2099915,1250.69497340643,-79.7609888155958 
47400,3509757.98855591,-19778545.9230042,1225.91102293008,-79.9699908462022 
47600,3507403.97293091,-19778347.6678772,1225.8740167121,-79.976503325673 
47800,3508557.57913208,-19778173.5956726,1225.8758517409,-79.9731766479955 
48000,3509549.44180298,-19780447.7928772,1226.02308234238,-79.9715242174432 
48200,3510266.95236206,-19780496.8438416,1226.03368026956,-79.9695337710145 
48400,3375973.48419189,-19406893.013031,1202.15887977627,-80.1642612487786 
48600,3375309.00827026,-19408315.9812012,1202.2374877275,-80.1668745613189 
48800,3374495.15185547,-19407371.5606079,1202.17219406018,-80.1687360989585 
49000,3375661.4414978,-19406445.1777344,1202.12868980908,-80.1649322183929 
49200,3376860.13912964,-19408122.6412354,1202.24208620259,-80.1623335277146 
49400,3249971.55151367,-19048623.6599731,1179.30609130518,-80.3502757975092 
49600,3249513.83618164,-19048887.5309753,1179.31726794049,-80.3517451737293 
49800,3249181.92733765,-19049695.2609558,1179.36245460556,-80.3531179424019 
50000,3249332.42236328,-19049297.9339294,1179.34009586894,-80.3524800142374 
50200,3249080.728302,-19047782.2214355,1179.2463285398,-80.3524599964495 
50400,3128858.3427124,-18702244.0216064,1157.23110491035,-80.5349929352935 
50600,3129725.42935181,-18701910.8730469,1157.21978497801,-80.53224274545 
50800,3129359.51721191,-18702142.783905,1157.23005847719,-80.5334488756013 
51000,3130288.54626465,-18701499.9774475,1157.20072544166,-80.5303596052412 
51200,3130474.14825439,-18701325.9678955,1157.19212160992,-80.5297196671478 
51400,3015567.90255737,-18363225.2856445,1135.68919435874,-80.7067884156077 
51600,3016222.15158081,-18364977.965332,1135.8012143159,-80.705675242648 
51800,3016553.77511597,-18364678.4107971,1135.78645486353,-80.7045183313056 
52000,3016850.58560181,-18365952.5982666,1135.86612427189,-80.7042524877739 
52200,3014639.62750244,-18365655.5625,1135.82637268632,-80.7108207489405 
52400,2910501.31948853,-18047733.1223145,1115.6552384973,-80.8715003608623 
52600,2909974.78244019,-18048372.0140991,1115.68861636311,-80.8734483210422 
52800,2909361.04031372,-18048523.7266541,1115.69179569412,-80.8754230007731 
53000,2909313.85653687,-18047775.1039734,1115.64623243289,-80.8751955978399 
53200,2910153.47555542,-18048277.3821716,1115.68465069464,-80.8728482092323 
53400,2803153.10812378,-17722995.337677,1095.05176779111,-81.0448171626368 
53600,2804517.35723877,-17722758.5292664,1095.05050324296,-81.0403962534078 
53800,2803763.69360352,-17723465.2808228,1095.08591736435,-81.0431258873973 
54000,2805120.78778076,-17724373.9609375,1095.15363497339,-81.0392994299072 
54200,2699989.07827759,-17408200.0362854,1075.09743176089,-81.2162824466581 
54400,2703996.30419922,-17407864.5762939,1075.1147108884,-81.2032362290479 
54600,2702508.43551636,-17411087.5969543,1075.29514526559,-81.2096258785966 
54800,2702297.73532104,-17408614.7141418,1075.14404265576,-81.2090694579759 
55000,2700902.35470581,-17411069.8507996,1075.2790455261,-81.2147779984058 
55200,2617225.78222656,-17132992.9944763,1058.59557331688,-80.9319527677192 
55400,2616079.36831665,-17132310.462616,1058.54379153869,-80.9353585993331 
55600,2614984.67303467,-17132308.4058838,1058.53357663422,-80.9389351912703 
55800,2615782.61160278,-17132447.6056824,1058.54933619975,-80.9363968665392 
56000,2614714.16485596,-17130281.4841614,1058.4086998612,-80.9388081411283 
56200,2526628.8729248,-16849492.5089417,1040.64669073717,-81.0891568512011 
56400,2529837.03961182,-16850051.9763184,1040.70955974276,-81.078767193474 
56600,2527635.88049316,-16849517.9580078,1040.65735078949,-81.0858206067999 
56800,2527355.73986816,-16849453.3474731,1040.65090988473,-81.0867200155708 
57000,2528071.0814209,-16852577.1370544,1040.84607646563,-81.0858994549177 
57200,2446073.88204956,-16575663.7081909,1023.37972861727,-81.2227154991751 
57400,2445094.62112427,-16574804.5769043,1023.31908586672,-81.2255995632195 
57600,2441512.81420898,-16575448.1048889,1023.32606751674,-81.238038533947 
57800,2444055.95684814,-16577004.7571716,1023.44277556529,-81.2302110597626 
58000,2442850.71878052,-16577152.4873657,1023.44096755413,-81.2343618352438 
58200,2366120.58615112,-16314578.1064148,1006.8940657812,-81.3651482790955 
58400,2365173.5244751,-16312435.7024231,1006.7562642526,-81.3673373494114 
58600,2366111.5657959,-16313349.6110229,1006.81972909605,-81.3645664308775 
58800,2365000.1786499,-16314010.7693787,1006.84995236032,-81.3687191625532 
59000,2366071.11239624,-16311962.6953735,1006.73554107072,-81.3640135791728 
59200,2281699.31414795,-16028138.5584412,988.843247881268,-81.5153256190521 
59400,2281916.13171387,-16027146.0415039,988.785098202104,-81.5140708429689 
59600,2281902.8117981,-16029154.5481262,988.906435282377,-81.5151193851292 
59800,2281221.01034546,-16027331.165863,988.790308790734,-81.5165988139941 
60000,2281189.89770508,-16028175.0600281,988.841070477005,-81.5171286695734 
60200,2217766.02780151,-15809306.9408569,975.062435873734,-81.6318047993798 
60400,2218538.0647583,-15808705.1347351,975.0325871451,-81.6287606461901 
60600,2219429.24301147,-15809472.9046936,975.086592047688,-81.6259762332194 
60800,2218485.09347534,-15809319.9150696,975.069322971438,-81.6292555571122 
61000,2218561.78530884,-15809799.3387146,975.09897223659,-81.6292220939194 
61200,2148841.96524048,-15558767.6153564,959.325617696571,-81.7538286452065 
61400,2147564.55670166,-15560252.9315491,959.40481520001,-81.7591855530423 
61600,2148253.28994751,-15558088.8025208,959.279628055447,-81.7556171921629 
61800,2147286.95877075,-15559269.0771484,959.342969122364,-81.7596979974296 
62000,2147428.32537842,-15559624.4544067,959.365651650018,-81.7593643905353 
62200,2085705.61636353,-15339345.7376709,945.524194569597,-81.8742014919713 
62400,2083933.47549438,-15339470.7720947,945.5171847955,-81.880763063206 
62600,2084373.00946045,-15338896.7763977,945.486059632901,-81.8788650203337 
62800,2083760.34356689,-15339009.6829224,945.487855033708,-81.8811683011162 
63000,2019319.81900024,-15103883.9795227,930.729714769804,-82.0022535948844 
63200,2021170.99227905,-15105072.7325134,930.816670421845,-81.9959474812483 
63400,2020234.75259399,-15105324.9302063,930.824355980694,-81.9995620335547 
63600,2020079.99597168,-15105053.7988281,930.806688859011,-82.0000036038333 
63800,2019694.81542969,-15104089.5891113,930.745197742553,-82.0009585149546 
64000,1959877.55438232,-14887017.4353333,917.121398868451,-82.1174127621663 
64200,1959960.36904907,-14887228.7645569,917.134856322259,-82.11720471847 
64400,1960133.45584106,-14889181.3125305,917.25447451714,-82.1175223560021 
64600,1959630.79574585,-14891066.3426819,917.364618142741,-82.1203620635638 
64800,1960420.79553223,-14890385.0378723,917.329657945361,-82.1170349278984 
65000,1960172.0569458,-14889701.7680664,917.286298916066,-82.117635511754 
65200,1959611.64276123,-14890138.2695618,917.164850107423,-82.060845554006 
65400,1960004.59405518,-14889837.5679626,917.149775092966,-82.0592095483904 
65600,1837378.96966553,-14434482.8833923,888.610393543785,-82.3039297812306 
65800,1836969.16015625,-14434416.8530579,888.603233593754,-82.3054977110286 
66000,1836736.23165894,-14434446.2897339,888.603221197474,-82.3064221916064 
66200,1836518.83480835,-14434845.099823,888.625705580564,-82.3074695713211 
66400,1837022.52926636,-14436277.4846802,888.716362685804,-82.3062140837193 
66600,1837692.35415649,-14437038.6090393,888.767636154413,-82.303976396878 
66800,1838738.72637939,-14437167.2190552,888.783498379114,-82.2999539138624 
67000,1838534.09155273,-14435800.2649231,888.699110091269,-82.3000731829589 
67200,1838441.11022949,-14436780.1687622,888.757754927542,-82.3009237051673 
67400,1736188.59106445,-14047386.5925293,864.385490539422,-82.5124035596504 
67600,1737875.31387329,-14044988.0235291,864.252762043423,-82.5044351683572 
67800,1736760.9213562,-14046123.0653381,864.313199392444,-82.5094766680616 
68000,1737992.66555786,-14044890.2822571,864.247718354995,-82.5039150611073 
68200,1736763.95565796,-14043796.499176,864.172215340183,-82.5083085053895 
68400,1735289.06268311,-14049494.1829224,864.506491434214,-82.5170631354502 
68600,1738604.13476563,-14047945.7614746,864.437486589683,-82.5029776093766 
68800,1738222.58068848,-14048146.0365601,864.446762952249,-82.5046098855093 
69000,1735848.19863892,-14047517.4247437,864.39087043333,-82.5138359989515 
69200,1738533.36459351,-14045956.2380981,864.316377808638,-82.5022726874632 
69400,1648918.69616699,-13668935.2107849,840.798275859271,-82.6796520978559 
69600,1647570.99356079,-13667963.9341431,840.729534400971,-82.6847365367089 
69800,1647586.03594971,-13668112.4418335,840.738648355332,-82.6847483502197 
70000,1646477.58218384,-13662672.7391357,840.400738660509,-82.6866197727057 
70200,1643701.35443115,-13666689.2385254,840.623998611968,-82.7000926769812 
70400,1648342.78598022,-13671668.2255249,840.959766354367,-82.6833929187652 
70600,1646159.84088135,-13666959.4344177,840.65832185308,-82.6900674669853 
70800,1640643.04391479,-13668352.5530396,840.702569856876,-82.7135568753266 
71000,1641824.90713501,-13664719.1434326,840.49087031956,-82.7068691413525 
71200,1639455.43988037,-13671651.0072937,840.893929257066,-82.7200990172696 
71400,1552955.49584961,-13305112.013031,818.044151644297,-82.9007847755887 
71600,1553185.73519897,-13313190.8334961,818.535820658852,-82.9038108494615 
71800,1559317.42440796,-13306600.0723267,818.17954040772,-82.874498859442 
72000,1556220.72976685,-13304616.719696,818.0372506833,-82.8866669673216 
72200,1556751.19232178,-13308800.8014832,818.294801154096,-82.8864925988292 
72400,1549651.37268066,-13311680.2644043,818.419207380647,-82.9180711562396 
72600,1555975.35015869,-13310586.5524902,818.397614093449,-82.8906741931085 
72800,1550825.97091675,-13310885.0632935,818.379269146886,-82.9126897004067 
73000,1551502.4045105,-13315466.6862488,818.661964389332,-82.9120841593717 
73200,1559797.42211914,-13318281.7878113,818.891494802258,-82.8782712115545 
73400,1469039.76266479,-12966800.1018982,796.933580622778,-83.0945356560988 
73600,1466457.11096191,-12968272.8998108,797.005213631,-83.1065297399116 
73800,1469830.79345703,-12968109.9567871,797.018502548964,-83.0917323623734 
74000,1468418.83895874,-12968005.398407,797.002451537072,-83.0978399723422 
74200,1466998.2053833,-12967129.3511047,796.93953466313,-83.1036049353794 
74400,1468310.42822266,-12966725.9898987,796.924070729043,-83.0976808991788 
74600,1469391.05871582,-12967990.4656372,797.008227870107,-83.0935915046352 
74800,1470565.67276001,-12969653.1757507,797.117200579601,-83.089289991067 
75000,1468007.59732056,-12970757.8643494,797.166649671323,-83.1009928978319 
75200,1393947.45825195,-12646953.6861572,775.830546629804,-84.3411586402801 
75400,1393899.05895996,-12646352.2728271,775.793772279811,-84.3410785671327 
75600,1391700.77859497,-12646075.0395203,775.76229518895,-84.3507822027484 
75800,1394465.39651489,-12648265.5113525,775.913515295032,-84.3394877001679 
76000,1395698.80603027,-12644060.1400757,775.666881562674,-84.3318900849845 
76200,1396422.75305176,-12644947.0866699,775.725481724662,-84.3290875735473 
76400,1394611.1925354,-12643939.4764099,775.652294859735,-84.3366996716973 
76600,1393767.37564087,-12642994.5991516,775.589387685584,-84.3400111320049 
76800,1392974.77075195,-12643732.7776489,775.628833800603,-84.3439241054295 
77000,1395472.14059448,-12642761.3620605,775.586648997339,-84.3322630549185 
77200,1325430.28225708,-12337346.9287415,756.610762200404,-84.4990101691676 
77400,1328666.7671814,-12338847.5437622,756.722843380882,-84.4848933767219 
77600,1323248.03637695,-12336116.0263977,756.521932691169,-84.5084230687449 
77800,1326383.82946777,-12336064.2874756,756.539213000173,-84.4939992205429 
78000,1325181.87335205,-12338216.1156616,756.661840818876,-84.5005792458857 
78200,1324672.49481201,-12333402.4528198,756.36668454683,-84.5005441985385 
78400,1326947.77270508,-12336423.5508423,756.564670699041,-84.491587321144 
78600,1328118.59646606,-12332871.6833496,756.356975198541,-84.4844556200145 
78800,1326960.32116699,-12332030.5411072,756.298421280397,-84.4893594004377 
79000,1326202.35739136,-12333995.8469849,756.412627645352,-84.4938112667863 
79200,1261297.04550171,-12044111.1010742,738.417648402033,-84.6525100449593 
79400,1263155.99667358,-12045309.1570435,738.502117163797,-84.6443539581207 
79600,1262677.55871582,-12038647.2208252,738.095071877195,-84.6433174533016 
79800,1263546.34552002,-12042059.3820801,738.307523359923,-84.6409130613916 
80000,1259243.36196899,-12041368.3684387,738.238282259652,-84.6608242217324 
80200,1261573.47497559,-12047653.854187,738.634251959598,-84.6529549599447 
80400,1260480.80975342,-12048442.8501282,738.675164728622,-84.6584834063352 
80600,1261685.44454956,-12042120.0856628,738.299372119542,-84.6497008279388 
80800,1258719.84014893,-12045125.6019287,738.462822593279,-84.6651363825035 
81000,1262054.05984497,-12046254.4055176,738.552436115467,-84.6500045078053 
81200,1197008.33932495,-11767275.2721863,721.224006481912,-84.8225647000959 
81400,1199416.1784668,-11766972.5054932,721.220513341339,-84.8108123355977 
81600,1202190.60427856,-11768428.6631165,721.326018956159,-84.7981591501464 
81800,1197769.32043457,-11763632.0787354,721.007698839735,-84.8171097446415 
82000,1197097.01583862,-11764557.4155579,721.059680871724,-84.8208045818702 
82200,1197546.99502563,-11766865.0063477,721.202443372653,-84.8197675980329 
82400,1200356.04840088,-11768018.2632446,721.289764008798,-84.8067970577585 
82600,1199925.06723022,-11765316.772644,721.123221603013,-84.8075461669811 
82800,1199257.97445679,-11767425.3319092,721.247004432459,-84.8117971419667 
83000,1203629.21972656,-11761991.4621887,720.94446227168,-84.7880536410143 
83200,1140727.91055298,-11488306.5912781,703.955684748698,-84.9603326877372 
83400,1145374.16265869,-11485958.2969971,703.841251665255,-84.9362311376736 
83600,1145306.0057373,-11484949.9828491,703.779659766526,-84.9360711341635 
83800,1141814.18051147,-11485908.20224,703.816705589416,-84.9537906013835 
84000,1143009.68237305,-11486444.2484131,703.85644576422,-84.9481489105655 
84200,1138704.13226318,-11488172.95401,703.935393340639,-84.9702621148032 
84400,1139917.11401367,-11486138.7295837,703.819260017915,-84.9632744010016 
84600,1140015.94003296,-11487024.827179,703.873621680568,-84.96322062685 
84800,1143281.26794434,-11482858.6411743,703.6405251614,-84.9450442192946 
85000,1087070.42471313,-11225742.4154663,687.702674133358,-85.0997907037868 
85200,1085842.37615967,-11225671.967804,689.53821924165,-83.6026484750442 
85400,1090331.15969849,-11224799.6542358,689.511613278183,-83.5795225552515 
85600,1088056.43017578,-11227742.053833,689.677239711285,-83.5924672895649 
85800,1088258.8354187,-11227029.8232117,689.635090986412,-83.5910949907511 
86000,1087415.40942383,-11225648.9033203,689.54608193299,-83.5946829535975 
86200,1086472.46212769,-11228054.7737122,689.686936046097,-83.600628256451 
86400,1085237.09237671,-11228063.3457642,689.680187171956,-83.6068780161609 
86600,1087221.57196045,-11228992.0663452,689.748387869416,-83.5972998934759 
86800,1086068.61846924,-11228372.0826416,689.703868467357,-83.6028250915843 
87000,1034766.85256958,-10972216.4483032,673.815282666024,-83.7400836351346 
87200,1036022.41055298,-10975441.6122131,674.01880734227,-83.7351608090191 
87400,1036898.94998169,-10971232.7141113,673.767655986937,-83.728567192855 
87600,1033324.03265381,-10973158.3165588,673.864337830904,-83.7480106448747 
87800,1032668.8286438,-10973168.5707092,673.861207514088,-83.7514067014858 
88000,1036925.9263916,-10969910.141449,673.687308202377,-83.7277804634525 
88200,1032686.08349609,-10969397.5999146,673.631764711254,-83.7494800192393 
88400,1032703.84671021,-10972937.9867554,673.847372291742,-83.7511131455078 
88600,1036532.1882019,-10971092.6544495,673.757021226522,-83.7303971113113 
88800,1033987.40570068,-10973840.5299683,673.909667966239,-83.7449100234769 
89000,988364.950195313,-10743230.7658386,659.612357947001,-83.8712446851176 
89200,988475.601806641,-10745592.2841492,659.756753253802,-83.8718083376413 
89400,988764.542114258,-10745894.7950439,659.776789348354,-83.8704278024598 
89600,989358.467956543,-10741654.9065552,659.521983921791,-83.8652229997504 
89800,986329.250915527,-10742996.2505493,659.586689207267,-83.8818966703898 
90000,989144.119812012,-10742917.527832,659.59765325427,-83.8669715998607 
90200,988701.401550293,-10743140.8013916,659.608765515971,-83.8694216026248 
90400,988327.828155518,-10743028.4603271,659.599833126131,-83.8713425768314 
90600,987324.477325439,-10742993.7480774,659.592102764079,-83.8766320105328 
90800,989265.668914795,-10744960.989563,659.722745149433,-83.8673237523519 
91000,943009.42276001,-10520243.8151855,645.78404931039,-84.0054278592616 
91200,941575.256378174,-10523492.1327515,645.974037665335,-84.0147468234502 
91400,943583.225524902,-10521379.5038757,645.856340521382,-84.0028779964751 
91600,943007.433563232,-10519500.7296143,645.738787819788,-84.0050787082108 
91800,944996.523803711,-10522870.9916687,645.954888277454,-83.9959667268925 
92000,946270.729644775,-10519359.5496826,645.748035431342,-83.9873783206329 
92200,944835.866607666,-10522484.4595947,645.930471999149,-83.9966470221736 
92400,947005.679534912,-10522140.0022278,645.921374501966,-83.9847594771734 
92600,946724.747650146,-10520164.0037231,645.799509161372,-83.9853164211227 
92800,906919.68939209,-10304616.2425842,632.457104619838,-84.0978950887131 
93000,900811.79498291,-10305766.6244812,632.494541060361,-84.1321517925601 
93200,905349.701599121,-10308956.9488525,632.713068082201,-84.1086609253852 
93400,901626.180664063,-10311476.3463135,632.846642048824,-84.1304130742682 
93600,900910.489135742,-10307296.1712646,632.588227408587,-84.1323448809893 
93800,902144.826080322,-10305082.0805664,632.4599497127,-84.1244663313646 
94000,902609.773040771,-10309680.5979309,632.742509861708,-84.1241223160621 
94200,906008.631896973,-10309416.2713013,632.744568885334,-84.1052493594989 
94400,906006.989837646,-10310137.1820984,632.788467196118,-84.1056077940005 
94600,902007.07723999,-10307732.3614502,632.620635798095,-84.1265060487568 
94800,865850.444763184,-10107826.1759644,620.253281816058,-84.2315108139443 
95000,862559.683135986,-10102063.3132935,619.885078965913,-84.2472599468181 
95200,862803.220306396,-10107405.5758362,617.893140929539,-86.2362168196368 
95400,861399.391235352,-10098661.5168457,617.355188300975,-86.2399197161849 
95600,866563.646697998,-10100565.9723511,617.497580306126,-86.2117529277516 
95800,860936.761474609,-10103187.9220276,617.627506658343,-86.2446981519729 
96000,869298.069091797,-10106767.5708923,617.88819613974,-86.1993590653752 
96200,862283.897369385,-10101608.0183105,617.538593970419,-86.236354345203 
96400,862185.890991211,-10099333.7087708,617.400057327334,-86.2358129176428 
96600,860417.009094238,-10103737.0829773,617.658148834,-86.2478877630956 
96800,823750.563873291,-9910039.88848877,605.714102128556,-86.3636913347203 
97000,822297.219299316,-9909861.91714478,605.695972080477,-86.3719516214826 
97200,824213.330718994,-9906198.52050781,605.483260856171,-86.3591990296761 
97400,829042.966156006,-9896757.2401123,604.93464940871,-86.3269158795327 
97600,830175.474639893,-9908028.55819702,605.624561097178,-86.3258344615713 
97800,832303.063690186,-9902971.55914307,605.32844918905,-86.3111765537135 
98000,821297.11114502,-9908655.41784668,605.617699432956,-86.3771202054119 
98200,822047.312316895,-9899654.40332031,605.075092063351,-86.368519526546 
98400,820255.960906982,-9907237.74108887,605.526406232549,-86.382425435892 
98600,829578.010803223,-9906286.45852661,605.515780294946,-86.3284276227059 
98800,790958.638916016,-9715393.25326538,593.734090242845,-86.4610027304754 
99000,796145.05279541,-9714512.46157837,593.706337309685,-86.4301961020907 
99200,794121.791534424,-9710492.61395264,593.452244450266,-86.4401237659541 
99400,793090.146575928,-9716554.25970459,593.815123401337,-86.4490704859096 
99600,790234.04989624,-9713457.36941528,593.612981743067,-86.4643251301736 
99800,795618.042999268,-9714267.2350769,593.688828976064,-86.4331659910404 
100000,793553.125457764,-9717812.3210144,593.893793995583,-86.4469602817216 
100200,793346.661102295,-9716826.0657959,593.832895821375,-86.4476978996738 
100400,790695.231140137,-9718388.69589233,593.914643419593,-86.4639737471346 
100600,755453.580657959,-9534269.55758667,582.563887343989,-86.5849547427588 
100800,755898.672058105,-9534071.99807739,582.554033477453,-86.5822031432553 
101000,755228.848724365,-9534789.06347656,582.594351178175,-86.5865425765866 
101200,754748.891784668,-9531934.95800781,582.41873882746,-86.5880591780858 
101400,761349.77255249,-9533247.79324341,582.530326062841,-86.5492573534121 
101600,759885.736724854,-9528954.28207397,582.262537965038,-86.5559559227489 
101800,761986.881988525,-9532115.56365967,582.464670570336,-86.5449120332427 
102000,756056.784210205,-9533855.93826294,582.541675462174,-86.5811565672679 
102200,758323.72454834,-9528776.47940063,582.244186407625,-86.5652042294831 
102400,755648.255004883,-9530326.79263306,582.325416640887,-86.5819252295029 
102600,728171.869445801,-9357871.63204956,571.722162146302,-86.6659167705171 
102800,728419.471679688,-9356223.3175354,571.623234424809,-86.6636289096741 
103000,727161.398498535,-9354305.01635742,571.500796887344,-86.6703790810696 
103200,726698.032470703,-9357801.37304688,571.710937897918,-86.674853277844 
103400,729059.825073242,-9355899.20327759,571.606580739052,-86.6595774165256 
103600,729851.03036499,-9354373.07452393,571.517650166986,-86.654036540056 
103800,728058.977661133,-9355794.90542603,571.595514035278,-86.6656202839856 
104000,728713.684539795,-9357548.22982788,571.705084056938,-86.6624660900852 
104200,727035.701873779,-9353555.35946655,571.454678372948,-86.6707895963258 
104400,726197.399475098,-9354477.50323486,571.506723981318,-86.6763297495242 
104600,697331.455444336,-9187495.69387817,561.230918748217,-86.7749241221432 
104800,696978.98147583,-9190110.8119812,561.388127982676,-86.7783394346965 
105000,696661.583770752,-9184412.52935791,561.040570721935,-86.7776276099616 
105200,698897.303009033,-9187505.69311523,562.739384121732,-84.9032885968697 
105400,698582.767791748,-9190331.8354187,562.910034665708,-84.9065708391856 
105600,698713.175476074,-9185677.87786865,562.627220659713,-84.9035681965233 
105800,697960.830322266,-9183714.24264526,562.504155096098,-84.9073084751193 
106000,697114.526824951,-9184514.87945557,562.548998413376,-84.9129351049439 
106200,695629.783905029,-9190282.62228394,562.893396793669,-84.924852377705 
106400,697289.020843506,-9189000.66091919,562.822984163995,-84.9139641161864 
106600,674353.735290527,-9021245.03634644,552.501200528587,-84.978415619104 
106800,671635.86138916,-9027402.11099243,552.86385204868,-84.9984752200111 
107000,665646.363250732,-9021863.60131836,552.499488949653,-85.0337028445946 
107200,673587.339111328,-9026746.84463501,552.832798862927,-84.9858491932125 
107400,675737.906341553,-9026346.77410889,552.818222501506,-84.9720856074758 
107600,675113.875305176,-9028988.98510742,552.976299779643,-84.9772717399329 
107800,672183.809020996,-9026747.06143188,552.826439929581,-84.9947087401164 
108000,668806.99887085,-9027804.03216553,552.875540151535,-85.0165191797504 
108200,672676.286346436,-9028212.34350586,552.917917612326,-84.992289220264 
108400,637966.773651123,-8827084.52276611,540.512006547401,-85.1196288283319 
108600,636060.700042725,-8824131.9644165,540.323769184253,-85.1305625779108 
108800,639484.686981201,-8825652.67193604,540.431476861199,-85.1091576098558 
109000,635991.16293335,-8824567.31765747,540.349983865565,-85.1312144291471 
109200,638664.914123535,-8826541.63476563,540.482011913351,-85.1148671897635 
109400,639402.942779541,-8828880.0982666,540.627713017088,-85.1111950024247 
109600,639525.252380371,-8829487.33712769,540.665242273066,-85.1106893456113 
109800,638271.787414551,-8827697.86843872,540.550711677973,-85.1179456598895 
110000,638424.183258057,-8823235.20565796,540.279540394873,-85.1148767924963 
110200,639672.072814941,-8829230.7588501,540.650260817713,-85.1096215842151 
110400,617953.959899902,-8717134.40075684,533.726774997373,-85.1985336283744 
110600,620774.75769043,-8714278.61437988,533.565011047978,-85.1787558897208 
110800,625640.716918945,-8717027.68151855,533.753675978003,-85.1482159698933 
111000,618274.496612549,-8716733.36880493,533.70372837902,-85.1962513249879 
111200,624132.019744873,-8721408.74899292,534.01397427767,-85.1601319611502 
111400,623870.99118042,-8715779.96194458,533.669940465431,-85.1592046419314 
111600,619765.125427246,-8717877.6010437,533.77988421611,-85.1870344662332 
111800,625130.903991699,-8718550.28430176,533.844201251801,-85.1522636429254 
112000,621079.1690979,-8715677.76651001,533.651568144173,-85.1774167477848 
112200,624099.084320068,-8719156.82055664,533.87664718522,-85.1592936903623 
112400,601012.144683838,-8573861.99954224,524.925449148388,-85.2436528971456 
112600,601386.048156738,-8573193.21279907,524.886301071046,-85.2408545011192 
112800,598871.133209229,-8572044.33294678,524.805579344108,-85.2570462390824 
113000,598840.702056885,-8573925.24639893,524.920045592916,-85.2581224793995 
113200,594840.51449585,-8570284.21640015,524.681241128502,-85.2830443836412 
113400,597226.038848877,-8570717.36456299,524.717739314297,-85.2673737726922 
113600,599251.842529297,-8574171.60079956,524.936804970369,-85.2555028545988 
113800,599731.229400635,-8570310.56686401,524.703613062755,-85.2505183066233 
114000,598970.131866455,-8570138.12173462,524.689863953409,-85.2555015865654 
114200,598811.080322266,-8570350.05529785,524.702098947177,-85.2566582773681 
114400,575004.162628174,-8429733.04116821,516.034294316934,-85.3512411842235 
114600,574985.394348145,-8430153.71328735,516.059848907607,-85.3515622735209 
114800,576198.475189209,-8429747.087677,516.040119238468,-85.3431677676714 
115000,573962.66583252,-8430831.41210938,516.096896485202,-85.3587932725084 
115200,575859.526306152,-8429519.30444336,517.678665138731,-84.6934877411274 
115400,574013.915313721,-8432887.32144165,517.876851471079,-84.7075254173382 
115600,574328.367248535,-8429550.99765015,517.674216991848,-84.7038614832612 
115800,576473.195556641,-8430957.94683838,517.769169069424,-84.6900015042438 
116000,575964.373809814,-8429341.20962524,517.668216560604,-84.6926960709731 
116200,577804.662353516,-8428238.80050659,517.608528950389,-84.6797343015644 
116400,548908.593505859,-8289382.42416382,509.001037226872,-84.8130592674207 
116600,547737.839233398,-8289801.18292236,509.021904114382,-84.8213066216494 
116800,549384.091522217,-8285951.83929443,508.793232100559,-84.8082217089777 
117000,547488.226531982,-8289095.59671021,508.977758890517,-84.8227036436292 
117200,548051.786071777,-8289070.36376953,508.978493074242,-84.8188136703319 
117400,548332.405578613,-8290779.58740234,509.084123115486,-84.8176603964914 
117600,550126.160339355,-8288582.86355591,508.957090386697,-84.8043151356781 
117800,551707.673126221,-8290051.86676025,509.053323616806,-84.7941036500354 
118000,548065.470184326,-8291600.96563721,509.133260133822,-84.8198706680761 
118200,526812.876281738,-8133208.57437134,499.364274480731,-84.8955097197444 
118400,527471.074951172,-8135150.64419556,499.485623611575,-84.8917756802469 
118600,527579.061828613,-8133475.21685791,499.38361389595,-84.8902561109333 
118800,529216.913421631,-8132963.28665161,499.358819889068,-84.8785331821978 
119000,526935.161407471,-8132928.64550781,499.347643527391,-84.8945246283762 
119200,529422.283691406,-8132188.07473755,499.312240353242,-84.8767384350355 
119400,528534.036651611,-8132304.72061157,499.315839581771,-84.8830234485624 
119600,528736.308746338,-8133947.61975098,499.417091545637,-84.8823535951071 
119800,527184.045623779,-8132300.74069214,499.310238663771,-84.8924930336412 
120000,529496.680999756,-8134280.19403076,499.440449433046,-84.8771719294039 
120200,504789.524719238,-7958129.85055542,488.572886476848,-84.9721086117116 
120400,504052.600006104,-7958577.41842651,488.597397879945,-84.9775962536224 
120600,503504.098358154,-7957627.09671021,488.537165007003,-84.9810981304457 
120800,504221.141998291,-7957933.17578125,488.558657082351,-84.9760950307058 
121000,504894.897155762,-7957794.10232544,488.552765269307,-84.9712002546973 
121200,504997.799316406,-7957360.4755249,488.52664963897,-84.9702649919362 
121400,504416.591644287,-7958310.75317383,488.582502223361,-84.9748650701908 
121600,503757.463470459,-7957580.67602539,488.535307017423,-84.9792600776887 
121800,504336.994262695,-7959693.71859741,488.666758153227,-84.9760641817212 
122000,505147.30480957,-7958765.37841797,488.613135106757,-84.9698322980001 
122200,494190.202331543,-7886378.96524048,484.144572691311,-85.0158751470742 
122400,493658.309020996,-7887536.55447388,484.21332235931,-85.0202486447391 
122600,493245.584320068,-7889964.87774658,484.360236320332,-85.0243334787145 
122800,493951.1121521,-7887407.57449341,484.206556184341,-85.0180715544578 
123000,492644.802307129,-7887674.20605469,484.217864901825,-85.0276443910986 
123200,492924.774536133,-7887010.25079346,484.178333317292,-85.0253183366986 
123400,493500.103027344,-7885803.20547485,484.106722342002,-85.020608489984 
123600,492340.047668457,-7886985.28753662,484.174573405401,-85.0295383445153 
123800,493770.2578125,-7887174.28369141,484.191597970963,-85.0192745082614 
124000,492214.287994385,-7888259.76721191,484.252028910137,-85.031023871799 
124200,476443.796875,-7765289.81744385,476.672392067379,-85.0905420074638 
124400,475267.81628418,-7765479.19158936,476.679566237329,-85.0992716546414 
124600,474820.114837646,-7765782.52297974,476.696441743397,-85.1026989311152 
124800,474471.317687988,-7764426.96847534,476.612238063073,-85.1046538847473 
---------------------------------------------------------- 

