----- Barrido de N desde 1 a 1024-----
frecuencia: 200 | Fuente: Highspeed_ADC 
 
Formato: N,X,Y,R,phi 

1,2200.484375,-3688.140625,0.262136144803505,-59.1780975094118 
2,-2797.4765625,890.46875,0.179191316715634,162.343132811193 
3,-3198.796875,-4306.91666666667,0.327455686110455,-126.601700009205 
4,-3338.447265625,-2892.703125,0.269621740892718,-139.091672686793 
5,-4101.471875,-3715.2375,0.337778340209496,-137.828762741033 
6,-4092.62109375,-4464.53385416667,0.369672810063798,-132.511365691806 
7,-1583.93973214286,-4463.24888392857,0.289069773111808,-109.539006576011 
8,-1239.8427734375,-2630.2626953125,0.177485449463787,-115.238065959482 
9,-3665.00520833333,-4692.08506944444,0.363403182664196,-127.99352828296 
10,-1082.33828125,-4533.29453125,0.28447582991918,-103.428164929604 
11,-3963.39417613636,-4509.37002840909,0.366440314283243,-131.313018928257 
12,-3177.42578125,-3255.82161458333,0.277677578542433,-134.301825690242 
13,-2267.14783653846,-4817.32632211538,0.324970353271058,-115.202786210578 
14,-2788.84598214286,-4667.28180803571,0.331859464196762,-120.859629867792 
15,-4316.58020833333,-3347.52135416667,0.333413920792007,-142.206310997724 
16,-3925.30029296875,-4254.30029296875,0.353314477243913,-132.696689990125 
17,-2943.67830882353,-3696.93060661765,0.288444561099046,-128.528531215361 
18,-4077.41536458333,-2796.85329861111,0.301795220553588,-145.552301205563 
19,-2661.57771381579,-4103.45435855263,0.298534883778014,-122.968200858138 
20,-1886.98125,-4339.965625,0.288854104197528,-113.49900617498 
21,-2935.87723214286,-3300.8125,0.26963401592016,-131.651198537932 
22,-2272.05859375,-3340.48224431818,0.246585567054801,-124.221925676791 
23,-3695.53328804348,-3862.65455163044,0.326288777684479,-133.733322955113 
24,-1908.85123697917,-3670.99446614583,0.252548094731865,-117.473622174642 
25,-2290.0984375,-2944.90875,0.227701938167291,-127.870302297928 
26,-3670.00240384615,-4546.05498798077,0.356612582535203,-128.913725690393 
27,-3115.13946759259,-4156.52575231481,0.317044868046055,-126.849999975795 
28,-2922.51283482143,-4331.17717633929,0.318915807321612,-124.009972350976 
29,-3529.96740301724,-3196.26400862069,0.290659114048974,-137.840243083307 
30,-2154.6421875,-3946.19817708333,0.274428865358467,-118.634741401461 
31,-3271.61441532258,-2796.42338709677,0.262696441843253,-139.477722366699 
32,-2776.92626953125,-3662.19506835938,0.280524653182212,-127.171887481836 
33,-2713.70454545455,-4246.11292613636,0.307578537459196,-122.582777935179 
34,-3299.47288602941,-3930.07375919118,0.313209731065509,-130.01496355433 
35,-3776.36160714286,-3644.75736607143,0.320343554234334,-136.015962324506 
36,-2994.04383680556,-4071.29644097222,0.308461994710032,-126.330876998044 
37,-2972.39991554054,-3648.2191722973,0.287228722010706,-129.171552021885 
38,-3693.37171052632,-3626.52282072368,0.315937552990589,-135.523238792343 
39,-2799.97516025641,-3701.84074519231,0.283303083807134,-127.102904380261 
40,-2437.8640625,-3607.0818359375,0.265733482739983,-124.05298831905 
41,-4039.51676829268,-3919.52877286585,0.343548971855193,-135.863707204525 
42,-3146.73288690476,-4516.74665178571,0.33599716480926,-124.864204996664 
43,-2586.19821947674,-3902.64316860465,0.285761770498166,-123.531585437513 
44,-3313.8359375,-3495.62357954545,0.29399887158123,-133.470775647822 
45,-2906.30711805556,-5055.66510416667,0.355937263291066,-119.892936855465 
46,-2746.04364809783,-4029.06334918478,0.297608562913394,-124.276731184261 
47,-2802.46791888298,-3593.04504654255,0.278129288036216,-127.953167864658 
48,-3102.60856119792,-4093.66194661458,0.313520306405634,-127.158685424382 
49,-2989.06552933673,-4024.10044642857,0.305964744907464,-126.604632057373 
50,-3464.01875,-3970.634375,0.321621441626629,-131.101750335709 
51,-2756.10431985294,-3909.52849264706,0.291961978619261,-125.182727752108 
52,-2947.36358173077,-3539.13521634615,0.28111791771452,-129.787262453945 
53,-3828.62883254717,-4124.72494103774,0.343502084000224,-132.867915038577 
54,-3299.90379050926,-4166.30367476852,0.324401571270672,-128.380840410442 
55,-3613.70269886364,-3985.92414772727,0.32839072536438,-132.195955906217 
56,-3302.7373046875,-4673.150390625,0.349281151905571,-125.250663410791 
57,-3429.26466557018,-3701.7735745614,0.307998045753694,-132.811536544114 
58,-3629.57839439655,-3904.24771012931,0.325373626587346,-132.912027010425 
59,-3090.81077860169,-4142.28919491525,0.315459669058759,-126.728830227666 
60,-2965.71888020833,-2941.57734375,0.254959202848398,-135.234151191538 
61,-3268.61654713115,-3987.0434170082,0.314683390075763,-129.345229659164 
62,-2485.00655241935,-4027.56691028226,0.288857669828565,-121.674562821755 
63,-2775.7785218254,-3583.27728174603,0.276658814127438,-127.763081429899 
64,-3243.66491699219,-2954.25329589844,0.267791701430689,-137.673482877071 
65,-3258.58413461538,-4137.94711538462,0.321480170372254,-128.220011411636 
66,-2597.9140625,-3450.40388257576,0.263623713991025,-126.977203222129 
67,-3330.23554104478,-4020.0927005597,0.318632029357857,-129.638272397558 
68,-2443.47897518382,-3770.29917279412,0.274230471052548,-122.946716852835 
69,-2829.62341485507,-3793.86730072464,0.288881174304491,-126.717101181841 
70,-2998.43738839286,-3762.93638392857,0.293678251401138,-128.549044685762 
71,-3141.04379401408,-3554.33065580986,0.289520286802949,-131.467772400105 
72,-3207.97417534722,-4389.58799913194,0.331850481573756,-126.159872946483 
73,-3108.61547517123,-3884.0676369863,0.303652093701457,-128.672051385555 
74,-2849.77459881757,-3518.97951858108,0.276386729818364,-129.001584855545 
75,-3520.7825,-2985.94729166667,0.281775536339584,-139.69899101403 
76,-3006.71021792763,-3845.10680509868,0.297927889913473,-128.023897469604 
77,-2827.07071834416,-3715.58390827922,0.284970936097594,-127.266362889275 
78,-3292.99709535256,-3859.06470352564,0.309646098619771,-130.474617668452 
79,-2963.74515427215,-3122.36876977848,0.262763991390887,-133.507026528088 
80,-3010.25029296875,-3841.64384765625,0.297894635399951,-128.081678088316 
81,-3189.05063657407,-3516.19010416667,0.289740336150268,-132.20683258627 
82,-3324.98618521341,-4371.42625762195,0.335231070744433,-127.257277733675 
83,-3301.75037650602,-4418.48371611446,0.336670779147511,-126.769243581263 
84,-3095.01283482143,-3911.99441964286,0.304468929819464,-128.349629482288 
85,-2854.834375,-3775.97876838235,0.288932092428814,-127.09115774997 
86,-3228.36046511628,-4048.68068677326,0.316064080173762,-128.568360644974 
87,-3038.8588362069,-3957.02774784483,0.304529656734154,-127.523001424506 
88,-2990.59543678977,-3681.89968039773,0.289524300248994,-129.084971187866 
89,-3661.34436446629,-3752.62113764045,0.320008702222234,-134.294640679995 
90,-3330.26354166667,-3615.0484375,0.300009400326844,-132.65196478157 
91,-3493.14182692308,-3860.10319368132,0.317758723529916,-132.143042403743 
92,-3081.81428328804,-3747.64835258152,0.296155034180032,-129.431583189736 
93,-3119.0046202957,-3241.9939516129,0.274590038290112,-133.892329308296 
94,-2997.50955784574,-4163.19622672872,0.313122086770903,-125.753962253564 
95,-2989.32393092105,-3609.30904605263,0.286049254137622,-129.632441041666 
96,-3564.95532226563,-3873.04028320313,0.321296847210522,-132.628140102439 
97,-3451.23799935567,-4064.00910115979,0.325432154702334,-130.338582886055 
98,-2529.95599489796,-4074.74386160714,0.292750079906951,-121.835613369581 
99,-3576.42889835859,-4283.23942550505,0.340589757826768,-129.861282247681 
100,-2938.715859375,-3738.3165625,0.290237678291218,-128.171127063114 
101,-2644.22254022277,-3810.9624845297,0.283118012585291,-124.754707157589 
102,-3434.75160845588,-3654.34773284314,0.306110088207715,-133.225739475839 
103,-3212.92786711165,-4007.16785497573,0.313496846862667,-128.722470535005 
104,-2636.46213942308,-4106.17638221154,0.297843248262178,-122.703396521458 
105,-3093.11584821429,-3389.47291666667,0.280078737318095,-132.382497083212 
106,-2921.51481426887,-4124.83151533019,0.308520751044887,-125.30898568301 
107,-2885.36959696262,-3299.93173189252,0.267554623099194,-131.165556394656 
108,-3179.814453125,-4007.94769965278,0.312273792289044,-128.427683614875 
109,-2800.46982511468,-4527.75494552752,0.324950885836904,-121.737279717903 
110,-2754.22819602273,-4024.76420454545,0.297673604458532,-124.38463190711 
111,-3085.94566441441,-4148.89161036036,0.315605434499327,-126.641871336967 
112,-3015.73116629464,-3802.21170479911,0.29621164249378,-128.419756940564 
113,-2912.06678650442,-3907.94925331858,0.297471414340209,-126.692187666686 
114,-2584.86444627193,-4249.49136513158,0.303592150408196,-121.311153785123 
115,-3079.43485054348,-3802.61426630435,0.298662524221198,-129.001260642547 
116,-2848.37789601293,-4390.14473329741,0.319420357382391,-122.975984716935 
117,-3395.41773504273,-3853.6922409188,0.31349391029116,-131.382687028754 
118,-3053.8515625,-3398.12347722458,0.278861383847141,-131.94564240123 
119,-3067.27737657563,-3810.80711659664,0.298585469388654,-128.83021158806 
120,-3272.60891927083,-3597.47102864583,0.296841836606733,-132.292699158093 
121,-2761.65179493802,-4305.11053719008,0.312189270562327,-122.679449425953 
122,-2898.80795338115,-3583.9435835041,0.281351786836199,-128.967037455574 
123,-2618.91361788618,-3660.34521087398,0.274712939671403,-125.583064059311 
124,-3271.99300655242,-4061.63627772177,0.318346689663463,-128.854395270468 
125,-2889.5945625,-3851.39125,0.293885299901127,-126.879904151343 
126,-3553.42367311508,-4214.06677827381,0.336452849902983,-130.138560723211 
127,-2989.49883120079,-3967.5703125,0.30321774062389,-126.997422311815 
128,-2881.47937011719,-3624.63385009766,0.282627722247261,-128.483686882957 
129,-2867.00357315891,-3855.75890261628,0.293273737540846,-126.633164623683 
130,-3292.00438701923,-3636.22524038462,0.299389078432076,-132.15566615927 
131,-2963.1757514313,-3824.25739503817,0.295291490742742,-127.769845599277 
132,-3190.39470880682,-3959.12322443182,0.310349534480871,-128.863036017092 
133,-3138.44830827068,-3521.59562969925,0.287920705631407,-131.707446034678 
134,-2963.02384561567,-3999.96210354478,0.303834452222935,-126.529678105252 
135,-2969.10167824074,-4330.70428240741,0.320491224577595,-124.434272612415 
136,-2954.68100873162,-4218.14579503676,0.314342981291465,-125.010056785423 
137,-3262.24281478102,-3755.37226277372,0.30362496218092,-130.980419625817 
138,-2998.28810009058,-3518.86967844203,0.282174444559189,-130.432989066485 
139,-2868.42586555755,-4256.67755170863,0.31329993683787,-123.974649602865 
140,-3375.49280133929,-4085.43387276786,0.323465804774021,-129.564412140224 
141,-3151.84097960993,-3865.66566932624,0.304436305607203,-129.191818935308 
142,-2755.47276628521,-4156.02338248239,0.304360962020626,-123.544658401949 
143,-3133.01655375874,-3396.98126092657,0.282062851935607,-132.685170144629 
144,-3281.56081814236,-3773.34982638889,0.305226660064915,-131.012433374674 
145,-2704.2786637931,-4072.08399784483,0.298364227336343,-123.588211688175 
146,-2651.62681934932,-4019.31121575342,0.293904416755191,-123.413702531022 
147,-3136.95663265306,-3624.890625,0.292598055162868,-130.872697989354 
148,-3000.41796875,-3526.54639991554,0.282615486651742,-130.39144093242 
149,-3231.57875419463,-4055.56538380872,0.316515121925327,-128.548737875695 
150,-3022.01505208333,-3726.03578125,0.292824534604822,-129.043907922936 
151,-3122.54635761589,-3847.85192466887,0.302464512883248,-129.059460077371 
152,-2676.58233963816,-3781.25364925987,0.282766612000552,-125.29299012165 
153,-2984.10911968954,-3596.86422589869,0.285261322346889,-129.680521080315 
154,-3202.2677049513,-4218.71398133117,0.323277695374187,-127.200771241556 
155,-2744.07232862903,-3530.16083669355,0.272911033255296,-127.858715480022 
156,-2983.53841145833,-3947.08253205128,0.302000424992341,-127.08506848014 
157,-2629.77766719745,-3756.96745621019,0.279910039453669,-124.991001243617 
158,-2961.01893789557,-3924.85042523734,0.30008919741837,-127.031941992098 
159,-2925.09173545597,-3817.76120283019,0.293558634147795,-127.458608682455 
160,-2995.47036132812,-3918.37094726563,0.301046022102957,-127.396765978063 
161,-2923.24495341615,-3559.43172554348,0.281134384163487,-129.395143545132 
162,-3100.27464313272,-4031.86873070988,0.310435912467076,-127.55820881195 
163,-2796.54447852761,-4317.04773773006,0.313955595230825,-122.934801321158 
164,-2997.26724466463,-3589.7207507622,0.285439969926162,-129.860474690348 
165,-2914.87064393939,-3687.97054924242,0.286923318607443,-128.321875768759 
166,-2861.74576430723,-4180.17804028615,0.309208244323518,-124.395503092904 
167,-3160.96290232036,-3776.22380239521,0.300582082503644,-129.931683656817 
168,-3037.35300409226,-4140.53915550595,0.313433132043287,-126.262454001501 
169,-2928.17973372781,-4259.37902181953,0.315488455100244,-124.507213623009 
170,-2933.67798713235,-3385.65363051471,0.273437105013503,-130.909017607853 
171,-2693.34900402047,-4009.28298611111,0.294806140919805,-123.892346085078 
172,-2856.1769622093,-3904.70439680233,0.295285864455907,-126.184377551719 
173,-3384.80626806358,-3719.2973265896,0.306950587015036,-132.304264766371 
174,-3022.18633261494,-4032.37728987069,0.307578594965202,-126.85082668297 
175,-3099.99977678571,-4113.90455357143,0.314410028322259,-126.999558850076 
176,-2889.6649946733,-4176.65398615057,0.309997172548981,-124.677857846691 
177,-2957.95692090395,-4096.7014036017,0.308418018583874,-125.830557670952 
178,-2620.03581460674,-4016.5743943118,0.292707080030081,-123.116653680814 
179,-2845.37853526536,-3712.89503317039,0.285518678210955,-127.464764603383 
180,-2745.54691840278,-3625.49223090278,0.277582389608707,-127.136261751 
181,-2905.00707872928,-3782.05300414365,0.291083175955339,-127.527982267851 
182,-2935.50583791209,-3640.54872081044,0.285447040730789,-128.88048575406 
183,-3038.35954576503,-3746.11945013661,0.294405021447483,-129.044420508027 
184,-2929.3039232337,-3727.40951936141,0.289359268946318,-128.163166328367 
185,-2951.88872466216,-3964.38188344595,0.301685743867079,-126.671462377312 
186,-3267.30741767473,-4120.99773185484,0.320998551825528,-128.408921104445 
187,-3245.85874832888,-4212.75112800802,0.324604892637313,-127.613688319321 
188,-2923.36199301862,-3999.73046875,0.302388315055635,-126.16268648696 
189,-3057.48726851852,-3722.06349206349,0.294005791647339,-129.40137733712 
190,-2809.39358552632,-3640.63244243421,0.280683341738204,-127.656555548334 
191,-2717.45095713351,-3675.2890625,0.278988518722058,-126.4786390095 
192,-2957.47884114583,-4080.45747884115,0.30759759569266,-125.93426182724 
193,-2946.95834682643,-3762.84196891192,0.291725939972054,-128.067108294103 
194,-3188.88853092783,-3839.52375966495,0.30464109212365,-129.711080180043 
195,-2922.83465544872,-3881.12411858974,0.296555043734185,-126.983027394371 
196,-3232.14999202806,-3773.13855229592,0.303246309693805,-130.584055991296 
197,-3167.39847715736,-3451.23980805838,0.285920938354944,-132.544366273763 
198,-3032.92743844697,-4083.26294191919,0.310460014037763,-126.603877356594 
199,-2918.00730213568,-3796.73170540201,0.292277078198624,-127.544355384643 
200,-3142.827734375,-3969.8665234375,0.309049940473587,-128.367633874913 
201,-3136.94861629353,-4021.56366604478,0.311309266968386,-127.955373151105 
202,-3160.74655785891,-3487.12550278465,0.287265677224812,-132.189306141515 
203,-3050.53032635468,-3942.52770935961,0.304263631690442,-127.730907925296 
204,-3040.57532935049,-3974.48023897059,0.305438851400894,-127.416879326475 
205,-2833.12217987805,-3686.65076219512,0.283792439296943,-127.541604279508 
206,-2777.58555825243,-3646.50811589806,0.279786684137381,-127.296925558004 
207,-2920.14402173913,-4243.62696256039,0.314418332232705,-124.53281607744 
208,-3087.34622896635,-3479.65099158654,0.283934855455118,-131.581279853173 
209,-2867.80749102871,-3770.48628139952,0.289143424366788,-127.256384027282 
210,-2959.09367559524,-4026.87399553571,0.305013835164517,-126.309800881135 
211,-2734.62211196682,-3561.13088714455,0.27405425273118,-127.520959166404 
212,-3149.93101415094,-3650.93440448113,0.294318628319632,-130.78676841235 
213,-2707.54779196009,-3534.51478139671,0.271759468626891,-127.453233133357 
214,-2920.0625,-3751.28095794393,0.290159445920396,-127.897812118347 
215,-3119.60530523256,-3855.0863372093,0.302694558462616,-128.980407941333 
216,-2980.98162615741,-3987.79839409722,0.303893182077818,-126.779057516458 
217,-2984.24125144009,-3954.0885656682,0.30236751191034,-127.042691406906 
218,-3105.75379873853,-3692.97846186927,0.294523676245094,-130.063462089805 
219,-2770.47331621005,-3946.26013127854,0.294300298803886,-125.070787594499 
220,-3090.56022727273,-3886.24886363636,0.303068884395607,-128.493663193766 
221,-3299.422864819,-3826.41749151584,0.308388969322175,-130.770365656776 
222,-2898.72378237613,-4152.63228462838,0.309108690166062,-124.916770551402 
223,-3134.45130325112,-3586.10348934978,0.290711338859543,-131.155241421234 
224,-3057.17511858259,-3851.71003069196,0.300150680235327,-128.439696215173 
225,-2847.57440972222,-3764.51899305556,0.288106906003656,-127.104754119076 
226,-2949.53245990044,-3918.14287195796,0.299340285156447,-126.972009133341 
227,-2761.51283727974,-4033.66502615639,0.298373064613221,-124.396177562937 
228,-2909.81160910088,-3983.26247258772,0.301088775284349,-126.148488284548 
229,-3231.36241129913,-4110.56069186681,0.319139057767968,-128.171324616953 
230,-3010.85645380435,-3866.16069972826,0.299096683751505,-127.910448466443 
231,-3123.93638392857,-3880.91626082251,0.304087442562464,-128.832262448417 
232,-3056.81307246767,-3881.46976023707,0.301561875853743,-128.221850040726 
233,-3168.51059549356,-3866.19333422747,0.305105188619809,-129.336082826354 
234,-2969.86715411325,-3956.94981971154,0.301979457902838,-126.889860992943 
235,-3063.07732712766,-4098.25475398936,0.312293297833993,-126.774812681675 
236,-3217.67230534958,-3752.28171345339,0.301704651825658,-130.613887163131 
237,-2798.00679061181,-3940.58478375527,0.294986617357312,-125.376603914366 
238,-3146.83055409664,-3928.61843487395,0.307232642651767,-128.694791523827 
239,-3149.86038833682,-3938.54674424686,0.307821317172948,-128.651140770369 
240,-3159.39765625,-3942.43935546875,0.308370603645296,-128.708037719304 
241,-3059.99889782158,-3891.67271784232,0.302171526995607,-128.177757543455 
242,-3032.87093233471,-3789.65641141529,0.296264169679526,-128.670369737623 
243,-3060.33011831276,-4041.78854809671,0.30943827342179,-127.131994777242 
244,-2954.57396260246,-3674.78742955943,0.28780472200051,-128.799706548535 
245,-3111.43249362245,-3672.46071428571,0.293790263008451,-130.272395146061 
246,-2941.51616488821,-3826.32837906504,0.294583815204627,-127.551528937757 
247,-3025.49263031377,-4029.37756199393,0.307553232693167,-126.901367434377 
248,-2997.93016003024,-3728.23705267137,0.292005441431538,-128.803272458351 
249,-3115.53162650602,-3704.35394703815,0.295439193970159,-130.065375167523 
250,-3353.78734375,-3155.9996875,0.281090042410889,-136.740289307612 
251,-2697.86183391434,-4137.22011952191,0.301470041035875,-123.10818211937 
252,-3344.72386532738,-3830.69866071429,0.310398477168673,-131.125406259719 
253,-2931.3800951087,-3833.47319664032,0.294553460250258,-127.404419090493 
254,-3209.76002706693,-4019.63481176181,0.313970198025774,-128.60807573306 
255,-2631.20205269608,-3767.28630514706,0.28047602973657,-124.931769999779 
256,-3121.60293579102,-4072.556640625,0.313198558237807,-127.470060879087 
257,-2878.55204280156,-3985.50835967899,0.300078363764375,-125.838874918325 
258,-2929.84838299419,-4175.80296148256,0.311356659553402,-125.054465308006 
259,-2684.63908663127,-3810.84142736487,0.284525485572195,-125.163703833971 
260,-2834.02034254808,-3950.13701923077,0.296738194140156,-125.65749605741 
261,-3048.96402059387,-3805.86874401341,0.297650566622226,-128.698974872805 
262,-2974.4323413645,-4020.54577170802,0.30525855041619,-126.494336000812 
263,-3160.542003327,-3785.38557509506,0.300994636580675,-129.859607656938 
264,-3336.20815577652,-3948.05974786932,0.315493854163705,-130.198636846974 
265,-2940.52700471698,-3966.69725825472,0.301385609192638,-126.549673810832 
266,-3237.50469924812,-3693.44487194549,0.299784185078188,-131.236321964598 
267,-2980.50108263109,-4208.09796348315,0.314749123851223,-125.309082966997 
268,-2873.94755713619,-3789.15858208955,0.290277696529115,-127.179076695673 
269,-2883.46668796468,-4075.03993378253,0.304698428474122,-125.282929098066 
270,-2850.2203125,-3626.7671875,0.281546745966646,-128.163257964717 
271,-3343.44499538745,-4152.64636185424,0.325408585702647,-128.838792142118 
272,-3114.31772748162,-3939.90107996324,0.306535878570668,-128.32481253716 
273,-2939.22999656593,-3643.98489010989,0.28575299584445,-128.88956936026 
274,-3039.21350364964,-3897.46236313869,0.301667595427933,-127.946852870751 
275,-2990.50568181818,-3893.9334375,0.299677726999974,-127.523936847378 
276,-3018.47121263587,-4103.74657495471,0.310940957074239,-126.33598224065 
277,-2957.10345216606,-3818.03883686823,0.294764450869156,-127.758085690494 
278,-3084.12407261691,-4187.74454811151,0.317445465433595,-126.370317245432 
279,-2841.91252240143,-3983.2659890233,0.298663026095189,-125.50644898592 
280,-2955.6693359375,-3891.10493861607,0.29824987731507,-127.220173361791 
281,-2857.55902468861,-3915.41870551601,0.295863671200782,-126.122793406185 
282,-2910.70151817376,-3746.96168550532,0.289600588556771,-127.840648980694 
283,-3064.3921985424,-3809.1007619258,0.298393924841261,-128.816409396985 
284,-3362.09595070423,-3580.48013864437,0.299787636782261,-133.19831029988 
285,-2670.90940241228,-4059.04084429825,0.296576919306323,-123.345512626372 
286,-2970.50508085664,-4157.89693509615,0.311898613559015,-125.542957831201 
287,-3013.48734211672,-3970.83081990418,0.304259611531773,-127.195080868674 
288,-2922.50268554688,-3858.71706814236,0.295451449965535,-127.139442369691 
289,-3416.12843317474,-3875.57655709343,0.315331837894684,-131.394576681246 
290,-3279.7510237069,-3915.91082974138,0.311773868893119,-129.947684911348 
291,-3364.21893792955,-3919.65939110825,0.315282636212347,-130.639284408182 
292,-2992.38265196918,-3806.60126819349,0.295538744465111,-128.171012870024 
293,-3221.40251706485,-4192.68392704778,0.322723866667763,-127.536477353931 
294,-2841.62558460884,-4149.37096088435,0.306962901514681,-124.404624891829 
295,-3366.63903601695,-3699.34917902542,0.305303744428567,-132.304153787641 
296,-3228.82540646115,-3873.56667018581,0.307797481675292,-129.813018044188 
297,-2810.56981271044,-3750.7858270202,0.286078736696053,-126.845257421851 
298,-2885.00159920302,-3895.23500419463,0.295863310730557,-126.525458208243 
299,-2846.33664297659,-3700.13210702341,0.284936402572706,-127.569381730503 
300,-2961.03109375,-4078.04622395833,0.307605781918351,-125.983049388078 
301,-2795.91196013289,-3805.27419019934,0.288216489073015,-126.306455838807 
302,-2776.78815707781,-3976.63785699503,0.296040245949103,-124.925647214527 
303,-2907.82662953795,-3533.57497937294,0.279317615480007,-129.451426259625 
304,-3006.73612253289,-3977.87826377467,0.304353722134722,-127.084332376483 
305,-3037.85819672131,-3869.06408811475,0.300251508826506,-128.137803669642 
306,-2942.24433210784,-3836.70348243464,0.295113168104168,-127.483436605258 
307,-3204.98730150651,-3885.93256311075,0.307449804925843,-129.514672540697 
308,-3037.91535612825,-3589.75390625,0.287037981257257,-130.240369579064 
309,-3202.50695287217,-3651.196197411,0.296436916258806,-131.254380088707 
310,-2805.93944052419,-3813.09858870968,0.288963823202115,-126.34818384394 
311,-3022.36909666399,-3951.57629119775,0.303653311771517,-127.410621298616 
312,-2885.03267728365,-4036.27594150641,0.302825664601458,-125.556269824908 
313,-3447.05670926518,-3920.72321785144,0.318647558757379,-131.321579178877 
314,-3198.50771297771,-3955.4538714172,0.310486303822022,-128.96012240379 
315,-2923.82700892857,-3803.61785714286,0.292826796457062,-127.549348516312 
316,-3099.96902195411,-3813.21828026108,0.299954825240092,-129.109505599322 
317,-2928.52383182177,-3729.93429613565,0.289451043825815,-128.136906976283 
318,-2975.73457154088,-3716.51778694969,0.290599681143349,-128.683492435305 
319,-3210.61015869906,-3833.95763126959,0.305229335515306,-129.943280918137 
320,-2754.43173828125,-3830.60205078125,0.287978362360988,-125.718391601342 
321,-2736.94774630062,-3977.25720404984,0.294685929979615,-124.533786901765 
322,-2868.3653435559,-3608.6507181677,0.28136595877971,-128.479718274036 
323,-3171.2455253483,-3583.09515286378,0.292056676466187,-131.510678591716 
324,-2824.27138792438,-3471.61250964506,0.273160963512781,-129.129492531279 
325,-2989.90754807692,-4081.87610576923,0.308833200395362,-126.222167071384 
326,-3053.92724309816,-3798.66288822853,0.297497156265672,-128.797470249141 
327,-2816.82917622324,-3999.30119935015,0.298576082041733,-125.158198603108 
328,-2937.44150152439,-3871.15775057165,0.296607413166926,-127.191292550553 
329,-3537.18301196808,-3816.867068769,0.317627978176892,-132.822016897682 
330,-3105.89850852273,-3977.47502367424,0.308021809468381,-127.9852775656 
331,-2979.94307024169,-4069.07264916918,0.307843355709371,-126.216795172191 
332,-3201.80591114458,-3907.50202371988,0.308343489214735,-129.331179868828 
333,-2889.15019707207,-3742.13297672673,0.288562137464456,-127.67028502928 
334,-2804.16446014222,-3619.69049401198,0.279476889925169,-127.764847380212 
335,-2863.80538712687,-3822.90473414179,0.291549899707218,-126.837528558812 
336,-2891.10016741071,-3828.57507905506,0.292827904164823,-127.057817817715 
337,-2627.81310274481,-4019.86932028932,0.293135016501825,-123.172890063606 
338,-2933.84437407544,-3876.03591900888,0.29671210067666,-127.122762994022 
339,-2820.41159660767,-3766.98225479351,0.28723010009829,-126.822899377631 
340,-2836.77010569853,-4011.45990349265,0.299884230096108,-125.266671145794 
341,-3069.70947122434,-3895.8901438783,0.302740391395607,-128.235823826376 
342,-3108.22893823099,-3372.99145650585,0.279960767774606,-132.660726832229 
343,-2851.27806122449,-4026.85960276968,0.301163015193408,-125.300971728821 
344,-3216.99114280523,-3892.26208212209,0.308214198781415,-129.574051059476 
345,-3140.53516757246,-3719.90253623188,0.297148344387096,-130.172796930534 
346,-3000.41905256503,-3956.62156791908,0.303086560542602,-127.174080427535 
347,-3138.1821190562,-4010.35824927954,0.310816660149229,-128.043860503961 
348,-3054.0149066092,-4160.8268902658,0.315033143634516,-126.278382408066 
349,-2953.02748925501,-4001.14720630372,0.303529861783207,-126.429002164039 
350,-3058.73421875,-3928.2771875,0.303883553442463,-127.905937715541 
351,-3103.62740384615,-3999.7343082265,0.309008778116146,-127.80997488852 
352,-3120.37486683239,-3872.94977361506,0.303572381618441,-128.857847956644 
353,-2768.98709720255,-4120.63993891643,0.303022600916701,-123.900306251952 
354,-2980.35763153249,-3806.94917461158,0.295102426802466,-128.056431960793 
355,-3168.73919454225,-3650.83050176056,0.295065042092646,-130.956354506333 
356,-2930.49185832163,-3860.08999736657,0.295812858717559,-127.204935113033 
357,-2838.62057948179,-3986.87799807423,0.298725939748137,-125.450517458737 
358,-2894.01082402235,-3910.96986295391,0.296962403599526,-126.50042940252 
359,-3054.89741469359,-3825.46894585655,0.298811031568349,-128.609747311346 
360,-2984.68313802083,-3860.02471788194,0.297821402702825,-127.712236216078 
361,-3007.2577259349,-3801.08414127424,0.295836549669836,-128.349561323576 
362,-2820.32611792127,-3688.65903401243,0.283414570278858,-127.401307044192 
363,-2797.37599001377,-3684.18577823691,0.282348417757329,-127.209143427853 
364,-3169.93797218407,-4017.68391569368,0.31236579752554,-128.273311270699 
365,-3444.00920376712,-3978.18388270548,0.321168107839766,-130.883524589804 
366,-3145.99295594262,-3901.42048753415,0.305906636277196,-128.881703162988 
367,-2927.57252639646,-3862.5107501703,0.295822889005072,-127.160143027119 
368,-2734.39743970788,-3821.04390285326,0.286791550409118,-125.588088970757 
369,-3231.6165523374,-3896.07782859079,0.308962902650533,-129.674138323631 
370,-2781.51138091216,-3776.5347972973,0.28628262326434,-126.372565609659 
371,-2984.06045737871,-3878.03093413073,0.298668427375255,-127.577499345774 
372,-2905.92368111559,-3874.8760500672,0.295630057821643,-126.867689248954 
373,-3168.59904909517,-3743.01298592493,0.299331453823037,-130.249149829565 
374,-2889.35112383021,-4108.0029035762,0.306549504561529,-125.120518253825 
375,-2810.782625,-4050.40622916667,0.300921105359446,-124.758745192196 
376,-2950.56401678856,-3853.91632729388,0.296255978636672,-127.437721722514 
377,-3188.26257874668,-3959.10987234748,0.310267259244391,-128.84441781389 
378,-2940.46403769841,-3878.98683449074,0.297099641981219,-127.163928579939 
379,-2943.95563984169,-4004.31124257916,0.303356952128353,-126.32319573615 
380,-3238.50084292763,-3971.93135279605,0.312805797978426,-129.191965804083 
381,-2890.65026246719,-4000.07937582021,0.301231719621041,-125.853690790102 
382,-3099.76055301047,-3770.80681446335,0.297942562896239,-129.42163148118 
383,-3169.7191171671,-3966.30909350522,0.309901764548863,-128.630480832582 
384,-2870.39516194661,-4058.55135091146,0.303416043119562,-125.269716070807 
385,-2832.55724431818,-3750.50523538961,0.286871846686646,-127.061811702856 
386,-2998.57193167098,-3980.38287321891,0.304175590694031,-126.992087786224 
387,-2839.33722948966,-4018.44991521318,0.300323071336687,-125.244081371398 
388,-3417.85536807345,-3730.58881684923,0.308819740875949,-132.494995005388 
389,-2882.77227265424,-3753.76968187661,0.288887396961309,-127.523083208442 
390,-3027.15400641026,-3958.43569711538,0.304163300271854,-127.406406442809 
391,-2800.03522618286,-4201.45450367647,0.308176006695562,-123.681244460779 
392,-3059.79235092474,-4208.79607780612,0.317605432558635,-126.01713037712 
393,-2902.77323870865,-3712.77311943384,0.28765715944979,-128.019514467052 
394,-2852.35721367386,-3866.5785215736,0.293272371525239,-126.416025600263 
395,-2952.1878164557,-3671.65757515823,0.287564579048428,-128.80094146037 
396,-3121.86470170455,-3811.90336963384,0.300737553134298,-129.316719086153 
397,-3125.99140034635,-4023.15876889169,0.310975247847422,-127.84718045442 
398,-3160.5318781407,-4120.15840923367,0.316950065425085,-127.491448823549 
399,-2912.10831766917,-3807.34627584586,0.292572153218188,-127.411131777343 
400,-3052.39892578125,-4212.4257421875,0.317519652134451,-125.927757755379 
401,-2866.18518157731,-4214.28859491895,0.311080757595744,-124.220061507555 
402,-3035.28150264303,-4025.18660603234,0.307708074657479,-127.018932382243 
403,-2874.07236740074,-3776.78687189826,0.289681017070916,-127.270534925691 
404,-2830.18983988243,-3945.94943146658,0.296394227074699,-125.649576092275 
405,-2867.7106095679,-3839.97424768519,0.292526982412091,-126.752546437435 
406,-3033.44556265394,-3791.6701046798,0.296382051528089,-128.660816978635 
407,-2705.29499385749,-3991.5644963145,0.294317493595664,-124.127576068428 
408,-3364.24412147672,-4014.14005055147,0.319681693282318,-129.966317512724 
409,-3004.59071286675,-4064.64368123472,0.308517187370957,-126.471867551325 
410,-3072.64375,-3963.50661204268,0.306102471279541,-127.784047539703 
411,-2991.36213123479,-3715.21468217762,0.291134856033932,-128.839813114485 
412,-3090.90759632888,-3789.94241125607,0.298503931233313,-129.199146487087 
413,-2744.84923577482,-3751.26592766344,0.283715095679554,-126.193411315466 
414,-2870.3526758756,-3957.07076539855,0.29837885082199,-125.956121270574 
415,-3156.2218185241,-4251.25227786145,0.323178664183238,-126.590993275102 
416,-3247.97646859976,-3923.9121469351,0.310908205691637,-129.615895366385 
417,-3016.55850944245,-4009.67472272182,0.306264253830298,-126.954875926448 
418,-3363.68557491029,-3741.97551584928,0.307112426141608,-131.952574221818 
419,-2992.98648195107,-3920.86841810859,0.301075125209118,-127.356226345074 
420,-3192.19912574405,-3936.11000744048,0.309326418115196,-129.042174587303 
421,-2882.7749962886,-3824.65190766033,0.292330708343453,-127.006621579689 
422,-3062.8359930391,-3672.92920616114,0.291903589486981,-129.82454595984 
423,-3135.99366504137,-3691.3372303487,0.295638689857436,-130.34972819332 
424,-2764.51835200472,-4141.84288399175,0.303946117457112,-123.721561938838 
425,-2725.81950367647,-4030.08345588235,0.296966673461711,-124.07316271713 
426,-2925.09030223005,-3968.64511810446,0.300921153416243,-126.392074973991 
427,-3215.00473872951,-3824.5634331089,0.304962478234706,-130.051082393124 
428,-3154.1429797021,-3868.1499890479,0.304642617776836,-129.194278340147 
429,-3091.47324810606,-3820.75726617133,0.299985572140366,-128.977214799689 
430,-2954.94740188953,-3966.25926598837,0.301889161839256,-126.686893333439 
431,-3294.7335774362,-3895.34373187355,0.311402305627576,-130.224986047703 
432,-2793.92254412616,-4056.48343460648,0.300641001684241,-124.557315196513 
433,-3006.87653363164,-3734.51147517321,0.292646138774273,-128.839601760654 
434,-2862.05519153226,-3887.93481782834,0.294672903246041,-126.358183515038 
435,-3130.12852011494,-3822.28994252874,0.301547614576246,-129.314542786592 
436,-2955.33195957569,-3901.88309919725,0.298761579170765,-127.140714453702 
437,-3079.72529319222,-3894.35799842677,0.303045769367626,-128.337553729569 
438,-3173.12196775114,-3744.92296304224,0.299598832037574,-130.275040396991 
439,-2866.65697964123,-3616.85636745444,0.281693428817847,-128.399727062331 
440,-3050.02182173295,-4171.9017578125,0.315434432538376,-126.17004052085 
441,-3113.98857355442,-3847.85724914966,0.302135896420625,-128.982506018169 
442,-2901.97417632919,-3937.77884615385,0.298567470304679,-126.388622743119 
443,-2983.84926989278,-3657.98439263544,0.288132269185277,-129.204420691536 
444,-2926.63008516329,-4179.05829462275,0.311406611024367,-125.003881760252 
445,-3234.58444522472,-3705.4012113764,0.300216114991816,-131.118933936221 
446,-3072.72854190022,-3905.01797225336,0.303292118373797,-128.198028340013 
447,-2972.58305369128,-3938.86178691275,0.30119701554814,-127.041151132923 
448,-2779.72954450335,-3935.69571358817,0.294098355978675,-125.233052842998 
449,-2982.38984201002,-3977.04235105791,0.303419159272445,-126.866283865244 
450,-3018.18942708333,-3837.99909722222,0.298018859498611,-128.181389966268 
451,-3028.22283813747,-3556.04962929601,0.285086806897134,-130.416697381019 
452,-3118.21662403208,-3853.73643183075,0.302577189469078,-128.977745660038 
453,-2861.21747378587,-3755.50429428808,0.288172165820822,-127.302798290757 
454,-3237.88079914648,-3644.08912100771,0.29754064655336,-131.622035470431 
455,-3037.18633241758,-3827.79146634615,0.298248687275888,-128.430473647525 
456,-2920.37472587719,-3875.77986225329,0.29620415747635,-126.997785214295 
457,-2986.32369734683,-3909.27680525164,0.300265994954675,-127.37646076523 
458,-3126.2749385917,-3689.79424808952,0.295183104918896,-130.273813339071 
459,-3074.63912717865,-3635.81445738017,0.290632061827703,-130.219646960047 
460,-2795.78473165761,-3892.69864130435,0.292529202318737,-125.686379097256 
461,-3255.71636049349,-3920.7821481833,0.311062648191042,-129.705365697552 
462,-2952.09341179654,-4048.31468141234,0.305817437923709,-126.100106914081 
463,-2974.1634887959,-3814.70450863931,0.295242685115127,-127.942032773698 
464,-2855.45416891164,-3836.89661907328,0.291929247419106,-126.656966072854 
465,-3113.75982862903,-3523.09815188172,0.286989032853051,-131.470666199484 
466,-3094.54253285944,-3862.5617958691,0.302090558747793,-128.700424765674 
467,-3144.27447470557,-3985.86076351713,0.309870632377616,-128.268392590079 
468,-2914.57134748932,-3797.36246327457,0.292179866952879,-127.507146991003 
469,-3020.96268656716,-3824.10779251066,0.29745773553325,-128.307974754765 
470,-2982.02867353723,-4114.92297207447,0.310180294069526,-125.930332298708 
471,-2957.26413216561,-3948.09237327495,0.301085440669131,-126.834539642256 
472,-2932.30647510593,-3959.42794954979,0.300730395525235,-126.523219547222 
473,-3007.45936839323,-3934.86951638478,0.30229048089003,-127.391034302118 
474,-2973.15379417194,-3782.48725936181,0.293656281142728,-128.168459236062 
475,-2862.25800986842,-3815.04741776316,0.291109518941596,-126.879243419687 
476,-2871.79480698529,-3842.51688878676,0.29280051212434,-126.773459569454 
477,-2828.3459447065,-3858.05378668763,0.291984919095113,-126.245207897477 
478,-3026.92728491109,-3774.35993070084,0.29530868966774,-128.728602533957 
479,-3353.58066936326,-4012.63129566806,0.319193341380533,-129.887393263182 
480,-2847.6341796875,-3930.29912109375,0.296241972701922,-125.924595955915 
481,-2926.05281964657,-3859.35235836798,0.295613226705962,-127.168384886352 
482,-3059.66918438797,-3748.35449623963,0.295331745629482,-129.22372905376 
483,-3028.08254076087,-3745.07941899586,0.293960922546756,-128.957258417379 
484,-2781.88202156508,-3865.44279442149,0.290683095205545,-125.741811919417 
485,-2987.17340528351,-4042.11602770619,0.306779531553127,-126.464856353832 
486,-3153.22759130658,-3914.4865933642,0.306804684286789,-128.852408273188 
487,-3276.00189296715,-3758.11044982033,0.304302337029339,-131.079156455338 
488,-2899.13473360656,-3715.5051069416,0.287651873296859,-127.964207834649 
489,-3145.49330585378,-3994.00910659509,0.310307287259671,-128.222301464763 
490,-2636.29159757653,-3752.22678571429,0.279901415921671,-125.091642795399 
491,-2729.26287232688,-3097.85522212322,0.25199924631581,-131.380597303624 
492,-2930.50481135671,-4293.57949059959,0.317290851478987,-124.314781982745 
493,-2736.70250697262,-3719.56574860548,0.281860930368001,-126.344096030441 
494,-3152.98510247976,-3851.29080212551,0.303801029729641,-129.306592832922 
495,-3011.81946022727,-3827.79747474747,0.297289070036178,-128.196670804987 
496,-2912.94178427419,-3842.4445407006,0.294307378001399,-127.165619956181 
497,-2965.43938631791,-3898.82865945674,0.298986058211549,-127.256528443602 
498,-2919.43222891566,-3975.03575238454,0.301030677685189,-126.295114342094 
499,-2957.08632890782,-3805.48589366232,0.294158428129206,-127.849307684458 
500,-2859.6795625,-4065.99909375,0.30341056913776,-125.119308561151 
501,-2877.99340381737,-4118.29899575848,0.306666120733095,-124.947028342841 
502,-2777.64445343625,-3957.4202875996,0.295109309673138,-125.064348953189 
503,-3074.42967196819,-3872.55302559642,0.30180188846376,-128.446150028105 
504,-2696.3115234375,-4020.46533978175,0.295473629509401,-123.84764804625 
505,-2762.0328279703,-3925.02540222772,0.292943671988837,-125.133977444378 
506,-3163.66342947134,-3929.30666378459,0.30790872510033,-128.839121777038 
507,-3083.02007827909,-3877.76001602564,0.302376896254362,-128.486517932236 
508,-2958.89551550197,-3867.19981852854,0.297208901506318,-127.420546056493 
509,-3014.22797458251,-3869.38862966601,0.299378574288786,-127.918353294836 
510,-3149.92202818627,-4001.78534007353,0.310847429607489,-128.20731601304 
511,-3105.35384050881,-4003.62305834149,0.309260908964781,-127.798440491413 
512,-3279.00608825684,-3846.67538452148,0.308516576549076,-130.44513623733 
513,-3129.75456871345,-3975.12556347466,0.308807427594216,-128.214588310824 
514,-2928.96563411965,-3981.85045294261,0.301710452928417,-126.337419609789 
515,-2969.85756978155,-3661.11966019417,0.287741812112015,-129.048561344871 
516,-2976.35946584302,-3596.54863129845,0.284944690850631,-129.609794030012 
517,-3011.72722739362,-3789.14329968569,0.29543498441829,-128.478753517809 
518,-3069.75527871622,-3876.55803571429,0.301816176171275,-128.374875865359 
519,-2956.79457189306,-3768.11955081888,0.292349857106333,-128.120817395028 
520,-2986.91089242788,-3823.46446814904,0.296142893134062,-127.997143723415 
521,-3262.8486384357,-3887.93271653071,0.309802419716586,-130.004200296937 
522,-2977.12294959291,-3891.44677921456,0.29906033492772,-127.417531907683 
523,-2975.08735659656,-3775.00309213671,0.29337030999369,-128.241713947292 
524,-2871.4615786021,-3840.69856273855,0.292699440145957,-126.783276340313 
525,-3067.51751488095,-3776.46224702381,0.296964579524201,-129.086016379698 
526,-3072.83685836502,-3717.64040221008,0.294393232719455,-129.575627566244 
527,-2904.71200486243,-3867.68312677894,0.295234518654643,-126.907325809394 
528,-2871.08898555871,-3675.77478397254,0.284686970110159,-127.992826846899 
529,-3044.0287245983,-3908.56871750945,0.302382962639462,-127.911781659946 
530,-3043.70726709906,-3923.22809551887,0.303077365394065,-127.804919939334 
531,-2922.74769008945,-3769.49154013653,0.291137754410803,-127.788898258952 
532,-2928.84313322368,-4059.37624823778,0.305530720293277,-125.810477899872 
533,-2952.0263397045,-3758.32789047842,0.291700045531741,-128.148312569713 
534,-3201.81323150749,-3938.61907478933,0.309815203363127,-129.108622706872 
535,-2874.05943341121,-3933.17004964953,0.297332641197497,-126.15647402175 
536,-3108.29388701026,-3758.94623076026,0.297715326751156,-129.587537943063 
537,-3078.6582867784,-3873.42827630354,0.302004258365775,-128.478198519317 
538,-2983.75482109665,-3850.99815578532,0.297351030374307,-127.768537917389 
539,-3180.63065282931,-3999.90767045455,0.311920503521243,-128.490878404606 
540,-2751.71234085648,-4051.97515914352,0.298959440309815,-124.180580957537 
541,-2962.71522643253,-3862.8098573244,0.297137972433403,-127.487646415215 
542,-3041.10235528137,-3850.59761300738,0.299488478829562,-128.300766117015 
543,-2953.33501668969,-3964.85901530847,0.301761828643654,-126.681603773454 
544,-2993.07670323989,-3988.1201171875,0.304351473676001,-126.888159476827 
545,-2899.42974483945,-3717.20807052752,0.28774490351376,-127.954302268443 
546,-3203.30763507326,-3685.24148637821,0.29803436107989,-130.998017048693 
547,-2838.36831581353,-3894.26002627971,0.294130015385211,-126.086791129234 
548,-2924.31416799726,-3745.06392563869,0.290019739330792,-127.98431724924 
549,-3154.62835837887,-3868.56248576958,0.304680852916669,-129.195603995031 
550,-3186.13772727273,-4068.37724431818,0.315409449620883,-128.066167551081 
551,-2800.21747391107,-3971.55054730036,0.29660745553496,-125.186480280195 
552,-3056.03358525815,-4113.50829370471,0.312782961952926,-126.609628892622 
553,-3120.18343128391,-3749.38255820524,0.297729382791329,-129.766751189528 
554,-3300.59183212996,-3945.87461924639,0.31399279866719,-129.911351710838 
555,-2982.75727759009,-3714.77861768018,0.29078500364517,-128.762495510291 
556,-2859.62522482014,-3865.658203125,0.293490777728236,-126.492228197468 
557,-2958.51206238779,-3879.90643233842,0.297811040435526,-127.326299343694 
558,-2975.17274305556,-4041.20729726703,0.30630009196373,-126.360830772664 
559,-2989.79985185599,-3875.22063673971,0.298746361967486,-127.650808445343 
560,-2961.59356863839,-3926.04049944196,0.300168308723387,-127.028936040525 
561,-2904.7580353164,-3785.83865307487,0.29125720370266,-127.497922065178 
562,-2998.60909697509,-3962.66763512011,0.303314014609662,-127.1153307081 
563,-3161.31008547957,-3747.11675732682,0.299235598948909,-130.153144170989 
564,-2895.4024268617,-3737.95269558954,0.288593750570072,-127.761212475526 
565,-3037.22253871681,-3898.16807245575,0.301626859997158,-127.923617816594 
566,-3090.77796488516,-3850.11010655919,0.301353901142939,-128.756678460958 
567,-3133.04169422399,-3914.55545910494,0.306036561768746,-128.672276884283 
568,-2841.73132152289,-3774.1601424956,0.288361782847003,-126.977700442042 
569,-2962.87151252197,-3921.01397737258,0.299970453376472,-127.076120767206 
570,-2993.85015076754,-3920.3990816886,0.301084346527382,-127.367508105049 
571,-2985.28282344571,-3710.03202988179,0.290655766869758,-128.82194668997 
572,-3040.68748634178,-3841.41018356643,0.299032886848316,-128.36355256929 
573,-2920.98931064572,-3684.05096531414,0.286967542712335,-128.409994636396 
574,-3113.85565929878,-3836.77184505662,0.3016051218842,-129.062168602537 
575,-2946.1077173913,-3768.52649456522,0.291967201139635,-128.017104262709 
576,-3043.4196234809,-3826.78560384115,0.298437263564671,-128.495019418679 
577,-3019.77710680243,-3936.72696869584,0.302837573054544,-127.491023977266 
578,-3157.01608455882,-3827.64058445069,0.302841940251205,-129.515617386635 
579,-3049.42079555268,-3855.82320002159,0.300053538584339,-128.339103139439 
580,-2886.67959321121,-3815.06763200431,0.292007504106065,-127.113053927148 
581,-2915.82805776678,-3861.46229561102,0.295339360863698,-127.056811661073 
582,-3086.22211930842,-3942.32025880584,0.305591672241085,-128.055405827897 
583,-3121.29869746998,-3795.43877304889,0.299938799250249,-129.433247279965 
584,-3004.24914383562,-4027.16399561216,0.306668125918591,-126.722799703235 
585,-3121.60763888889,-4027.93555021368,0.31104155268302,-127.775307387949 
586,-3000.10089590444,-3807.62293355375,0.295879099600973,-128.235269370697 
587,-3053.07957570273,-3816.60926852641,0.298319335248823,-128.657905687299 
588,-2961.35671768707,-3988.98561065051,0.303235693069735,-126.589579820837 
589,-2984.04301517402,-3974.87423068761,0.3033738658035,-126.896524878683 
590,-2958.10683262712,-4044.99680879237,0.30587035232218,-126.178010806825 
591,-2967.22607339256,-3983.74838726734,0.303192947306303,-126.679945989261 
592,-2785.29529138514,-3926.85454497466,0.293854146226241,-125.347858143174 
593,-2887.78919424536,-3947.40551222597,0.29852866344307,-126.187947971211 
594,-3013.43046348906,-4026.89508364899,0.306990401074924,-126.808465478789 
595,-2906.73652836134,-3911.04775472689,0.297428901562368,-126.620164024231 
596,-2873.34205903943,-3912.15821623322,0.29627218416469,-126.29596789108 
597,-3106.5204014866,-3747.72213934255,0.297118592631742,-129.655639327637 
598,-3015.16834761706,-3868.33386026338,0.299363070746954,-127.934591809986 
599,-3002.3032528172,-3663.85739252922,0.28912273864707,-129.332486669114 
600,-2895.64475260417,-3895.37463541667,0.296257255084214,-126.625438122204 
601,-2992.23986064892,-3899.16765027038,0.299995599175565,-127.502804972383 
602,-2855.99788465532,-3671.38963870432,0.283909583460573,-127.87957890734 
603,-3182.1549803068,-4066.76066283167,0.315181907456617,-128.042435223481 
604,-2842.1967611755,-3912.75200486341,0.295180164807173,-125.994402702787 
605,-2932.8793517562,-4070.8007231405,0.306240430142292,-125.771521649658 
606,-2939.22417749587,-3799.58143822195,0.293205587496707,-127.7242905956 
607,-3083.15896571252,-4112.87888694399,0.313742401140927,-126.856519937082 
608,-2956.2591745477,-3881.89694695724,0.297824329579351,-127.291090535209 
609,-2863.84453253284,-3827.04836309524,0.291753788140659,-126.808125499437 
610,-3042.17241290984,-3912.43039190574,0.302499395488281,-127.867418486503 
611,-3088.36213686579,-3955.85966908756,0.306323183332729,-127.979360816213 
612,-3115.97136693219,-3801.93084916258,0.300038738156727,-129.337224334493 
613,-3181.5355067292,-3987.70936990212,0.311372526983808,-128.584103222338 
614,-2832.36949053339,-3843.48722516287,0.291413964709742,-126.38750399857 
615,-2898.82801067073,-3911.93264735772,0.297184606182615,-126.539258112372 
616,-3121.55121245942,-3851.73238382711,0.302610215825497,-129.022271861038 
617,-2983.33402552674,-4023.44930105348,0.30572434542124,-126.556442026078 
618,-3163.41270985032,-3801.95639917071,0.30188376719257,-129.762103663178 
619,-3032.69855613893,-3924.13428917609,0.30270971226579,-127.698015667249 
620,-3047.8462827621,-4000.36050907258,0.306963725788466,-127.303518383217 
621,-2931.93453099839,-3848.64819847021,0.295310275295993,-127.300473717555 
622,-3037.0417880828,-3989.84179059486,0.306053394959912,-127.278156352121 
623,-3184.74730387239,-3973.37663021669,0.310811727390803,-128.712929078852 
624,-3127.55452473958,-3878.41169621394,0.304106952621702,-128.882734376276 
625,-2998.66835,-3712.199125,0.291271533710106,-128.930847025664 
626,-2990.50451777157,-3924.2323033147,0.301146510095771,-127.309612898551 
627,-3052.54794657097,-3993.5741502193,0.306808533139716,-127.393027133058 
628,-3105.48932623408,-4054.93482533838,0.311746599053278,-127.446853871869 
629,-3025.47686059221,-3801.71589328299,0.296557977854003,-128.513432633361 
630,-2879.33913690476,-3833.55673363095,0.292638937378038,-126.909779480633 
631,-3047.39888322108,-3677.482443542,0.291514981973003,-129.647334220821 
632,-2921.98295342168,-3934.56142454509,0.299135934953855,-126.599246917939 
633,-2887.67351648894,-3965.6242718207,0.299422720165211,-126.06121892554 
634,-3142.32330688092,-4133.0002464511,0.316898458390151,-127.245756185492 
635,-2921.90821850394,-3793.72878937008,0.292276998574463,-127.603258688861 
636,-2934.00067560928,-3793.16020538522,0.292700504604125,-127.721868847827 
637,-3007.89940639717,-4000.82502207614,0.305514880845498,-126.936569604116 
638,-2913.12224480799,-3984.27751518417,0.301258027964459,-126.172570826275 
639,-3014.9234643975,-3900.81043378326,0.300919842249827,-127.70031769014 
640,-2888.63869628906,-3946.34719238281,0.298507153907554,-126.203301030208 
641,-2882.24578295632,-3965.60857059282,0.299227049575031,-126.010046262981 
642,-3024.73209939642,-4020.70923383956,0.307102391433879,-126.953712102191 
643,-2850.25386372473,-3892.42730608476,0.294467639854474,-126.213682832529 
644,-2971.8191236413,-3766.00625970497,0.29281559317097,-128.277567180654 
645,-3172.71994912791,-3877.32474563953,0.305793631754654,-129.292622866632 
646,-3219.7771623452,-3960.7514754257,0.311555074798756,-129.108377830436 
647,-3006.74571338872,-3737.03222807187,0.292760990821242,-128.819500336831 
648,-3037.73362750772,-3886.52875434028,0.301085977774828,-128.01139143785 
649,-3066.53191207627,-3678.35514974961,0.292302419218387,-129.816930930925 
650,-3053.50784855769,-3750.94985576923,0.295216917377866,-129.147745231935 
651,-3140.75973262289,-3648.91095430108,0.293859638163954,-130.719859882351 
652,-3170.09116180982,-3949.72169766104,0.30912571381787,-128.75092074801 
653,-2957.92753397779,-3715.42340639357,0.289869335985068,-128.524041938613 
654,-3078.62564506881,-3614.64910646024,0.28980453746441,-130.421302944539 
655,-3159.54959446565,-3977.4375,0.310046204170993,-128.462509499763 
656,-2890.18978658537,-3758.94815882241,0.289413886638579,-127.556056688504 
657,-2914.38849648021,-3853.53327149924,0.294900273264407,-127.099850303218 
658,-2968.49395659195,-3788.73636968085,0.293780750859689,-128.078877501883 
659,-2885.0903120258,-3711.37502371017,0.286926259760459,-127.860218367378 
660,-3033.28154592803,-3833.53645833333,0.298375512008175,-128.352768472201 
661,-2939.77669960287,-3798.90894478064,0.29319376000051,-127.73441133857 
662,-2936.03348045695,-3882.55500613671,0.29711003937235,-127.096997625176 
663,-3075.74809106335,-4012.36321644042,0.308579921332207,-127.472608565299 
664,-3139.22182087726,-3928.36438723645,0.30693040416834,-128.628937682496 
665,-3086.20924577068,-3756.16036184211,0.296726733807445,-129.407871797322 
666,-2830.19157047673,-3834.70869697823,0.290903835406632,-126.429033349342 
667,-2833.20289074213,-3883.52341407421,0.293414750702156,-126.112412584182 
668,-3202.39987602919,-3901.66416775823,0.308090955571471,-129.378394367959 
669,-3026.81293208147,-4015.94046618087,0.306946267830918,-127.005320552171 
670,-3143.7252448694,-3738.29619869403,0.2981323614532,-130.062202845014 
671,-2912.8259477459,-3969.87285767511,0.300538034936442,-126.268718747339 
672,-3037.89472888765,-3898.37596493676,0.301662087113492,-127.92828366121 
673,-3011.9423407318,-3816.07932067236,0.296731943448253,-128.28320825358 
674,-3013.68029024481,-3927.12261220326,0.30214594974529,-127.502691648758 
675,-2903.4878587963,-3931.83271990741,0.29833025661052,-126.444258999557 
676,-2980.31223419009,-3813.36323502219,0.29540908389845,-128.009201429521 
677,-3103.6698439808,-3738.96109905835,0.296595930799402,-129.695686567439 
678,-3076.32762951696,-3813.94280051622,0.299081089982358,-128.889660060798 
679,-3025.01905375552,-3899.33395848675,0.301225855104921,-127.80353726718 
680,-3013.91155790441,-4016.23444393382,0.306487300142577,-126.885741993505 
681,-3115.11068281938,-3865.84167354993,0.303032948795413,-128.86200609714 
682,-2699.70406433284,-3831.5715954912,0.286089453748364,-125.16831183693 
683,-3002.80562545754,-3937.76791270132,0.302258730570601,-127.327890480001 
684,-2900.5246938962,-3743.40850009137,0.289048475136177,-127.769784866011 
685,-3077.10111770073,-4013.17382527372,0.308669433680677,-127.479187350417 
686,-2756.3122836188,-3854.17959639213,0.289214739709588,-125.570412761667 
687,-3191.53427492722,-3981.30476710335,0.311448401512075,-128.716717594111 
688,-2950.3785996548,-3992.34563499273,0.303001665697408,-126.464727574395 
689,-3099.76352730406,-3966.24526034107,0.307251134605133,-128.008907458114 
690,-2911.1622509058,-3883.70281929348,0.296252923850735,-126.854647319772 
691,-3151.38812635673,-4001.4975691932,0.310888986305954,-128.222277253541 
692,-3367.64222814306,-3921.2679168172,0.315493237880902,-130.656466366482 
693,-2975.03373015873,-3715.2720959596,0.290513592567681,-128.686279139373 
694,-3030.52088211455,-3838.80756934438,0.298523444822944,-128.289090410715 
695,-3014.53884892086,-3774.49924685252,0.294842850369132,-128.612937594305 
696,-2966.7537266523,-3801.08684671336,0.294309143894887,-127.972088961615 
697,-2914.07277842539,-4065.17307433644,0.305291599704038,-125.634413240727 
698,-2970.16852838467,-3766.92587079155,0.292797268500549,-128.255286628427 
699,-2848.75157591202,-3909.82417963162,0.295271023063823,-126.077594761885 
700,-2894.27566964286,-4032.59631696429,0.302971584545554,-125.667765983453 
701,-3013.11418955064,-3683.50499286733,0.290468665101997,-129.28323238757 
702,-2803.37221777066,-3911.03298611111,0.293708427942839,-125.632409996799 
703,-3074.1449924431,-3806.48090771693,0.298643002254638,-128.92462520258 
704,-3041.0928178267,-3789.18469238281,0.296555541922262,-128.74954552305 
705,-2925.11790780142,-4047.25531914894,0.304797815693015,-125.85718776068 
706,-3011.63018989023,-3780.32592289306,0.295010170623073,-128.542890747805 
707,-3170.66044908062,-3957.51084025813,0.309518354392429,-128.700850066181 
708,-2986.92068326271,-4031.74129369703,0.306261312494036,-126.532944539036 
709,-3028.56615832158,-3933.36813513752,0.303001913518484,-127.595106956082 
710,-2834.70917693662,-4085.08055677817,0.303492478812779,-124.757460295967 
711,-3011.60245253165,-3834.57797116737,0.297606249294637,-128.145397168911 
712,-3058.11960147472,-3916.46492055829,0.303291915172704,-127.984024935735 
713,-3010.42695915147,-3850.60941882889,0.298332211517341,-128.018485502823 
714,-3029.74973739496,-3784.19209558824,0.295884737311117,-128.68192235703 
715,-3023.38936844406,-3913.60265515734,0.301853632797283,-127.687290213374 
716,-2918.42659959846,-3949.19662185754,0.29972450355743,-126.464122339032 
717,-2916.84869682706,-3854.84437107741,0.295054688579301,-127.113733924428 
718,-3120.69322336351,-3953.40214789345,0.307423746686439,-128.286469113784 
719,-2995.76837404381,-3846.17165768428,0.297568235255688,-127.914888265549 
720,-2821.40596788194,-3940.77092013889,0.295825010338805,-125.600875599728 
721,-2888.51459561373,-3895.42222174064,0.296000159973487,-126.557494921179 
722,-2979.1436872403,-3926.24904778393,0.300824765059489,-127.190355435015 
723,-3046.32881656293,-3944.45605333679,0.30419991021968,-127.679140175767 
724,-3011.50774775553,-4054.71751985497,0.308281741694231,-126.60190126595 
725,-3091.80405172414,-4035.00864224138,0.310273129538846,-127.460950156867 
726,-3095.63257575758,-3779.3137267562,0.298184131190427,-129.320875442393 
727,-3061.45378051926,-3648.39482677098,0.29070083569227,-130.00080200593 
728,-2893.97473815247,-4122.03865470467,0.307412704820826,-125.071681865231 
729,-3001.60532407407,-4048.80211548354,0.307631620064317,-126.551625332535 
730,-3183.96264982877,-3833.24393193493,0.304154130056157,-129.713643359646 
731,-3087.93398384063,-3775.02408943228,0.297683887636477,-129.282841351279 
732,-3064.69845030738,-3806.87479721653,0.298299797257553,-128.835564832643 
733,-2944.94434259891,-3789.67571197135,0.292941697154399,-127.850659979372 
734,-3042.47331616144,-4094.65348262943,0.311365568301516,-126.613663193978 
735,-2922.9528380102,-3971.78208971088,0.300997957124989,-126.350459648941 
736,-3161.05120584239,-3651.4861158288,0.294787921715577,-130.882377385943 
737,-3022.9674037483,-3749.10259073948,0.293955843160013,-128.879843601962 
738,-2922.00301702236,-3905.62284044715,0.297720480780241,-126.802105359171 
739,-3103.32420289242,-4075.73043174899,0.312675197072389,-127.286206433124 
740,-3229.05798141892,-3778.70978673986,0.303382002817701,-130.515207410193 
741,-3136.81841472672,-3922.00812879555,0.306535769806197,-128.652787435532 
742,-3114.39663704515,-3749.07542958221,0.297489151822347,-129.716771208917 
743,-3012.82677910498,-3879.3428772712,0.29980565041714,-127.834102745607 
744,-3027.54247521841,-3851.95714675739,0.299041450186421,-128.166465625007 
745,-2962.90308305369,-3758.96513213087,0.292141138563754,-128.245994410746 
746,-3036.2399987433,-3718.32990532842,0.293007766782819,-129.233705514267 
747,-3274.12857680723,-3695.22672983601,0.301343777620128,-131.54231283521 
748,-3050.73850058489,-3867.14991017714,0.300645913730499,-128.269396473477 
749,-3075.11177403204,-3872.89945969626,0.301844336757229,-128.449843779904 
750,-2930.15032291667,-3911.8495625,0.298322748985655,-126.834852721002 
751,-3054.60218666778,-3715.01071488016,0.293561406253341,-129.428150218866 
752,-3081.10125083112,-3685.18933884641,0.293192547570055,-129.898212789319 
753,-3046.5677809595,-4031.8813184761,0.308449246432616,-127.075402257016 
754,-3340.55209714854,-3920.17331523541,0.314367592426602,-130.435776748992 
755,-2893.46461092715,-4081.39031456954,0.305367445473416,-125.334388127977 
756,-2983.63453827712,-3816.51787781085,0.295685670866493,-128.017185941431 
757,-2933.79798959709,-4050.10283190225,0.305249198826402,-125.918676720648 
758,-2966.1795432058,-3930.5437726748,0.300556318242584,-127.039980287035 
759,-2894.10429018445,-3888.91293025362,0.295884675199162,-126.656388618493 
760,-3123.41032072368,-4011.94979440789,0.310338478838571,-127.901712780676 
761,-3064.77922757884,-3761.24831636005,0.296138763000386,-129.174192408528 
762,-3059.80741469816,-3919.32233226706,0.303492783772976,-127.979090006114 
763,-3078.00786369594,-3697.07675294889,0.293628721726817,-129.779133859017 
764,-2941.32858516034,-3848.59136739202,0.29565533951534,-127.38927175375 
765,-2939.6820874183,-3790.23644812092,0.292771765580781,-127.7969167774 
766,-3084.11967607702,-3917.66036023172,0.304328500754534,-128.211062204723 
767,-3217.28549747392,-3748.7941452086,0.301527714013627,-130.636812416141 
768,-3054.86433919271,-3953.69014485677,0.304964438754437,-127.691882459 
769,-2831.82849073472,-3887.93082534135,0.293582723249262,-126.0682436642 
770,-2928.81689326299,-3755.88815949675,0.290709679623236,-127.946871363033 
771,-3004.73544909209,-4106.50861300259,0.31058096844304,-126.19296239898 
772,-3192.9497045013,-3929.88316669365,0.309060205745564,-129.093153082581 
773,-3052.71323172704,-3856.47209532665,0.300209292362453,-128.364497140383 
774,-2934.17114825581,-3755.56586119186,0.290895255744547,-128.000014414032 
775,-3039.21013104839,-3812.15342741936,0.297578547721887,-128.563335828525 
776,-2812.81553036405,-3992.24817775451,0.298083058896447,-125.167349308237 
777,-3175.78678008366,-3945.60151222651,0.309147487635812,-128.830342489448 
778,-3319.90431193766,-4075.07270244216,0.320824774775394,-129.169218954412 
779,-2993.12551147304,-3831.69590420411,0.296772341855336,-127.995139533102 
780,-2836.84327924679,-3790.58950320513,0.288984654323335,-126.810853200097 
781,-3136.54871558899,-3817.16903409091,0.301554485682484,-129.409774487244 
782,-3196.91317335358,-3926.92821890985,0.309072920134229,-129.149043300963 
783,-3168.77106281928,-3889.1946938857,0.306202384316572,-129.171865991421 
784,-2987.13824338329,-4144.79652622768,0.311840830597071,-125.780141360776 
785,-3177.7998308121,-3854.50933519108,0.30491429973222,-129.503429704039 
786,-3173.4830629771,-3905.0707697201,0.30713554086096,-129.099276601773 
787,-2962.42488286213,-3807.13171060991,0.294437752655672,-127.887382166491 
788,-2927.72067338198,-3801.64950824873,0.292876500343508,-127.600533821173 
789,-2981.60383000634,-3781.79044874842,0.293941890553537,-128.252622017104 
790,-2996.15715981013,-3931.68151700949,0.3017172724118,-127.309390595692 
791,-3041.20784608091,-3952.6856431732,0.304406911897082,-127.574788022856 
792,-2987.75423177083,-3934.07597458965,0.301523053541817,-127.215040496008 
793,-3052.4862764029,-3975.06539643758,0.305909460935637,-127.520962812127 
794,-3170.67691278338,-3708.25039357683,0.297797564212553,-130.531538834418 
795,-2842.39939072327,-3782.27068592767,0.288781907275845,-126.925084379456 
796,-3217.57898869347,-4048.29679648241,0.315635883907008,-128.477613967279 
797,-3159.4514781995,-4024.60102336888,0.312301721769275,-128.133143969549 
798,-3297.27072564223,-3816.01198308271,0.307822350577234,-130.829047546383 
799,-3077.87803113267,-4000.50288446496,0.308084959316396,-127.573703580389 
800,-2939.99235351562,-3862.48624023438,0.29628022238296,-127.277149394968 
801,-2963.66011235955,-3809.71507295568,0.294608500470096,-127.880122078229 
802,-3010.26471906172,-3917.24196345075,0.301540654634277,-127.541029650092 
803,-3056.97841103674,-3929.23255565068,0.30386374603907,-127.883238371904 
804,-3065.05995413557,-3651.19879120025,0.290973431609131,-130.01234097315 
805,-2899.0483113354,-3914.24967003106,0.297306248041675,-126.525113384104 
806,-3033.05460995658,-3927.2182653536,0.302871958788713,-127.679493363974 
807,-2977.80038917286,-4003.10575433705,0.304526104142464,-126.644545825577 
808,-3131.2286509901,-4058.40772934715,0.312872128355418,-127.651664968278 
809,-3071.71693448702,-3938.48540829728,0.304862112712207,-127.951502100207 
810,-3064.90547839506,-3723.66755401235,0.29436899205299,-129.457380742275 
811,-2936.9718807799,-3942.27476687731,0.300059712016822,-126.68589740397 
812,-3096.97519627463,-3901.33481180727,0.304033403430298,-128.443407692727 
813,-3167.85667473862,-4080.86315152214,0.315324352382039,-127.821161246535 
814,-3178.00277372543,-3874.20480459152,0.305850676524084,-129.361963336955 
815,-3145.34092216258,-3846.77409892638,0.303292206993607,-129.271382518038 
816,-3278.7196595435,-3904.10971009498,0.311181515986384,-130.023955951614 
817,-3077.89615208078,-4030.38144507344,0.309533036056596,-127.368019213708 
818,-2922.88212484719,-3703.01746829156,0.287947131329027,-128.284894388554 
819,-3080.5013640873,-3833.15001144689,0.30015401783481,-128.7870118766 
820,-3080.13751905488,-3673.16039443598,0.292591850917793,-129.981596238436 
821,-3292.5621954933,-3790.35256166261,0.306450444559479,-130.979837688621 
822,-3051.45047331204,-3960.26522582117,0.305154883907222,-127.614851756226 
823,-2943.69358482685,-4029.80973762151,0.304602847043581,-126.1473641956 
824,-2936.36953883495,-3922.5173979824,0.29907148231956,-126.818273509883 
825,-2989.58558712121,-4010.34377840909,0.305310068126386,-126.703374716192 
826,-3143.06702103511,-3936.48463037228,0.307464139913021,-128.605445741225 
827,-2820.98688784764,-3937.85338573156,0.295665337829396,-125.616934033956 
828,-3053.43140474034,-3890.27101260568,0.301856612662843,-128.127982845862 
829,-3241.58017943305,-3916.97667558806,0.310333167631563,-129.610204760384 
830,-3067.66449548193,-3935.06544615964,0.304545400451376,-127.938959900854 
831,-2992.30935055656,-3918.02364432912,0.300912036227091,-127.370031774861 
832,-3150.86638934796,-3662.27487417368,0.294880295004372,-130.707310244609 
833,-3100.05719162665,-3897.25922869148,0.303955677238002,-128.500335181187 
834,-3198.06574115707,-3806.90822654377,0.303472318461795,-130.032578452799 
835,-3135.16258420659,-3913.02893899701,0.306044749555549,-128.70209804307 
836,-3096.77389540969,-3872.47074050538,0.302647848233838,-128.648956182235 
837,-3098.29316942951,-4063.53788642473,0.311897140541323,-127.324143197283 
838,-3280.75804556981,-3826.26277222554,0.307639050043092,-130.610825390139 
839,-3055.69291008641,-3843.28057024732,0.299691543659028,-128.4873014323 
840,-2923.535546875,-3749.13683965774,0.290186493149652,-127.946712544074 
841,-2969.6276382283,-3897.82440918549,0.299092126683241,-127.302615119213 
842,-3310.60540380048,-4069.53467376781,0.320204300397502,-129.128684249265 
843,-2884.38300711744,-3817.51210335113,0.292041974219557,-127.073460546029 
844,-3041.18832382998,-3920.26035804206,0.302840000820248,-127.802944389691 
845,-3094.71423816568,-3827.66273113905,0.300437687946473,-128.955982064475 
846,-3239.85079602541,-3939.85017730496,0.311342962895954,-129.431432594095 
847,-2990.773677317,-3889.67051911157,0.299481378366858,-127.556739363109 
848,-3153.7312057783,-3935.79313458137,0.307837759639653,-128.70502102131 
849,-2877.89302672261,-3706.85513287691,0.286438888856066,-127.824710533102 
850,-2843.64891544118,-3888.79729779412,0.294050763073515,-126.175810609479 
851,-3035.37809378672,-3888.30455897474,0.301082891570027,-127.977132498582 
852,-3244.71273474178,-3728.73214678697,0.301695829084112,-131.029528599447 
853,-3106.36606096131,-3972.61494358148,0.307805635536305,-128.023449014455 
854,-3140.88686512002,-3841.32111753513,0.302862454287571,-129.271423729254 
855,-3133.78940972222,-3758.77183845029,0.298701238159186,-129.818878493386 
856,-2997.41944728388,-3829.53918114778,0.296830081201326,-128.050649725754 
857,-2864.24332701284,-3849.07695813886,0.292845943880173,-126.654326131047 
858,-2966.58470826049,-3903.22723630536,0.299242086882157,-127.236062261273 
859,-3009.9248217404,-3979.782887078,0.304563833492781,-127.100354096157 
860,-2889.42288335756,-3847.23046875,0.293675903754524,-126.908004324302 
861,-3059.5437536295,-4033.52174978223,0.309007138978995,-127.181376682241 
862,-2963.31414044374,-3927.32791654582,0.300294288017524,-127.035903488465 
863,-2941.91813622538,-3639.26149695829,0.28563177122698,-128.951494859048 
864,-2931.79515697338,-3905.29503038194,0.298062907256761,-126.896403688815 
865,-2988.75693641619,-3800.70093027457,0.295118850532275,-128.180446012792 
866,-3285.65231668591,-3847.4754528724,0.308817028148353,-130.49653698689 
867,-3256.2875216263,-3759.38839929354,0.303571953940716,-130.898285819062 
868,-3053.06023185484,-4058.46686887961,0.30998351872433,-126.953022499602 
869,-3072.69723640679,-3855.46613384638,0.300919853883541,-128.553852324822 
870,-3015.9722341954,-3913.05862966954,0.301550773642538,-127.623075849704 
871,-2861.17905066016,-3934.03405747704,0.296912127384773,-126.027977049604 
872,-2998.37562715023,-4004.0040675172,0.305321207320061,-126.82749545961 
873,-3164.24474692153,-3931.32918993414,0.308027136709873,-128.829861869594 
874,-2941.54186927918,-3915.21974220538,0.298904546222412,-126.917886688522 
875,-2943.65399107143,-3994.64183035714,0.302870720120045,-126.386524187432 
876,-2968.21500428082,-3811.67678902683,0.294873750507792,-127.908474838138 
877,-3172.24501140251,-3873.58264146237,0.305598529082844,-129.315535804 
878,-2902.3221543992,-3826.28855531036,0.293129976879109,-127.18109928005 
879,-3072.68384705631,-3914.45757785836,0.303743438691798,-128.130416176968 
880,-2891.03951526989,-3794.5375,0.291170407649657,-127.30359789405 
881,-2971.48950056754,-3750.50017735528,0.292060709777485,-128.389486981436 
882,-2952.46240787982,-3855.45971513605,0.296401218378557,-127.444436705456 
883,-3044.0020880521,-3816.46108791053,0.297966472552318,-128.575795795319 
884,-3006.1306561086,-3847.72002262443,0.298031775234095,-127.999651470778 
885,-2881.63253001412,-3801.32584745763,0.291152877488795,-127.164305381744 
886,-3119.2087859763,-3944.45397150113,0.306939023137132,-128.336362764352 
887,-2995.57811619222,-3849.82970159245,0.2977372832632,-127.886722635116 
888,-2935.55708051802,-3772.86464491836,0.291779953500931,-127.885454958967 
889,-3184.76762865579,-3901.93086508718,0.307421896106492,-129.221426029285 
890,-3087.11661692416,-3785.89619030899,0.298166299701497,-129.194683043756 
891,-3014.79370089787,-4061.92590838945,0.308754559138361,-126.583098334036 
892,-3063.2604137472,-3836.76492432735,0.299668325954944,-128.603750448351 
893,-2894.91687954927,-3866.20924902016,0.294803858488324,-126.824913818969 
894,-3017.1332407019,-3910.62305124441,0.301476323996382,-127.650990413431 
895,-3151.68375523743,-4040.24965956704,0.312761736345829,-127.956779080116 
896,-3088.47540283203,-4077.05048479353,0.312191201373708,-127.144907975889 
897,-2895.18865837514,-3777.61980037625,0.290503694150043,-127.466754674048 
898,-3031.90357913419,-3855.94583449332,0.299397357809622,-128.177725545844 
899,-3040.16780798109,-3759.2477057842,0.295097187492925,-128.963059570633 
900,-3043.68180555556,-3792.84558159722,0.296828718512379,-128.746337473015 
901,-3075.70589102386,-3877.81565621532,0.302101928297775,-128.419841400801 
902,-3044.49154656319,-3768.12052210366,0.29568426775125,-128.936832785766 
903,-2899.31355550941,-3918.85269587486,0.29754169802943,-126.495418608429 
904,-3014.98863557799,-3938.51060391316,0.302746212062226,-127.434595122609 
905,-2817.93001553867,-3760.07825448895,0.286802021637807,-126.849132587212 
906,-3145.35619308775,-3795.14335851269,0.300859748791403,-129.651414593806 
907,-3001.70611390573,-3844.92667275358,0.297731175290572,-127.978897867462 
908,-2866.15468405837,-3849.27255128029,0.292925180738695,-126.671238857413 
909,-3219.9571214934,-3769.64805074257,0.30260064958003,-130.503282596575 
910,-3099.91276614011,-3929.81820913462,0.30550799479941,-128.267025239066 
911,-2927.04143798024,-3903.54069189078,0.297803121496207,-126.86412862238 
912,-2992.51054516173,-3936.59552323191,0.301821138289663,-127.241272569129 
913,-2922.34363020263,-3863.57987917579,0.295682256396862,-127.103217885683 
914,-3003.73485366521,-3896.64649719639,0.300301370250556,-127.626877848393 
915,-2928.89103483607,-4131.88016564208,0.309132082724768,-125.330992832475 
916,-2999.17863844159,-3896.9070431905,0.300144270170611,-127.582979181062 
917,-3110.75821292257,-4107.83650831516,0.314510305106437,-127.135703959863 
918,-2781.34128199891,-3818.25740400327,0.288330950167492,-126.070796609766 
919,-2942.92706066377,-4086.73319334875,0.307387953436566,-125.758311282562 
920,-3264.8284986413,-3962.45112092391,0.313376942543682,-129.486531170456 
921,-3088.92883923724,-3783.74725162866,0.298134596723227,-129.227087768794 
922,-3151.31381338124,-3760.20550603308,0.299454384201045,-129.965349168616 
923,-2956.73970747562,-4021.76414375677,0.304677433691651,-126.322758825361 
924,-3023.87507609578,-4100.50402462121,0.310977194711149,-126.406542311325 
925,-2995.14532094595,-3797.54745777027,0.295208886069958,-128.263027225442 
926,-2986.8861112986,-4041.77012182775,0.30675213006858,-126.464566026747 
927,-2999.92798509978,-3989.20806364617,0.304655743133593,-126.943565149067 
928,-3004.91450868804,-3846.98965348869,0.297950947312735,-127.993680839575 
929,-2943.07892391012,-4079.1475460845,0.307017772235159,-125.810208018347 
930,-2989.15023521505,-3801.99572412634,0.295195814221954,-128.174626748167 
931,-3172.11137218045,-3890.90784438776,0.306412245241912,-129.189071273261 
932,-2988.2265625,-3939.18610012071,0.30178892904644,-127.18358462319 
933,-2858.602039791,-3756.79930332262,0.288138348399337,-127.268022566779 
934,-3058.3883498394,-3887.30754817987,0.301901332957752,-128.194346453982 
935,-3241.24654913102,-4055.41420454545,0.316875984233393,-128.633223431453 
936,-3031.08536157853,-3967.56442808494,0.304751704726418,-127.37860690135 
937,-3064.64039154216,-3842.66714747866,0.30000245282911,-128.57339352019 
938,-3119.87858142324,-3963.62879797441,0.307883184930975,-128.207232837487 
939,-3128.05193357295,-3868.14228900426,0.303638364870002,-128.96144057163 
940,-3027.83646110372,-3969.42348736702,0.304721572231642,-127.336025238934 
941,-2987.07527729809,-4009.49099196334,0.305176773633808,-126.686151937015 
942,-3103.15282477442,-3754.04087048832,0.297284623419153,-129.577703534424 
943,-3046.38253081919,-4055.03876424973,0.309571347585775,-126.916019816333 
944,-3022.69877184852,-3848.56447795286,0.298695966085973,-128.146424673268 
945,-3096.93614417989,-3813.30735780423,0.299842306963774,-129.081402458462 
946,-2868.87733714323,-3797.07059328753,0.29047595084585,-127.072876930682 
947,-2996.19617872228,-3838.37237658395,0.297208882294076,-127.975252405726 
948,-3213.94207377373,-3921.1491215058,0.309457289325622,-129.339516694541 
949,-3211.61891629347,-4016.84892814805,0.313908180609466,-128.643625324017 
950,-2988.42272203947,-3807.48524671053,0.295431872385102,-128.127693851383 
951,-3086.6222315326,-3817.27510515247,0.299634114376488,-128.958764073504 
952,-3044.12522977941,-3879.22040769433,0.30097532530046,-128.122200042125 
953,-2985.07864965897,-3884.42177662644,0.299015534663513,-127.541355219381 
954,-3044.7768442086,-3863.45808765723,0.300243661196369,-128.241512062432 
955,-2880.06297447644,-3835.20002454188,0.292745670919616,-126.90490402478 
956,-3003.40878334205,-3914.58326523274,0.301157087330313,-127.496714706185 
957,-2987.76635155434,-3984.24942855277,0.303967977852627,-126.866025326966 
958,-2944.60498760438,-4038.09746052975,0.305044247620388,-126.099756124595 
959,-3050.05198285975,-3852.92903577946,0.299938912368276,-128.365807857391 
960,-3068.47684733073,-3919.85166015625,0.303844139160008,-128.053993258333 
961,-3087.49532550728,-3917.86756958897,0.304465925169879,-128.240055763214 
962,-3002.14241976351,-4030.28405178015,0.306743958088937,-126.68227811104 
963,-2991.9098844756,-3811.12268788941,0.295737936453471,-128.133574705305 
964,-2905.43805108921,-3805.98858921162,0.292259112384073,-127.357603986334 
965,-3079.65490608808,-3940.40011334197,0.305252395263843,-128.009722511001 
966,-3071.8379998059,-3832.47167766563,0.299790747615879,-128.713193618939 
967,-2949.7661582213,-3762.66524205016,0.291823152359806,-128.094905140096 
968,-3037.26663384556,-3873.95222107438,0.300463951980761,-128.097252985664 
969,-3067.93615357327,-4001.90087235552,0.307783020815137,-127.474485674835 
970,-3069.20770779639,-3857.17899484536,0.300868955704531,-128.509724335785 
971,-2933.56607234809,-3890.77185247168,0.29741953042963,-127.015580804192 
972,-3070.62987879372,-3777.06416377315,0.29711289563293,-129.109984829865 
973,-2927.59671280832,-4012.42407502569,0.303166452131513,-126.115721431412 
974,-3087.30186409138,-3896.00135555698,0.303411450336641,-128.39430237092 
975,-3055.86708333333,-3920.53603365385,0.303403266796119,-127.934681012604 
976,-3042.8030385502,-3850.6195168417,0.299553875900281,-128.316189000729 
977,-2958.54482791709,-3975.89639841351,0.302492098964462,-126.653680338687 
978,-3164.08838190184,-3857.63993801125,0.304530326871155,-129.359066524578 
979,-2984.86385980592,-3950.44272695352,0.302212828072848,-127.073857280004 
980,-3129.07408322704,-3919.46379942602,0.306119368870418,-128.601850274948 
981,-3016.851435079,-3942.19936608053,0.302994109315641,-127.425787613251 
982,-2977.99917260692,-3790.52425693737,0.294224726836414,-128.154704174298 
983,-2946.00334594354,-3791.18302549593,0.293054005578961,-127.849601557667 
984,-3000.11417047764,-3961.87688166921,0.303330977529533,-127.134669062728 
985,-2877.06875793147,-3933.99359930203,0.297481620820451,-126.179325922585 
986,-3086.58814813641,-3755.01717006846,0.296687509274074,-129.419877199005 
987,-2983.71623290274,-3763.61387886272,0.293151543948732,-128.406662452986 
988,-2885.7611573254,-3739.20630377024,0.288294331789309,-127.659440042261 
989,-3138.16543699444,-3790.17384984833,0.300346171710113,-129.623873118582 
990,-3059.25090751263,-3744.86591698232,0.295150668745843,-129.246028050543 
991,-3000.38230795913,-3901.44845011352,0.300408767835223,-127.561838775086 
992,-3048.94554088962,-3706.86821131552,0.292958240161724,-129.437724867611 
993,-2970.30969127643,-3761.44406942346,0.292539939276255,-128.297187055044 
994,-3044.35703282193,-3808.98975100604,0.297623618633596,-128.633798025792 
995,-2976.98030778894,-3853.63874842965,0.297225486422917,-127.686499410735 
996,-2925.33856519829,-3706.33624341114,0.288199030017241,-128.283340404446 
997,-2903.82528052909,-3600.08088327482,0.282310456195656,-128.88964800916 
998,-3036.50866576904,-3965.66018756263,0.304860483514093,-127.441304839964 
999,-3015.19382663914,-3833.65388826326,0.297697358384198,-128.185281750613 
1000,-2989.282265625,-3898.9935546875,0.299877297959736,-127.47667816367 
1001,-2982.64355176074,-3690.9975024975,0.289650240100017,-128.941193588751 
1002,-3161.18937905439,-3729.85922685878,0.29842650940445,-130.282471164643 
1003,-2857.28041656281,-3808.223742834,0.290594032252478,-126.880609434233 
1004,-2957.43688527141,-3834.28914031375,0.295561679866664,-127.643467468988 
1005,-3073.55377021144,-3812.57006374378,0.298909588270798,-128.874482972862 
1006,-2859.44605802684,-3996.81587040258,0.299958099642327,-125.581106152968 
1007,-3157.27144364449,-3891.37192775571,0.305862698478471,-129.054208061978 
1008,-2748.86865234375,-3951.78858196925,0.293821532408675,-124.822518744947 
1009,-2905.9369734886,-3927.24017436819,0.298193700152987,-126.499359987959 
1010,-3082.01192759901,-3886.70225092822,0.302766083092789,-128.41312284732 
1011,-3026.08005687438,-3960.84466957221,0.304240311362174,-127.379779404095 
1012,-3231.42202939723,-3915.34630527421,0.309861477011249,-129.533612244418 
1013,-3048.74213351431,-3817.45515331935,0.298194370829612,-128.611985938962 
1014,-2920.72042961045,-3781.57149901381,0.291645139674585,-127.680928192318 
1015,-2918.91325431034,-3876.1098445197,0.296166573628302,-126.98165777227 
1016,-2992.20923043799,-3821.0997554749,0.296228439546316,-128.063622184145 
1017,-3083.26656219272,-3816.32103459931,0.299460074262576,-128.935296882629 
1018,-2988.56205488703,-3634.99758257613,0.287229021593038,-129.425792083657 
1019,-2931.29897571148,-3738.61448877576,0.289972429887301,-128.098583645919 
1020,-2953.71608455882,-3842.7242723652,0.295831064430172,-127.547737572153 
1021,-2897.0578247429,-3909.0462322478,0.296978728298786,-126.542746583615 
1022,-2956.84951382094,-3921.3661096502,0.299766161881902,-127.017592596688 
1023,-2896.20029172776,-3820.01846590909,0.292599253619617,-127.168092753873 
---------------------------------------------------------- 

