Barrido en frecuencia desde 100 hasta 100000 con incrementos 100
N: 1 | Fuente: Highspeed_ADC 
 
Formato: frecuencia,X,Y,R,phi 

100,1077.0390625,-4819.390625,0.301417455991757,-77.4025179295701 
200,-1656.4453125,-8511.6953125,0.529274963891678,-101.012578723112 
300,-3939.4140625,-1879.3515625,0.266410649464351,-154.495883441121 
400,1594.4921875,-9942.671875,0.614625291855036,-80.889133215582 
500,-4491.6328125,-196.9453125,0.274419292877098,-177.489351316476 
600,-5423.125,4581.140625,0.43330752887602,139.810820653968 
700,3173.046875,-6190.296875,0.424582567465568,-62.8610507186467 
800,-7679.2578125,-5232.203125,0.567174655112562,-145.73174061999 
900,-2992.984375,-9517.203125,0.6089497641743,-107.457397451951 
1000,2351.84375,-3557.125,0.260280537793153,-56.5287491582867 
1100,-2826.1640625,291.3046875,0.173414557366049,174.115063968967 
1200,-6250.40625,-4372.6015625,0.465593736127118,-145.024488240506 
1300,728.3359375,4619.4921875,0.285443071704835,81.0401718115503 
1400,974.9375,-9817.984375,0.602207822198809,-84.3290522224679 
1500,-4159.2578125,2747.5703125,0.304259396098734,146.551588495507 
1600,5057.140625,69,0.30870151821292,0.781699340349804 
1700,-6049.7421875,-1327.1640625,0.378039196054546,-167.626725729565 
1800,1626.65625,-1130.6484375,0.120914572481515,-34.802206170306 
1900,-5742.359375,-5434.40625,0.482568810395598,-136.578269774976 
2000,-2898.421875,-5195.078125,0.363104532207033,-119.157886241686 
2100,-1821.0078125,-4150.9140625,0.276667799426695,-113.687082342533 
2200,-3993.5390625,1889.2578125,0.269654126030038,154.682171430552 
2300,-1748.4140625,-7993.1328125,0.499412348521782,-102.33851442827 
2400,-8664.5625,5682.390625,0.632445452118691,146.742348948936 
2500,-114.4921875,-5211.3671875,0.318163073545561,-91.2585687747342 
2600,-5752.8984375,-526.78125,0.352608797767307,-174.76813158265 
2700,-1966.9375,-5634.6328125,0.364273562390253,-109.243072077687 
2800,-7849.2265625,-5111.890625,0.571737322135665,-146.925394004473 
2900,-6046.53125,2677.8515625,0.403636237934511,156.112691957793 
3000,-1859.40625,-66.7890625,0.113565805862955,-177.942844979216 
3100,-10627.9609375,-321.046875,0.648994957426789,-178.269749103693 
3200,-4938.015625,-12766.3359375,0.835479146878561,-111.146458161535 
3300,-2986.9765625,-253.8671875,0.182973443308108,-175.142028810317 
3400,-1765.78125,6382.7734375,0.404218920348588,105.463996799599 
3500,2827.890625,446.0078125,0.174739597669245,8.96271789637293 
3600,-8623.9453125,-4016.7265625,0.580675175453851,-155.025573178789 
3700,5511.1015625,-156.265625,0.336516406735431,-1.6241693939197 
3800,-6734.109375,-3694.4453125,0.46882293573607,-151.250088954618 
3900,160.8515625,-6492,0.396373936882275,-88.5806792287489 
4000,2785.171875,-7195.0859375,0.470921245836764,-68.8388972625101 
4100,-4163.4453125,1632.2890625,0.272956596438599,158.59221421155 
4200,-5374.578125,-3281.234375,0.384351950232349,-148.595512019311 
4300,-6345.7421875,-1397.328125,0.396604298465003,-167.581688863821 
4400,-2515.9765625,-3218.8125,0.249363616399114,-128.012870633788 
4500,106.796875,790.296875,0.0486758161382768,82.3039482779834 
4600,-4391.796875,-1880.578125,0.29160402347634,-156.819272926201 
4700,722.375,-4747.3984375,0.29310239335626,-81.3481092988824 
4800,2697.8984375,-7249.3671875,0.472128268271027,-69.5869273272769 
4900,-1911.5,3045.546875,0.219471908410531,122.113931001357 
5000,-2123.0078125,-8756.9921875,0.549984098543489,-103.627616630402 
5100,-1156.2421875,3691.9375,0.236137534546974,107.389529576049 
5200,286.5546875,-4073.0078125,0.249218761840086,-85.9756116153051 
5300,-6166.2734375,-3738.0625,0.440127440700716,-148.77529749217 
5400,-5256.8671875,-1992.421875,0.343136622844812,-159.242632225194 
5500,-3764.515625,-5968.9140625,0.430730735118457,-122.239091213798 
5600,-1074.140625,-2605.546875,0.172018873115669,-112.403979134879 
5700,-3671.609375,-2357.984375,0.266339742401307,-147.290574301179 
5800,-9055.7265625,-7017.9296875,0.699286932693687,-142.225337117014 
5900,-9527,-5144.9453125,0.660876730238115,-151.629252739278 
6000,-2629.859375,-7213.359375,0.468630425436221,-110.030933943051 
6100,-5503.3671875,-569.359375,0.337702003622911,-174.093389911349 
6200,4598.015625,4731.09375,0.402682432362058,45.8172589135257 
6300,-4022.609375,-4313.25,0.359991720887297,-133.003116724769 
6400,-6581.2109375,-10615.703125,0.762365537305343,-121.796865997002 
6500,-6606.5546875,1799.1796875,0.417930289604395,164.765935225046 
6600,-5583.796875,4554.7109375,0.439823200849044,140.795826417235 
6700,-1300.0390625,-7586.2421875,0.469791479447406,-99.724206457614 
6800,223.828125,-7520.2421875,0.45921643088218,-88.2951849542364 
6900,921.3125,-1358.3671875,0.100182150067974,-55.8529187109383 
7000,-11129.1875,-2310.671875,0.693779146451924,-168.270739608589 
7100,-2771.9375,98.8984375,0.169298453349345,177.956642050692 
7200,-1233.921875,-4940.328125,0.310806141319787,-104.023579250051 
7300,-260.7109375,-6307.4296875,0.385315438920659,-92.3669131299112 
7400,-9704.84375,-937.03125,0.595109431627299,-174.485019074333 
7500,-5646.78125,2232.8203125,0.370629047762902,158.425429332048 
7600,859.3203125,-3588.953125,0.225250715153093,-76.534889928237 
7700,-1571.3984375,-1932.3125,0.152019244043515,-129.11875727022 
7800,-3046.890625,1111.6171875,0.197963625293009,159.956180257881 
7900,-1527.859375,-8142.6171875,0.505674550699617,-100.627259187304 
8000,4813.9453125,-4894.21875,0.419015674894958,-45.4737481083743 
8100,-3533.9140625,-11698.2734375,0.745896721119582,-106.80896373923 
8200,-3143.2578125,-2685.3359375,0.252335472522631,-139.49219984663 
8300,-2020.2578125,-3180.4609375,0.229978978064179,-122.424085451202 
8400,-5827.40625,242.53125,0.355995424015014,177.616778127116 
8500,-7300.734375,-4606.828125,0.52691455101323,-147.747711038718 
8600,-8167.078125,-11805.3203125,0.876187954304843,-124.676002037316 
8700,1339.2109375,-6627.84375,0.41271948048303,-78.576715677534 
8800,-1402.1015625,-6067.28125,0.380088600742668,-103.012186394453 
8900,-8878.78125,-735.1015625,0.543788563953546,-175.267100976508 
9000,243.3359375,-6685.78125,0.408350353483532,-87.9155807906263 
9100,398.1875,-2.765625,0.0243047641991048,-0.397943411711756 
9200,2393.3125,2787.2734375,0.224238061882148,49.348723915155 
9300,-253.84375,-933.671875,0.0590572135465975,-105.209755553709 
9400,-366.34375,-12372.8984375,0.75553579549459,-91.6959502515665 
9500,3954.5625,-4853.453125,0.382125725791682,-50.8270728644893 
9600,-7528.7890625,6335.0390625,0.600572583069184,139.921335559359 
9700,3817.8125,-5433.8046875,0.4053424526335,-54.9079721097766 
9800,-3514.9375,-2714.2421875,0.271061382954793,-142.32460404393 
9900,1406.6953125,-5147.9765625,0.325736759420636,-74.7168974088647 
10000,-2915.875,-5602.34375,0.385493994075386,-117.495811101735 
10100,-7584.4296875,-15649.265625,1.06145304324842,-115.857187129203 
10200,-10478.0703125,-4999.2734375,0.708615060346694,-154.493361677404 
10300,4773.71875,2550.3671875,0.33034937319742,28.1134357126207 
10400,-10576.8203125,768.6953125,0.647280306052515,175.843202808903 
10500,-3919.6796875,867.859375,0.245039638852898,167.515503712009 
10600,-2671.78125,1846,0.198216542450976,145.358442175092 
10700,-2968.34375,-598.3359375,0.184822981054757,-168.603471348782 
10800,-3002.3125,932.9609375,0.191896120950588,162.737501343986 
10900,-2353.3671875,-990.8125,0.155854254469188,-157.16797847579 
11000,5129.0234375,428.1875,0.314149335857341,4.77217142947091 
11100,-1318.8359375,-757.8203125,0.0928408944620446,-150.117763657492 
11200,-8009.90625,5099.8046875,0.579583716964327,147.515614841428 
11300,-6744.9140625,-9953.4765625,0.733881158804636,-124.12329613589 
11400,-5632.28125,-4305.4765625,0.43271639381628,-142.604671524006 
11500,-9997.15625,-9900.671875,0.858794189745065,-135.277824499996 
11600,-7660.25,-5000.546875,0.558363296969142,-146.863835022246 
11700,-4911.90625,-10008.1015625,0.680470843467994,-116.141481423904 
11800,-5910.921875,-8601.234375,0.637011964993647,-124.497544459922 
11900,6394.8359375,3281.2421875,0.438704935469587,27.1627271688437 
12000,1956.1484375,-9015.921875,0.56310864180455,-77.7584972368175 
12100,-4925.7734375,-6910.921875,0.518002898335059,-125.479448107013 
12200,-3080.8359375,-3494.765625,0.284362666367806,-131.398022024208 
12300,-2505.4140625,-7593.28125,0.48804820117773,-108.260380720302 
12400,-6891.6484375,-3231.5,0.464593205999193,-154.878078160984 
12500,-556.71875,-2054.2109375,0.129905911264131,-105.163681172072 
12600,1107.0390625,-3701.1328125,0.235795093872602,-73.3476462510819 
12700,2397.59375,4070.921875,0.288369140575777,59.5037877981279 
12800,-4601.5078125,-7086.9296875,0.515748170240329,-122.995461125268 
12900,247.0859375,-8398.390625,0.512834531736316,-88.3148082159901 
13000,703.6953125,-6170.4921875,0.379069672433732,-83.4939820050245 
13100,232.796875,1646.5625,0.101500771974402,81.952655900039 
13200,2653.375,-1793.140625,0.195468632107059,-34.0506764165467 
13300,-5347.5,-8737.859375,0.62528230845549,-121.466298628862 
13400,-12577.78125,7889.6484375,0.906244831402179,147.901238519431 
13500,-6323.8828125,-1163.0078125,0.392464144639096,-169.579332461078 
13600,-7703.59375,-2720.015625,0.498653549395842,-160.552689224782 
13700,1607.6328125,-2844.2734375,0.199418082173792,-60.5241109967543 
13800,505.796875,2722.9140625,0.16904159665647,79.4769205819598 
13900,-1968.2578125,2868.5,0.21233805214363,124.45646240702 
14000,2445.84375,-9998.4140625,0.628267634540088,-76.2540692188746 
14100,-4816.0546875,-11796.1796875,0.777699382298238,-112.208838722259 
14200,-4107.7734375,1811.3046875,0.274019014549377,156.205129420593 
14300,-2103.9140625,-11901.6484375,0.737704253585502,-100.024894418874 
14400,-5529.640625,-4285.2890625,0.42700020401594,-142.225496612696 
14500,1626.234375,3307.5703125,0.224966418839401,63.8180208144553 
14600,-54.5546875,6621.7734375,0.404187027378483,90.4720310439031 
14700,-411.921875,-3425.15625,0.210567763178415,-96.8576659024633 
14800,-8544.359375,-6175.328125,0.643472490819475,-144.142952654715 
14900,-3971.84375,6142.65625,0.446479717342979,122.88672334532 
15000,-506.515625,-7502.640625,0.458981233500243,-93.8622717030282 
15100,-441.546875,-8837.78125,0.540104647922273,-92.860192335315 
15200,93.5078125,1927.1484375,0.117765780555324,87.2221110065034 
15300,4055.359375,-1591.6875,0.265909990283199,-21.4295046924124 
15400,-2769.2578125,-5551.828125,0.378683348153151,-116.510069950552 
15500,-1463.6640625,-1156.1484375,0.113846585746122,-141.694787762954 
15600,-6459.875,-6164.515625,0.545013886678069,-136.340243617268 
15700,333.890625,-1332.5546875,0.0838495133050592,-75.9333307520951 
15800,3087.7578125,-4345.5546875,0.325379948898312,-54.6040927547593 
15900,-449.671875,-2948.046875,0.182021203747795,-98.6726006291365 
16000,-5105.171875,-2427.796875,0.345045337462087,-154.566279387017 
16100,-2273.0546875,-5984.78125,0.390753180575664,-110.797068003374 
16200,-4437.90625,-3135.8984375,0.331678052728253,-144.754336360632 
16300,-1774.734375,-5926.59375,0.377612489751175,-106.670470001987 
16400,7363.296875,-2873.6640625,0.48244767921457,-21.3191436860487 
16500,-23395.453125,1582.984375,1.43125375873128,176.129149885651 
16600,-5996.609375,-2905.8828125,0.406725885418321,-154.145744932357 
16700,-6523.9296875,-1890.703125,0.414586585497686,-163.837858376101 
16800,-18.390625,-1133.75,0.069209823779472,-90.929316685128 
16900,2013.21875,-526.296875,0.127010368244943,-14.6504308815267 
17000,371.390625,-4207.375,0.257804179057692,-84.9554996711399 
17100,4015.203125,-10730.6640625,0.699317530224768,-69.4851408484227 
17200,-611.8984375,4.921875,0.0373496647243756,179.539144789539 
17300,-1013.3984375,-927.09375,0.0838338336894145,-137.546589864197 
17400,4397.7109375,-5990.203125,0.453576905196839,-53.7157254854092 
17500,-6159,2058.6640625,0.396371312189736,161.517641928305 
17600,-10014.390625,16080.84375,1.15629562838284,121.912702156677 
17700,-6284.71875,6378.9140625,0.546573586196193,134.573827320714 
17800,-9499.046875,-6122.890625,0.68980387178419,-147.195002733464 
17900,-11843.8984375,-7718.84375,0.86288834599307,-146.907117963809 
18000,-383.9296875,905.3203125,0.0600216727952041,112.980907334334 
18100,-977.921875,-7060.0703125,0.4350399299982,-97.8861148209215 
18200,-842.7421875,947.46875,0.0773970442108843,131.652037429957 
18300,-576.578125,1035.484375,0.0723403328838578,119.109923051946 
18400,-5325.3125,-8085.8671875,0.590957509359399,-123.368704396309 
18500,-1117.96875,-3138.359375,0.203347223593485,-109.607278432638 
18600,-902.2109375,1049.5,0.0844747673159048,130.684260770117 
18700,3446.3203125,1897.09375,0.240117556549753,28.8314365351471 
18800,-3978.0234375,-1261.4375,0.254721857940948,-162.40609664071 
18900,-5752.390625,-3092.75,0.398638095311357,-151.735479170718 
19000,-8330.90625,693.703125,0.510253499674996,175.240040161223 
19100,-8421.484375,-735.71875,0.515980118119209,-175.007195269118 
19200,-8094.84375,3463.0234375,0.537399762352398,156.838466103284 
19300,-5918.96875,-4005.7265625,0.436233399309455,-145.911395063231 
19400,-1310.125,1192.6875,0.108139460425572,137.68647430038 
19500,-873.8125,-1741.4765625,0.118924940343822,-116.645909161144 
19600,4029.7265625,-2625.09375,0.293548170978088,-33.0815173854255 
19700,-2503.0546875,-5472.4453125,0.367303621063687,-114.578994702611 
19800,1069.3203125,-3453.78125,0.220681119722875,-72.7970264753218 
19900,-2947.375,-4660.40625,0.336570352960082,-122.310438039902 
20000,-5723.6875,-12741.90625,0.852590751630858,-114.189702987259 
20100,-3425.0703125,-3123.953125,0.282952437698833,-137.632545408834 
20200,-5093.7734375,-6373.234375,0.497983693624559,-128.633409061733 
20300,-3487.265625,-6284.078125,0.438663247817623,-119.027502193674 
20400,-2186.6796875,1258.421875,0.153992342585272,150.07981497462 
20500,-1413.859375,337.53125,0.0887228379368949,166.573066072856 
20600,-726.3515625,691.0546875,0.0611937796366827,136.426509922254 
20700,-9130.1484375,2647.4140625,0.58023194996991,163.829745369899 
20800,1201.890625,-2740.4296875,0.182647564964125,-66.3188279418193 
20900,1999.71875,-2779.65625,0.209004905970714,-54.2682973648642 
21000,-1553.890625,8902.421875,0.551592628745646,99.9010572989617 
21100,3421.4921875,2447.890625,0.25678221861072,35.5816486376419 
21200,3088.90625,-8072.2890625,0.527549111185479,-69.0603727715963 
21300,4060.4453125,-4191.28125,0.356186724584067,-45.9083818850117 
21400,-6030.6171875,-10989.3125,0.765116337676714,-118.756707824545 
21500,-3254.4296875,-4254.3359375,0.326936784747861,-127.414822098905 
21600,-1373.9921875,1533.546875,0.125677290403167,131.858975922987 
21700,-7176.5703125,-290.46875,0.438395105379582,-177.682241835945 
21800,-5301.5,-4214.7890625,0.413389400740344,-141.514661108488 
21900,-5327.375,-3015.3359375,0.373640170288678,-150.489799368195 
22000,-824.875,1001.0234375,0.0791710767681136,129.489602811228 
22100,-2330.84375,-7276.390625,0.466359146454758,-107.7618037345 
22200,-6576.484375,430.6484375,0.402268708423529,176.253445024681 
22300,-3506.2578125,-319.328125,0.214897243725877,-174.796213033583 
22400,1820.7734375,-1822.0703125,0.157224016947664,-45.020397652498 
22500,-12756.25,-1359.15625,0.783010560766838,-173.91817977383 
22600,-6250.5625,-5640.828125,0.513902968974823,-137.935286455315 
22700,-3323.2421875,-965.125,0.211221643586917,-163.805820891568 
22800,-658.1796875,-7140.0703125,0.437656301276296,-95.2667051589963 
22900,-8667.1015625,-6406.7734375,0.657857305626638,-143.527965954068 
23000,-12917.859375,5648.4375,0.860548237024747,156.382260755951 
23100,-1549.90625,1267.3203125,0.122200778932634,140.727975892258 
23200,4667.53125,1755.234375,0.304370357403143,20.608869978478 
23300,-2842.5703125,-461.1328125,0.175770183117407,-170.785527392841 
23400,-4465.9609375,-4442.6484375,0.384494135478314,-135.149934154114 
23500,-4419.3828125,-7691.3671875,0.54143680130954,-119.881245183605 
23600,-5906.734375,-7464.421875,0.580997737936292,-128.355216896662 
23700,-3577.890625,-1683.8515625,0.241359987721935,-154.797062844982 
23800,6865.828125,-205.296875,0.419256981494541,-1.71270537924594 
23900,256.703125,-1043.3203125,0.0655804003408193,-76.1772614854364 
24000,1382.453125,-4121.8203125,0.26535719796031,-71.4586147530434 
24100,-4055.1171875,-9275.5546875,0.617892096498808,-113.614143398019 
24200,-4354.9921875,-3248.8359375,0.331633238360316,-143.276961941392 
24300,2263.484375,-2297.9453125,0.1968755094649,-45.4328530413933 
24400,-1437.5390625,4870.890625,0.309982100135574,106.44283659906 
24500,-8854.015625,-7157.1015625,0.69490504129761,-141.049822527294 
24600,-6515.734375,-1676.96875,0.410661756628537,-165.566903322257 
24700,-4238.84375,-1588.1015625,0.276288520541736,-159.461315709859 
24800,-1490.28125,-7950.9765625,0.493755027142993,-100.615987583337 
24900,-663.78125,165.203125,0.0417511779268248,166.024067522521 
25000,2826.40625,-6181.84375,0.414889071221909,-65.4296048106549 
25100,7904.8671875,-7375.5625,0.659894151731815,-43.0161026628355 
25200,1413.34375,1811.09375,0.140220527455466,52.0321875660826 
25300,-5758.1796875,-11997.0703125,0.81224272942529,-115.639398613464 
25400,-9343.0234375,5291.84375,0.65539008135974,150.472991890172 
25500,-5371.2578125,-7178.265625,0.547219624155567,-126.806289339653 
25600,-5762.6640625,-4913.734375,0.462244441172114,-139.546286412093 
25700,1984.828125,1045.1796875,0.136918200437902,27.770594687777 
25800,-5612.703125,2194.1328125,0.367829228039772,158.648345561286 
25900,-5222.859375,2412.46875,0.35115263555777,155.207513564502 
26000,-710.2421875,6157.609375,0.378333998165701,96.57963795261 
26100,-10254.203125,-1066.421875,0.629261582318473,-174.062668198761 
26200,-1548.0078125,-2856.7109375,0.198319837586708,-118.45258416631 
26300,-10191.40625,-6540.5234375,0.739135890843834,-147.308930967236 
26400,-9511.0703125,-11918.671875,0.930719872297989,-128.58977950171 
26500,-3724.71875,-3619.203125,0.316994105372832,-135.823154730867 
26600,-2052.484375,-1876.2109375,0.16973186249259,-137.569034742269 
26700,3419.2890625,-5100.234375,0.374788809670935,-56.1613874145006 
26800,-2264.3515625,-8797.7734375,0.554490681782857,-104.433398701368 
26900,-7286.53125,-4766.3984375,0.531450174768974,-146.809768122551 
27000,5601.265625,-2850.4375,0.383607688015562,-26.9711647401337 
27100,-8691.6875,-1120.78125,0.534907143870273,-172.652333402606 
27200,-1893.3046875,-11687.2578125,0.722655100197179,-99.201824706278 
27300,-3997.078125,-9114.4375,0.607462799630413,-113.67954556784 
27400,-2913.4296875,-8032.359375,0.521525055883881,-109.936294141364 
27500,-6577.3828125,1858.6171875,0.417184441384334,164.220927735466 
27600,-2886.25,1585.171875,0.200988971403487,151.223747893394 
27700,-7681.8125,154.3046875,0.468969518359098,178.849253537506 
27800,-1940.765625,-2484.40625,0.192424907755159,-127.996200971667 
27900,-143.3046875,2572.9453125,0.157288309875939,93.1878949144547 
28000,-405.890625,-777.8671875,0.0535536648037519,-117.555525442316 
28100,-8508.4140625,-3252.28125,0.555974687576482,-159.080996922204 
28200,1200.109375,828.7265625,0.0890188925660074,34.6267288141604 
28300,-418.859375,50.609375,0.0257518709209771,173.110539974164 
28400,465.859375,-4300.046875,0.263997829770744,-83.8167937466303 
28500,-512.8671875,-2574.4765625,0.16022609645009,-101.266525372699 
28600,2820.9296875,-8.859375,0.172181987932036,-0.179941786567393 
28700,-7838.9765625,-1587.6328125,0.48818219553615,-168.550718252447 
28800,-1918.578125,6342.3671875,0.404443665957406,106.83066572106 
28900,-3386.890625,-1015.8046875,0.215823371308619,-163.304829883353 
29000,-3288.546875,4262.171875,0.32858472680519,127.652556469684 
29100,3657.7890625,2221.3515625,0.261205807017088,31.2700382232648 
29200,4182.25,-11065.359375,0.72202792923664,-69.2954731331884 
29300,-9732.6171875,-8240.359375,0.778377225482907,-139.746259721973 
29400,-8777.578125,3532.265625,0.577510773165945,158.079200869108 
29500,-2775.0390625,1892.578125,0.205021645444575,145.705991241596 
29600,-8015.390625,159.125,0.489331948518292,178.862688810598 
29700,3901.8828125,211.171875,0.238507827916651,3.09785441060947 
29800,1653.6796875,-1202.21875,0.124790277522359,-36.0170070502752 
29900,2245.5625,2230.1640625,0.1931721142202,44.8028784854149 
30000,-1505.78125,-2614.1015625,0.184134677193413,-119.942909410416 
30100,-3194.3984375,-161.6640625,0.195226088330884,-177.102812048674 
30200,-4771.390625,-895.078125,0.296311520383017,-169.375213006804 
30300,-7056.9140625,-872.3828125,0.434011781937114,-172.952791823804 
30400,2717.359375,233.4296875,0.16647035842072,4.90983359575243 
30500,5991.40625,-4034.8984375,0.440894154984855,-33.9582028193663 
30600,-182.421875,-2776.890625,0.169858460113383,-93.7585228818991 
30700,-6617.0859375,4327.1484375,0.482578759375686,146.817896138671 
30800,2417.734375,-8184.96875,0.520925668674515,-73.543538105923 
30900,-2434.34375,-1538.484375,0.175771393507946,-147.707464592219 
31000,-2095.984375,-6822.4765625,0.435632184910496,-107.077875390277 
31100,-1675.6796875,-2555.8203125,0.186538955149453,-123.250164061991 
31200,-8039.5,2442.75,0.512858399846994,163.098935579829 
31300,-4746.125,3955.765625,0.377116836047194,140.189716652007 
31400,-5788.9140625,-7442.5390625,0.575507929652727,-127.876291063611 
31500,-8550.8046875,4268.6796875,0.583336021000255,153.470996981025 
31600,-4173.6875,3813.2109375,0.345062976703805,137.584204467427 
31700,545.3984375,2795.9609375,0.173873641815118,78.9621180138518 
31800,-6587.5,-3207.015625,0.447198146379967,-154.041629711841 
31900,-13757.0078125,-5871.90625,0.912977004586251,-156.88574737489 
32000,-3846.3671875,-605.59375,0.23766285546059,-171.052480482073 
32100,-501.5859375,1820.25,0.115243622187311,105.406013764506 
32200,-2477.9921875,-6656.1796875,0.433513996520199,-110.419516257114 
32300,4445.6875,1932.015625,0.295867917848994,23.4888967662815 
32400,1004.1953125,-12583.4453125,0.7704977913545,-85.437300620595 
32500,-9723.5625,-808.8515625,0.595547138087103,-175.244816136518 
32600,-2786.328125,-1738.78125,0.200467209476973,-148.03417176627 
32700,-3789.609375,-182.59375,0.231574801362179,-177.24146594806 
32800,2418.7734375,-2440.1796875,0.209712945715767,-45.2524164802397 
32900,6706.546875,-3878.1640625,0.472861343424107,-30.0393095947254 
33000,1357.8125,1275.984375,0.113728705377313,43.2204783413973 
33100,-5294.265625,-137.3984375,0.323254996094127,-178.513375706857 
33200,98.34375,-3364.296875,0.205434366296125,-88.3256300114478 
33300,1095.4453125,5123.1171875,0.319768335350916,77.9305392240503 
33400,-2698.625,-7333.578125,0.47696415681502,-110.202708597388 
33500,-2420.2890625,-5673.9296875,0.37651122987075,-113.101306832149 
33600,-2136.6796875,-8755.046875,0.550065959772346,-103.715005480221 
33700,-8312.8125,-1927.921875,0.520856226041398,-166.94270435981 
33800,-764.5625,1897.4296875,0.124862038455907,111.946793736158 
33900,-3351.6328125,-1194.1640625,0.21717062536483,-160.389361085536 
34000,-3710.5234375,-5141.453125,0.387008030404815,-125.817520187804 
34100,-4453.0625,-8020.3515625,0.559932084209497,-119.039926368844 
34200,-2841.8828125,-2162.6953125,0.217976081420448,-142.728578027619 
34300,-806.2578125,-2163.2265625,0.140909623870268,-110.440965765203 
34400,-5623.2578125,-8133.46875,0.60353959378086,-124.658921524769 
34500,1104.0234375,-1550.109375,0.116158223202582,-54.5406588442029 
34600,-6946.3203125,-6232.2734375,0.56961830569198,-138.101386090967 
34700,2218.6796875,-5510.078125,0.362559381360314,-68.0674008897307 
34800,-90.1796875,-9744.0546875,0.594773520795236,-90.5302482535027 
34900,-6003.1953125,8548.09375,0.637561569277653,125.079780103812 
35000,-4762.5625,-1887.625,0.312692652302963,-158.379274325484 
35100,-6284.7421875,-3365.9765625,0.435154918134038,-151.827428605272 
35200,-5071,-4742.5859375,0.423788432890567,-136.916702020961 
35300,-2869.5078125,-7982.3125,0.517741410388011,-109.77266244668 
35400,827.0546875,-5911.75,0.364349632206985,-82.0360009210556 
35500,3702.0703125,-10402,0.67391870290067,-70.40936304621 
35600,-1119.8984375,-1804.3828125,0.129622422454274,-121.825995365066 
35700,-4235.2578125,-13549.328125,0.866471385504308,-107.358234409227 
35800,6310.4765625,-4587.03125,0.476178612967607,-36.0130813645009 
35900,1477.9375,-6943.0078125,0.433275382633405,-77.9829811229884 
36000,-5084.2421875,-4144.59375,0.400372957278611,-140.81362588251 
36100,-1047.2265625,-6716.7734375,0.414924828249694,-98.8617619177646 
36200,-3076.0859375,-4889.671875,0.352597475625207,-122.173942261993 
36300,-9191.0859375,-3812.3515625,0.607341603188913,-157.471915975719 
36400,5851.375,-11801.3046875,0.803997680144313,-63.6266630066236 
36500,-7550.453125,-2244.109375,0.480781780407644,-163.447250983944 
36600,-1675.578125,1687.953125,0.145169948590906,134.789200093721 
36700,-6630.484375,2662.2578125,0.436109136100447,158.123658877358 
36800,-5403.84375,-4054.671875,0.412358670406627,-143.117964097414 
36900,2865.4296875,-8235.40625,0.532222517753473,-70.8151547235424 
37000,-1594.1796875,-2334.03125,0.172521225866408,-124.333684440454 
37100,-1950.4921875,-1550.984375,0.1521031282728,-141.509125830633 
37200,2359.3515625,-7405.9453125,0.474421261168904,-72.3294036669902 
37300,-3408.921875,-3034.890625,0.278581068501259,-138.322007369077 
37400,-327.1484375,-5115.53125,0.312874628364763,-93.6591963989511 
37500,-6193.796875,-1712.609375,0.39223658585317,-164.543667411305 
37600,-210.6875,-1836.453125,0.112826880877786,-96.5446580206289 
37700,-4799.1875,2724.7890625,0.336848460504913,150.413801406424 
37800,1130.890625,-3193.6171875,0.206789459845427,-70.5004548902246 
37900,-3572.75,-6567.6796875,0.456346973628416,-118.545734653914 
38000,-3012.2578125,-5098.1015625,0.361431606659985,-120.577088114939 
38100,-1130.953125,1116.40625,0.0969973658923804,135.370863205874 
38200,-5856.359375,-14215.7890625,0.938434199531962,-112.389780722017 
38300,-8404.9609375,-10748.1171875,0.832803973139635,-128.02518683978 
38400,1535.21875,-9265.2890625,0.573236331294059,-80.5918138544526 
38500,246.3359375,-4409.6875,0.269573815409377,-86.8026406554014 
38600,1529.3359375,-8688.3984375,0.538466684831728,-80.0170333596824 
38700,1146.9453125,-2052.2265625,0.143496946511883,-60.8001137285793 
38800,-12664.5,-2661.578125,0.789889677771213,-168.131411555872 
38900,-3457.0078125,-5401.5546875,0.391435766001895,-122.619339485476 
39000,-5799.640625,-9492.6171875,0.678981934451075,-121.423398621803 
39100,-6889.4453125,3039.34375,0.459613483031227,156.194873886519 
39200,-6361.5859375,-1556.84375,0.399750715654623,-166.248525023387 
39300,-5282.125,-3270.8515625,0.379212906627861,-148.232955759351 
39400,5290.703125,2324.1484375,0.352713733257317,23.7153626046868 
39500,-2989.5625,-5354.28125,0.374300836563102,-119.176803495709 
39600,-2768.328125,1478.203125,0.191550514120988,151.899137313771 
39700,-5997.703125,-6407.5625,0.535699560482703,-133.107684749272 
39800,-2390.0234375,-3487.2890625,0.258045842263295,-124.424900637171 
39900,-6284.375,954.7890625,0.387981326265533,171.361082227124 
40000,3549.703125,-1552.46875,0.236478487437521,-23.6222461929848 
40100,-2469.15625,-4317.1796875,0.303561911870208,-119.766851148588 
40200,-9158.40625,-7641.125,0.728013772817714,-140.160774060261 
40300,-5225.7265625,-4616.34375,0.425594145755622,-138.543009512993 
40400,2133.6328125,-6037.2890625,0.390833564558931,-70.5361290460238 
40500,598.390625,2033.9296875,0.129406272438785,73.6058963073427 
40600,-271.7265625,413.515625,0.0302013301922257,123.309442793485 
40700,7116.421875,-8751.1484375,0.688464184632259,-50.8820382199075 
40800,-5030.2265625,-11444.578125,0.763039756186542,-113.726892233183 
40900,121.921875,-2396.21875,0.146447248463982,-87.0872484261764 
41000,5244.921875,3255.984375,0.376804806483405,31.8315125873474 
41100,7273.171875,-5096.8984375,0.542087777859944,-35.0220296575434 
41200,-2182.2109375,1367.5546875,0.157189586603968,147.925323588136 
41300,525.3359375,-3941.7578125,0.242720461434827,-82.4086667370792 
41400,4173.9140625,-2261.21875,0.289746971029298,-28.4466285961072 
41500,-8556.703125,-1033.0859375,0.526068413655473,-173.115765868939 
41600,1279.2265625,-8673.8984375,0.535155563871406,-81.6104943702421 
41700,4275.3125,-5314.875,0.41633418741532,-51.1866239119482 
41800,-2442.78125,-8747.859375,0.554370127927152,-105.602035611431 
41900,-4468.5859375,-610.9453125,0.275286526721587,-172.21478649102 
42000,3730.625,-1689.9609375,0.249980170855649,-24.3703710729825 
42100,-10948.03125,-8701.3203125,0.853585554108164,-141.522883717001 
42200,-8956.375,-4871.3203125,0.622297522174841,-151.458487603244 
42300,680.4609375,-6153.84375,0.377901572744768,-83.6901554271724 
42400,3107.140625,2606.046875,0.247526019933545,39.9875137086769 
42500,-1794.1171875,1637.7421875,0.148271670614425,137.608916480503 
42600,419.0625,-1967.296875,0.122771990360119,-77.9749058485853 
42700,-4992.5390625,402.7578125,0.305719677953629,175.387826282523 
42800,-6290.5625,-2595.6640625,0.415359710143949,-157.577571069261 
42900,-5208.4453125,1777.6640625,0.335914349364656,161.155013340871 
43000,159.8203125,-838.59375,0.0521065280394954,-79.2098890820455 
43100,883.1328125,-17732.7734375,1.08369706343981,-87.1488943032371 
43200,-4956.1953125,2932.4609375,0.351496919975495,149.388223033275 
43300,-1562.8203125,-3488.1484375,0.233298680126625,-114.134155427901 
43400,1445.6328125,-4852.6484375,0.309055031780676,-73.4108930385148 
43500,335.6328125,-3097.1171875,0.190145589899504,-83.8150258611031 
43600,-2441.0703125,-3966.5390625,0.28427958915618,-121.60879297861 
43700,4563.703125,-2472.3046875,0.316803159449249,-28.445829178784 
43800,878.0859375,-2262.2734375,0.148119076294202,-68.7866185247834 
43900,-5135.6328125,-2379.3203125,0.345471088422947,-155.141879292247 
44000,819.3203125,-3193.4765625,0.201233213633242,-75.6105222178806 
44100,107.375,5377.4296875,0.328287703941763,88.8560860411838 
44200,-2329.3828125,1343.7109375,0.164138331051744,150.021382878957 
44300,-3147.6484375,-5155.3671875,0.368683307303713,-121.406467939851 
44400,-3270.7578125,-3687.7109375,0.300864020451742,-131.570923116693 
44500,-668.53125,4722.4375,0.291117467829597,98.0575283087522 
44600,-2757.4296875,-5239.625,0.361394249484323,-117.756248386507 
44700,-3399.625,-9233.9375,0.600596363551393,-110.212008713475 
44800,-3424.375,-509.6015625,0.211315394882896,-171.535595040803 
44900,2844.1875,-2776.6875,0.242612714424974,-44.3119791451824 
45000,-9702.1171875,-4387.0703125,0.64991518397672,-155.668630511521 
45100,-1409.9453125,322.546875,0.0882820306828449,167.114430321826 
45200,-4760.2109375,3945.203125,0.377365958486372,140.348486728508 
45300,3247.390625,-2452.421875,0.248383314202204,-37.0600179998483 
45400,-281.2890625,-6434.4375,0.393113987098208,-92.5031591300754 
45500,-8485.1640625,-1570.0390625,0.526700428859911,-169.516929515302 
45600,-1437.609375,-3986.1328125,0.258641265626131,-109.831973464751 
45700,-2463.9140625,-3145.328125,0.243872960639538,-128.073613844763 
45800,-998.0625,-5671.984375,0.351519899873661,-99.9798035310908 
45900,5530.34375,-4362.9375,0.429953381556241,-38.2702233937505 
46000,-14516.421875,-6540.7890625,0.971828237033698,-155.744691915938 
46100,262.109375,1009.546875,0.0636626997471366,75.4456044151716 
46200,-7852.234375,3901.8828125,0.535188071491167,153.576589104509 
46300,-63.0546875,-3430,0.209392347628456,-91.0531663504588 
46400,-4703.0390625,1726.859375,0.305798630844247,159.837801598389 
46500,-3042.1875,139.609375,0.185881480153163,177.372476301971 
46600,1832.703125,-5656.859375,0.362946350641672,-72.0487693524219 
46700,437.7109375,-6858.265625,0.419459780280618,-86.3481990470301 
46800,-8748.53125,2946.1796875,0.563450616806019,161.388390055478 
46900,-3404.96875,2408.0546875,0.254551004121486,144.731367924412 
47000,-2177.515625,351.3359375,0.134627951753416,170.834479634974 
47100,5067.5859375,-3077.625,0.361884171233931,-31.2709711259303 
47200,-5356.8828125,2037.2578125,0.34981514693775,159.17786096295 
47300,-4265.484375,-7410.65625,0.521901073585504,-119.924211748931 
47400,-6039.4765625,6271.2421875,0.531420955881904,133.92145829166 
47500,-7149.703125,6297.40625,0.581537642269685,138.626636692003 
47600,292.265625,-6507.828125,0.397618800793518,-87.4285826145248 
47700,-1374.984375,816.421875,0.0976044095963464,149.299510243481 
47800,12.9609375,-3084,0.188239828787987,-89.7592079619612 
47900,773.9765625,93.15625,0.0475821755812624,6.8631376673746 
48000,-8576.46875,-2286.3359375,0.541763797102036,-165.073088539138 
48100,-2448.375,-6489.8515625,0.42337307978963,-110.669590019418 
48200,-5722.4921875,-1451.6875,0.360347555854186,-165.765429938488 
48300,-6367.8359375,-3609.0546875,0.446758500618735,-150.457033947658 
48400,-2727.859375,-4327.84375,0.312253412147641,-122.223415345024 
48500,-2696.8203125,2107.8203125,0.208919170696566,141.989007281796 
48600,-332.375,-3616.578125,0.221675415436181,-95.2509135967569 
48700,-5938.5234375,-3453.46875,0.4193048048916,-149.820431630782 
48800,-4257.1640625,-10463.359375,0.68948961770184,-112.139637078736 
48900,-7304.234375,-6512.1953125,0.597291837243705,-138.280940419848 
49000,-337.546875,3764.2578125,0.230680971001666,95.1240970593683 
49100,1061.5703125,-2618.7734375,0.172475818363817,-67.933877945813 
49200,2320.34375,-2086.703125,0.190473888426573,-41.965291798618 
49300,767.0625,-4538.328125,0.280934820310061,-80.4066064224992 
49400,-2450.2734375,-5597.15625,0.372935676349171,-113.642415495392 
49500,-6255.6953125,-899.25,0.385753836183065,-171.819825764028 
49600,-10899.1328125,-2436.2890625,0.681667921718283,-167.399778509947 
49700,-1560.4375,-6587.90625,0.413232221262252,-103.325716416249 
49800,-1239.8515625,-3820.7265625,0.245177305083168,-107.978596704956 
49900,-3466.1640625,834.7421875,0.217612918887441,166.459530065013 
50000,-991.1328125,-9704.3359375,0.595405029994272,-95.831568529398 
50100,-8170.078125,2793.75,0.527026350536399,161.121928452304 
50200,-7777.4453125,-5919.5,0.596569765212986,-142.724834128778 
50300,3212.484375,-5930.9453125,0.411699865152094,-61.5579004652896 
50400,-4515.2734375,5727.71875,0.445170627443643,128.249408118262 
50500,-1375.4921875,-642.15625,0.0926545849405658,-154.974217288113 
50600,-1796.875,1293.8515625,0.135149959034422,144.24397999378 
50700,-4477.7734375,1289.5390625,0.284417877073753,163.934304708877 
50800,-2644.2734375,-5182.5078125,0.355120957229706,-117.03206026331 
50900,-1448.2734375,-1097.28125,0.110904819240258,-142.850689151474 
51000,8303.484375,-2822.8125,0.53530587234326,-18.7757311368376 
51100,3161.9375,-7544.65625,0.499309999953749,-67.2616226972407 
51200,-5845.1953125,-3770.9921875,0.424576813291805,-147.172161160615 
51300,-2479.6328125,-6627.1328125,0.431887992536213,-110.51402683786 
51400,-3546.7421875,-219.515625,0.216896807475594,-176.458356638699 
51500,-3913.859375,-9216.3671875,0.611162300257561,-113.009184046418 
51600,412.9453125,2228.2734375,0.138322952921756,79.5010132191141 
51700,-372.5078125,-6096.1953125,0.37278760627314,-93.4967090089375 
51800,-3270.671875,-252.875,0.200227847582592,-175.578919557125 
51900,-2176.203125,-1895.8359375,0.176164023744538,-138.93870106029 
52000,-2550.7734375,1680.0546875,0.186428168640195,146.629293393308 
52100,-12830.0390625,-15352.4921875,1.22121167499514,-129.885419291981 
52200,2607.78125,-9676.453125,0.611694075371905,-74.9172558284601 
52300,193.109375,-5403.125,0.330001208128492,-87.9531021975121 
52400,-6350.1171875,202.2421875,0.38778874685117,178.175827638199 
52500,-5310.3671875,-3396.59375,0.384760097640256,-147.396383877212 
52600,-4646.40625,-2480.0078125,0.321471785291544,-151.909040437868 
52700,-2477.375,15.140625,0.151214408763947,179.649837787458 
52800,-100.09375,5520.0703125,0.336984021889464,91.0388130385674 
52900,101.1328125,-8248.125,0.503478804104764,-89.2975139231743 
53000,-1164.9296875,-6732.8359375,0.417058142985047,-99.8162531067964 
53100,924.828125,2066.8046875,0.138205234975423,65.8930309635157 
53200,-8006.9375,-2434.140625,0.510803961329467,-163.090521033134 
53300,2418.7109375,-1249.9453125,0.166179108948817,-27.329088836019 
53400,-5067.6171875,-6957.6171875,0.525376582537977,-126.067920514311 
53500,-8757.984375,-1324.9296875,0.540643742850159,-171.397383603873 
53600,2417.5,-10938.71875,0.683777741866353,-77.5377267474233 
53700,1012.8359375,-837.8203125,0.0802301260420485,-39.5976340505349 
53800,-2657.015625,-3397.6484375,0.263265243002089,-128.025978275047 
53900,-7527.21875,-1066.96875,0.464031681253498,-171.932181435016 
54000,729.9921875,-2320.8359375,0.148499041103563,-72.5396324946395 
54100,2983.1171875,-6773.3125,0.451743015576313,-66.2302420434997 
54200,4540.4296875,-2886.125,0.328383809266799,-32.4420878090508 
54300,-600.5234375,-6163.359375,0.377974553586774,-95.5650158231743 
54400,6119.8125,2239.46875,0.397759690517212,20.099466634657 
54500,-336.8515625,-6252.46875,0.38218549815643,-93.0838270577513 
54600,5501.1328125,645.3046875,0.338075008339365,6.6904465397941 
54700,406.8359375,-2672.0078125,0.164971006016948,-81.3427207281155 
54800,-2669.2265625,3476.4765625,0.267525050272551,127.516928206767 
54900,-5129.5859375,-5634.546875,0.465087547350933,-132.314141739121 
55000,-3126.7421875,-3929.1640625,0.306493651038624,-128.512001300701 
55100,2507.8046875,1211.6484375,0.1699985218256,25.7875590710977 
55200,-6443.140625,2784.203125,0.428416606174742,156.629912582124 
55300,-265.3984375,-4362.765625,0.266782470834359,-93.4811621341943 
55400,-1868.21875,5043.8984375,0.328304007179966,110.324217825772 
55500,-1981.59375,-10497.4453125,0.652048711578801,-100.689885987309 
55600,-2556.6484375,-8275.1796875,0.52864912331336,-107.168734072052 
55700,-10971.5234375,-4699.2734375,0.728510758671741,-156.813799353534 
55800,-154.984375,-5319.359375,0.324815619460179,-91.6688925296287 
55900,-3801.515625,-6668.4453125,0.468515020401834,-119.686394263657 
56000,-367.1171875,-2267.953125,0.140230959110078,-99.1948040444625 
56100,-5533.578125,3083.765625,0.386659264826729,150.869846126748 
56200,-1623.2265625,-5383.9453125,0.343230709921161,-106.777737622289 
56300,448.78125,-270.6171875,0.0319870245659788,-31.0901730497714 
56400,-7055.328125,-11411.3984375,0.818892239315357,-121.727268532527 
56500,-4180.84375,-2334.9375,0.292286315031888,-150.817307331435 
56600,223.90625,581.609375,0.0380395059101841,68.9444405916576 
56700,-2377.984375,3165.40625,0.241652691619788,126.915393556054 
56800,-2602.1328125,-3695.75,0.275882351076741,-125.148912279497 
56900,-3330.9296875,-3539.9765625,0.296683404991348,-133.257317228859 
57000,6859.21875,-7585.0859375,0.624198381725411,-47.8768550089127 
57100,-4168.171875,-4357.609375,0.368060898085449,-133.727133239876 
57200,-4621.8515625,822.640625,0.286537760285303,169.907648389876 
57300,1409.5546875,-2935.109375,0.198738178291121,-64.3478547044194 
57400,2481.265625,-8497.625,0.540328670959922,-73.7224495555809 
57500,-1493.953125,-2100.3046875,0.157319002708634,-125.424358394119 
57600,-6553.4140625,-7313.3203125,0.599381940722125,-131.863290696785 
57700,-2481.71875,-2814.2890625,0.229024290336032,-131.406748605294 
57800,-6952.515625,2482.640625,0.450604435412278,160.349104398752 
57900,-2952.328125,-9693.703125,0.618507486504067,-106.938713684021 
58000,5865.71875,-3680.9609375,0.422683581234372,-32.1098299208895 
58100,-4776.2265625,-2308.078125,0.323781479194299,-154.208168535048 
58200,-2715.046875,-3201.2421875,0.25620597579256,-130.302041146431 
58300,2419.1484375,-1293.65625,0.167444308820954,-28.1359497897874 
58400,1462.875,-8839.390625,0.546868629752395,-80.6030070588434 
58500,-6038.6640625,-3525.40625,0.426796539408527,-149.723375468674 
58600,-620.5390625,2633.15625,0.165122685619072,103.260577109455 
58700,1482.203125,-950.2109375,0.10746376151383,-32.6631244619509 
58800,-49.15625,-1196.078125,0.0730666711719708,-92.3534094613536 
58900,2940.7890625,-7961.875,0.518059024815725,-69.7278443106445 
59000,4202.3359375,5239.4921875,0.409957561745895,51.2686354316285 
59100,-324.2890625,-9920.328125,0.605830689952646,-91.8722949819084 
59200,-1898.0703125,-471.15625,0.119368484923157,-166.059293819555 
59300,-2220.609375,1323.6796875,0.15779260474957,149.201316887618 
59400,-2127.0859375,-3303.28125,0.239807616641563,-122.778749759363 
59500,-6552.796875,-5275.328125,0.513466947382666,-141.164202073399 
59600,2381.5546875,-2447.0078125,0.208418406368392,-45.7766199869982 
59700,-7791.2265625,1435.7109375,0.483559892680591,169.559075168002 
59800,-4196.1875,-5630.125,0.428592442214696,-126.697524816101 
59900,-10863.5546875,-2205.6171875,0.676607310816265,-168.523288436936 
60000,-1824.8203125,-362.4453125,0.113557331970148,-168.76612979699 
60100,1859.7578125,-3035.2109375,0.217271251281801,-58.5030445532532 
60200,-5660.703125,-1735.1015625,0.361379036972838,-162.958809132071 
60300,-670.6875,-1180.921875,0.0828935347206212,-119.593782465434 
60400,-8932.5078125,-5138.1484375,0.628978306991021,-150.091667977637 
60500,1189.2421875,-3357.453125,0.217404817722402,-70.4953648936739 
60600,-2782.765625,-2443.28125,0.226029960869496,-138.716715817769 
60700,5173.578125,-5092.71875,0.44310393383871,-44.5487364936279 
60800,-9777.78125,-9189.265625,0.819005830660457,-136.777221659545 
60900,-7313.6484375,-5031.0234375,0.54182397148332,-145.476105187314 
61000,-2867.671875,-5194.3671875,0.362155797866419,-118.901920176769 
61100,-3065.984375,-6306.5703125,0.428013099882643,-115.927036037006 
61200,-4174.6171875,-4697.7734375,0.383594739012872,-131.625489121919 
61300,-7872.4921875,-2804.5546875,0.510094442425039,-160.39169212029 
61400,-1652.8984375,-6977.8125,0.437690928298471,-103.326542132614 
61500,2657.515625,72.1796875,0.162266650329531,1.55580457655376 
61600,-6651.609375,-1869.328125,0.42172249388198,-164.302833621416 
61700,-2917.3359375,1662.0390625,0.204935577550353,150.329349079987 
61800,-5381.328125,2493.546875,0.362009053835437,155.138401152096 
61900,-1322.8515625,-4626.4609375,0.293702099958162,-105.956908828817 
62000,-2238.8828125,-1682.9609375,0.170957637943522,-143.067934317058 
62100,-4525.5703125,-2937.34375,0.329310272884372,-147.014214383202 
62200,-2304.84375,3346.4375,0.248015788133651,124.556952537525 
62300,5447.7265625,319.5234375,0.333084442327513,3.35670196104659 
62400,-3535.546875,-692.0625,0.219894636708114,-168.924723798448 
62500,-8671.5703125,-2618.0546875,0.552883351256695,-163.200283069432 
62600,-4084.6875,-3282.359375,0.319839541545605,-141.215455161283 
62700,-3222.390625,-1933.234375,0.229366011469919,-149.038858321812 
62800,-2196.359375,-1390.8203125,0.158677181641739,-147.65641614256 
62900,581.640625,-3815.4765625,0.235575750797955,-81.33242056578 
63000,-4958.4921875,-72.15625,0.302683625022759,-179.166287523455 
63100,-2536.703125,2145.5390625,0.202788095231423,139.775517007896 
63200,-5500.796875,-6031.875,0.498274022023131,-132.363399047393 
63300,-9058.140625,-7509.40625,0.718167628746583,-140.340489898194 
63400,3938.2578125,-2778.5390625,0.294184209629906,-35.2039223022236 
63500,-11751.984375,-1032.375,0.720068525144058,-174.979633026941 
63600,-1407.0859375,614.0859375,0.0937070796018393,156.422393141303 
63700,-2433.3984375,-6425.234375,0.419360588699958,-110.742941653714 
63800,-8785.25,-4864.4921875,0.612940241255651,-151.026205517836 
63900,-3376.4609375,-259.28125,0.206695853524653,-175.608827135063 
64000,-1740.0859375,1042.6875,0.123817866252183,149.069280229646 
64100,-3087.6640625,1270.4375,0.203791270558019,157.634996384423 
64200,-4082.015625,-2785.0078125,0.301618738881404,-145.695732389726 
64300,3180.7109375,-927.484375,0.202226516429043,-16.2565028615285 
64400,2947.0546875,3085.21875,0.260419332689599,46.3120814062939 
64500,-3593.953125,-6643.9609375,0.461056672671861,-118.410521082917 
64600,-404.09375,-1442.0859375,0.0914110335737408,-105.653655548807 
64700,4290.9375,-5113.359375,0.407435651620005,-49.9978989883934 
64800,-8269.4609375,-12265.9296875,0.902929216538662,-123.987114038147 
64900,-4120.578125,-79.1015625,0.251554142895416,-178.900244347921 
65000,-5543.15625,-8478.203125,0.61827369769833,-123.177165945656 
65100,286.6953125,-8876.8046875,0.542096206467384,-88.1501537921429 
65200,195.234375,-3153.8515625,0.192870182055093,-86.457712194535 
65300,959.9375,-15397.1796875,0.941622628154578,-86.4325107682328 
65400,4649.0390625,-6641.234375,0.494812465757253,-55.006966543003 
65500,-7316.21875,-1357.921875,0.454186824666917,-169.485305795308 
65600,4365.71875,1364.75,0.279187106224411,17.3595589757737 
65700,-3868.7734375,922.375,0.242756920655709,166.590146024073 
65800,2897.6875,1093.96875,0.189050876960563,20.6831090040392 
65900,-7008.6328125,1115.3515625,0.433169119118973,170.957791992958 
66000,1983.5,234.7109375,0.121911593846253,6.74852555578629 
66100,-3796.890625,-1146.25,0.242081369895695,-163.201367279487 
66200,-6004.0703125,-731.828125,0.369182815162994,-173.050574051348 
66300,-6540.625,-4993.578125,0.5022705021104,-142.639312368702 
66400,2870.953125,-8095.46875,0.524275612079025,-70.4736080455197 
66500,-6343.921875,-1223.234375,0.394346604322781,-169.086174977697 
66600,-3032.5703125,-8109.2578125,0.528442933255555,-110.503986146004 
66700,-4725.0234375,-1972.7265625,0.31252799407963,-157.339161377215 
66800,1295.53125,-8524.6796875,0.526295443223507,-81.3586431010453 
66900,-9738.671875,-3665.0625,0.63512065016436,-159.376618405454 
67000,-5747.15625,-2551.140625,0.383796792651142,-156.06374870411 
67100,-5212.1015625,-10845.515625,0.734453688191925,-115.667852505316 
67200,-271.984375,-9359.6953125,0.571529056058747,-91.6644956984053 
67300,1135.9609375,-6456.234375,0.400122541430962,-80.0210656662191 
67400,-5679.625,-5458.0546875,0.480793914343351,-136.139678082712 
67500,-8007.1171875,1999.203125,0.50373382031691,165.981107559998 
67600,-6688.6171875,3258.640625,0.454126654480383,154.025027734856 
67700,-2428.65625,-2114.5078125,0.196549763461093,-138.9555635916 
67800,-2146.375,-1984.578125,0.178427357347717,-137.242955026346 
67900,-6624.3515625,-2951.609375,0.442651097871887,-155.983702695549 
68000,-3029.546875,-785.2734375,0.191025476791667,-165.468462596065 
68100,540.3984375,-3418.203125,0.211228153413934,-81.0162176112544 
68200,379.1640625,-8748.21875,0.534466489602209,-87.5182476367663 
68300,-821.359375,-508.4609375,0.0589620050827436,-148.240501153633 
68400,-2190.90625,-13975.0234375,0.863412484708631,-98.9099079607845 
68500,-116.4453125,-546.5703125,0.0341097349890249,-102.026897428797 
68600,-510.8046875,-5704.46875,0.34957689160123,-95.116883799745 
68700,-10659.359375,-197.671875,0.650727382719813,-178.937603495756 
68800,-1689.9453125,-384.6328125,0.105787165830661,-167.17786424489 
68900,-3182.5078125,477.2734375,0.196423024906931,171.471043261388 
69000,-566.578125,-7201.875,0.440939190869336,-94.4982468441215 
69100,958.0078125,-5360.171875,0.332353274341983,-79.866686569802 
69200,-4683.453125,-4251.1015625,0.386063838028741,-137.770435884508 
69300,-11538.234375,-12239.828125,1.02670043732533,-133.309925321384 
69400,-9745.7265625,-3969.703125,0.642304731420356,-157.837577429836 
69500,-581.609375,1477.40625,0.0969124615674237,111.488033126592 
69600,-6818.6953125,6020.703125,0.55521371346487,138.556463243801 
69700,2428.546875,-4271.109375,0.299891311398755,-60.3774997607941 
69800,6750.7109375,-2756.3515625,0.445066490564819,-22.2104577142906 
69900,1409.3125,-281.0234375,0.0877137406224553,-11.2771285361648 
70000,3123.375,-2063.484375,0.228489201869154,-33.4510861058662 
70100,-6729.5703125,-1746.8046875,0.424365084467374,-165.448782651253 
70200,-745.2734375,-2254.3046875,0.144920472132059,-108.293892871032 
70300,3011.4921875,-7240.546875,0.478643119133513,-67.4165705126204 
70400,66.265625,-7438.4375,0.454038066296007,-89.4895917045786 
70500,-4805.9296875,-8414.0546875,0.591439820835271,-119.734092101508 
70600,-1731.8125,-6023.734375,0.382564095284806,-106.039845498734 
70700,1697.921875,-8116.3515625,0.506122043096692,-78.1842561786043 
70800,-4227.2421875,-2260.7265625,0.292598896425137,-151.862155639506 
70900,-7918.8359375,-3754.90625,0.534926997840655,-154.630907458745 
71000,-6542.953125,-5446.0234375,0.519601825214918,-140.227713932033 
71100,2603.328125,-211.625,0.159423534564702,-4.64736520506115 
71200,-5661.2578125,-2298.078125,0.372930706850827,-157.906258274176 
71300,-5840.234375,-5737.7421875,0.499721458232619,-135.507188484822 
71400,-3615.9453125,3879.9453125,0.323720900621122,132.982916631046 
71500,-2020.09375,-4404.1484375,0.295744999201746,-114.639965665667 
71600,-4492.203125,-9538.3359375,0.64352745246171,-115.218699623133 
71700,-5222.9765625,2106.734375,0.343751765862071,158.032874281618 
71800,-1446.40625,-3181.171875,0.213297489533606,-114.450209326806 
71900,-2747.0234375,-368.0703125,0.169168516584532,-172.368461581291 
72000,-4656.1953125,-11988.3359375,0.784985312640919,-111.225861156524 
72100,-4225.9375,-5397.5625,0.418414123741824,-128.058614824169 
72200,4551.3125,-1013.421875,0.284601877330733,-12.5530273934159 
72300,-2330.1875,-10427.6640625,0.652171197904755,-102.596485527429 
72400,-5444.1953125,-3902.234375,0.408841862160809,-144.368191773613 
72500,-2239.390625,-1149.8125,0.153650183471214,-152.821821657196 
72600,-6547.3203125,2076.640625,0.419248525984296,162.402319467922 
72700,-1635.8046875,-4862.1953125,0.31311931370386,-108.59465628403 
72800,-4369.8203125,-118.1328125,0.266818250666304,-178.45145499148 
72900,-3315.125,-600.5859375,0.205639117838413,-169.731362630524 
73000,-5521.6328125,-1837.9609375,0.355204664725112,-161.589180159207 
73100,1674.5859375,-4842.3515625,0.312737190843703,-70.9235495893544 
73200,-1325.859375,-4122.890625,0.264341246632998,-107.827006838335 
73300,-4884.90625,7512.296875,0.546943846076252,123.034124686437 
73400,2848.84375,-3137.65625,0.258675991370523,-47.7620340837143 
73500,-6578.4453125,-3041.375,0.442364314173516,-155.187753064612 
73600,-6067.4140625,-3502.9765625,0.42762675830989,-150.000329897511 
73700,603.359375,2117.28125,0.134377435634578,74.0940944631164 
73800,-5059.21875,2152.3671875,0.335583611035391,156.953415511 
73900,-9450.484375,-340,0.577202581000739,-177.939558869944 
74000,-72.1328125,268.1640625,0.0169497402613525,105.055497426272 
74100,8261.9375,-4985.4296875,0.588980731544157,-31.1076789550901 
74200,-6928.90625,-3568.1875,0.475703995973512,-152.752834616801 
74300,113.4765625,-5254.7109375,0.320806669485981,-88.7628781554276 
74400,9919.859375,2924.6328125,0.631245213283604,16.426889333701 
74500,-4242.484375,4471.234375,0.37621096637312,133.496233305932 
74600,-4750.359375,1113.796875,0.297810978659113,166.804457099068 
74700,-3587.9765625,-8212.046875,0.546992806030479,-113.601297705783 
74800,-3115.4765625,-8695.3203125,0.563774562254715,-109.712270826872 
74900,-1548.1875,-11318.5078125,0.697280834003352,-97.7887937997877 
75000,-1434.953125,-543.90625,0.093665963883998,-159.241231399766 
75100,-8723.5,-13555.46875,0.983908766137299,-122.762942441197 
75200,3229.125,-3450.4921875,0.288448479143517,-46.8981275195895 
75300,-1641.703125,-2742.8046875,0.195110124648803,-120.902589734991 
75400,775.921875,258.640625,0.0499217792565378,18.434948822922 
75500,-2799.8671875,3084.4375,0.254261576281868,132.231281255872 
75600,-9375.390625,-7575.1328125,0.735693818059036,-141.062464725647 
75700,-719.59375,-738.4375,0.0629334320728426,-134.259544513849 
75800,-7141.3984375,1015.5078125,0.440274651619637,171.906792010029 
75900,3195.1875,2201.3515625,0.236829704609019,34.5652290682166 
76000,-5931.828125,493.234375,0.363310595422159,175.246762754112 
76100,3103.890625,2885.296875,0.258663587949996,42.9097427802635 
76200,-4823.5703125,-4877.5,0.418701657053049,-134.68148755193 
76300,-4867.9609375,-2290.078125,0.328362719604569,-154.80588237272 
76400,-2067.3828125,477.4453125,0.129508209880971,166.995990623329 
76500,178.078125,1891.75,0.115977240714047,84.6223619278851 
76600,561.8359375,-6917.8203125,0.423633398029204,-85.3568713167709 
76700,-5146.75,-6645.40625,0.513039508447258,-127.757150736854 
76800,-5600.234375,-5504.46875,0.479293366307509,-135.494099667048 
76900,605.7109375,-4909.0625,0.301906769352612,-82.9660388134127 
77000,-1199.3828125,-5605.46875,0.349885356026126,-102.077272029955 
77100,-2673.7890625,752.765625,0.169544579313612,164.276222622661 
77200,4005.6015625,-7017.578125,0.493197418678127,-60.2824726939603 
77300,1476.703125,-4406.1484375,0.283640256297049,-71.4716285497993 
77400,-1532.1953125,3497.21875,0.233047630972646,113.659102534462 
77500,-2769.96875,-4780.421875,0.337226962162354,-120.089728168048 
77600,-9626.5,-1868.0390625,0.598533477574517,-169.018141408329 
77700,6081.9921875,1428.9921875,0.381335572668215,13.2220873760957 
77800,-4285.15625,-5415.75,0.421521989396474,-128.352442923509 
77900,-2984.125,-15484.9921875,0.962548147794541,-100.907797235194 
78000,-5052.859375,-5918.96875,0.475013826373705,-130.486466070918 
78100,3766.4765625,2473.1953125,0.275026066623175,33.2902504762235 
78200,-1243.859375,-2190.4296875,0.153749916833665,-119.59054892141 
78300,-6080.3046875,617.96875,0.373035522396795,174.196699005343 
78400,-3198.4140625,-187.4296875,0.195556573536228,-176.64625579749 
78500,-6557.5546875,-2559.0625,0.429651730560156,-158.6819605772 
78600,-9036.6796875,-4278.890625,0.610280106744567,-154.662326916339 
78700,-3257.2265625,-4720.15625,0.35004291295525,-124.608296671982 
78800,327.25,2923.7734375,0.179572773599507,83.6136198084511 
78900,-2550.6171875,-2519.734375,0.218838860845608,-135.348976380235 
79000,-4954.84375,2105.0703125,0.328591234604106,156.981739448756 
79100,-503.8359375,-1491.2421875,0.0960757173624279,-108.668221306392 
79200,-4276.796875,1529.28125,0.277229660676973,160.324153281342 
79300,-16215.546875,-8609.3515625,1.12059860149656,-152.034740413628 
79400,3566.484375,-4410.515625,0.346206678779627,-51.0398851746026 
79500,-4319.09375,256.15625,0.264087839769714,176.605885152802 
79600,647.8671875,-3943.7578125,0.243941664938653,-80.6709679552603 
79700,-988.140625,-7658.90625,0.471351504845102,-97.3516042021677 
79800,-4206.65625,-1095.4453125,0.265324749731493,-165.403910271084 
79900,230.9765625,-6932.6640625,0.423383937189093,-88.0917741545839 
80000,-8205.4453125,-1175.1640625,0.505946241338997,-171.849659883845 
80100,-5983.265625,2691.8046875,0.400457178542049,155.777549327848 
80200,-1750.4921875,-5597.5390625,0.357974006175966,-107.36578513486 
80300,-1962.3984375,1270.6484375,0.142695557368046,147.077036690505 
80400,-13468.2109375,-5911.765625,0.897766533864299,-156.301304175341 
80500,-8156.8046875,1927.3359375,0.511576473772638,166.705661341984 
80600,-3470.8515625,-2302.9609375,0.254242737773684,-146.435142403752 
80700,-434.421875,-4049.5859375,0.248592835575236,-96.1230243394731 
80800,-5340.1953125,-7749.203125,0.574422349475311,-124.571826846422 
80900,-5675.7890625,-13459.7890625,0.891601277123702,-112.864415591019 
81000,-4809.7265625,-5058.859375,0.426060811790283,-133.553873112213 
81100,1676.3046875,-928.7890625,0.116972259880856,-28.9894934305685 
81200,-2629.96875,-4937.8046875,0.341472805415444,-118.04061430556 
81300,172.296875,1731.921875,0.106233166539474,84.3187340084237 
81400,2973.8203125,-296.859375,0.182415263223827,-5.70062279135541 
81500,-1152.96875,1862.8125,0.133717152763112,121.755012758263 
81600,-2771.46875,-7697.5,0.49935796878267,-109.80130617199 
81700,-481.4765625,-924.6328125,0.0636298998489905,-117.506980484463 
81800,-9185.8828125,1682.2578125,0.570003522298356,169.622129686431 
81900,-2672.5546875,2159.484375,0.209721645639223,141.061008131412 
82000,-11595.421875,-4006.3828125,0.748804854315608,-160.93924244193 
82100,2303.3671875,-2509.6015625,0.207916854733821,-47.4536072946868 
82200,1592.25,-5425.484375,0.345121790465941,-73.644296841039 
82300,-3553.6484375,-2928.4375,0.281063134763179,-140.50925740993 
82400,-5999.0859375,-5633.625,0.502311907202908,-136.799450221573 
82500,3113.6953125,-8377.4609375,0.545511677799487,-69.6111430720849 
82600,-2313.109375,938.4921875,0.152363395756715,157.916250307197 
82700,-3868.1015625,302.0390625,0.236816061149807,175.535143136474 
82800,-2078.4140625,-10308.6484375,0.641870461731331,-101.399070293227 
82900,2912.453125,-1594.234375,0.202657301701425,-28.6956537724943 
83000,-5930.1796875,-11305.484375,0.779223092264996,-117.678811236622 
83100,4165.7265625,-8616.2734375,0.584151522913312,-64.1975354980953 
83200,-9458.359375,-6304.0546875,0.693788942795389,-146.316300069749 
83300,-1081.3203125,-7182.03125,0.443310429465708,-98.5620933820504 
83400,105.5234375,10357.3359375,0.632213719578204,89.4162747580444 
83500,-516.59375,2758.96875,0.171325787643281,100.605352736403 
83600,4064.1640625,-3626.46875,0.332462457352598,-41.7426516509463 
83700,3788.171875,-7731.984375,0.525534859987952,-63.8981366232654 
83800,1910.921875,-2122.796875,0.17433404620256,-48.0067533800475 
83900,-4786.6640625,-9165.1328125,0.631111596521357,-117.576666413923 
84000,-6799.734375,-1307.8828125,0.422643101804281,-169.112509904966 
84100,-4945.734375,-6254.078125,0.486667492109204,-128.337000318649 
84200,-5965.8359375,3537.9765625,0.423354438049578,149.33038335723 
84300,-4274.4453125,-3431.578125,0.33457313276468,-141.242067715064 
84400,-5132.7265625,5846.921875,0.474879686625641,131.278313443646 
84500,-5021.140625,-593.6953125,0.308610358541245,-173.25670527953 
84600,-586.1875,-6851.328125,0.419712453559375,-94.8902161520522 
84700,347.25,-6274.828125,0.383582825110298,-86.8324732407916 
84800,-3243.5859375,-6782.1171875,0.458866725288671,-115.559722289409 
84900,-10172.6640625,594.8671875,0.621969802062033,176.653324199765 
85000,-2594.8046875,-3152.6796875,0.24922544646314,-129.455998063308 
85100,-2657.40625,-8101.78125,0.52043022772804,-108.159630938144 
85200,-65.3515625,-3092.453125,0.188796262825784,-91.2106283648719 
85300,1354.4140625,-10461.8671875,0.643890221368223,-82.6234038050235 
85400,-9424.9453125,-11583.25,0.911479671823766,-129.134221940576 
85500,-11416.0546875,-7091.8828125,0.820309164849604,-148.150618180382 
85600,-2884.5078125,1074.5,0.187880387503358,159.569274163051 
85700,-2007.671875,-2412.0390625,0.191550063969691,-129.772461290032 
85800,4714.90625,-5398.8046875,0.437501468712456,-48.8685041318086 
85900,-4548.765625,-623.7890625,0.280241563752087,-172.191522496527 
86000,587.671875,-10480.125,0.640680494785242,-86.7905065195951 
86100,2646.5078125,-803.0859375,0.168808473735756,-16.8804829053782 
86200,-4561.765625,-3632.390625,0.355924684928114,-141.470791899196 
86300,-5716.9296875,-8517.265625,0.626119331423968,-123.870165994656 
86400,-8853.1875,5443.078125,0.634333010783715,148.416149236518 
86500,-72.9609375,1846.5,0.112792803380529,92.2627567014659 
86600,-296.8515625,379.5546875,0.0294108895261319,128.029135166084 
86700,-6263.296875,1075.65625,0.387889770949514,170.255109145331 
86800,6948.3203125,-11044.6875,0.79644370496768,-57.8256028078637 
86900,-5218.9609375,-6179.2734375,0.493687141334062,-130.184147192172 
87000,-2164.6328125,-8504.75,0.535654729292693,-104.279750348213 
87100,-1712.8046875,246.6953125,0.105623295484615,171.804050968928 
87200,-1661.59375,3598.9765625,0.241952514543649,114.78206514862 
87300,-404.578125,-8477.6953125,0.518042151756637,-92.7322337756882 
87400,5988.09375,151.1953125,0.365611879970784,1.44637232077762 
87500,-553.9609375,-1743.015625,0.111632288970625,-107.631169382442 
87600,-1584.9765625,-6164.609375,0.388507023915381,-104.418953648187 
87700,-4238.9375,-4284.3359375,0.367867057583881,-134.694822149485 
87800,-7249.1953125,-5708.9296875,0.563205712712873,-141.778648972225 
87900,-8504.3359375,-4135.859375,0.57720841444464,-154.065251064151 
88000,3009.71875,-3493.6015625,0.28145716720803,-49.2552801327088 
88100,-4433.9296875,-3304.578125,0.337529577158807,-143.30308372077 
88200,-3757.5625,-1351.390625,0.243732155285507,-160.219104248399 
88300,-242.9140625,-4862.78125,0.297179766318439,-92.8597607658962 
88400,2999.375,-4754.453125,0.343118584980302,-57.7539782287113 
88500,-369.3828125,-4863.2265625,0.297691853936442,-94.3435191289264 
88600,-5331.9375,877.5234375,0.329823656414875,170.654114448704 
88700,3057.71875,-5690.375,0.394291638370646,-61.7486720097348 
88800,-6499.21875,-4558.09375,0.484528076553992,-144.956888251277 
88900,-666.8046875,3579.6484375,0.22224945166839,100.55192443529 
89000,-700.328125,-6818.6953125,0.418382231212895,-95.8641188634805 
89100,-8965.1875,-2063.234375,0.561512453489382,-167.039701544942 
89200,-556.296875,-3017.171875,0.187263248640754,-100.44669616342 
89300,952.4765625,-698.265625,0.0720853779477603,-36.2453409098823 
89400,-6248.1640625,-5331.0546875,0.501320554761509,-139.528546573396 
89500,-10667.703125,-827.4921875,0.65308079567349,-175.564456788633 
89600,-2157.078125,-611.671875,0.136852680623233,-164.168519255845 
89700,-4713.546875,-3381.6796875,0.354084588578789,-144.342889142927 
89800,-4715.9375,-6603.4296875,0.495285792513984,-125.533092781951 
89900,-3167.9921875,-7653.2265625,0.505569489137326,-112.486719740579 
90000,-2144.9453125,-2624.7421875,0.206897145817985,-129.255772407999 
90100,-3242.890625,3705.484375,0.300553582735248,131.191107405099 
90200,-2244.7578125,-4591.25,0.311937472085751,-116.054972869408 
90300,2652.328125,-7743.46875,0.499595187915345,-71.0924092026184 
90400,-2745.4296875,-1545.546875,0.192301478166254,-150.622549633426 
90500,-1327.6875,-4044.0390625,0.259798434068518,-108.175385191721 
90600,-1612.109375,-6746.875,0.423401701569442,-103.438382554076 
90700,761.6328125,-1828.2109375,0.120884733251554,-67.3833861702789 
90800,-2442.71875,2108.5859375,0.196961547509789,139.198821596855 
90900,-2925.7109375,-4577.1953125,0.331574870663805,-122.586426692458 
91000,3249.125,-5659.3203125,0.398309083650624,-60.139035042131 
91100,-9012.9296875,-2008.28125,0.563613648816194,-167.438435369116 
91200,-1529.6484375,-1818.4296875,0.145038533133731,-130.070277061433 
91300,-4361.2421875,1578.296875,0.283092394647326,160.105235900916 
91400,12585.1640625,-5873.703125,0.847704530677221,-25.019235828262 
91500,4629.2890625,-8923.140625,0.61357463176324,-62.5798992738285 
91600,922.6796875,-1543.296875,0.109749635911369,-59.1263698303655 
91700,4464.984375,-3881.9296875,0.361128056937073,-41.0042242704449 
91800,-2812.6640625,-9180.890625,0.586081993996023,-107.033005844622 
91900,-7861.71875,-10100.421875,0.781238420658292,-127.895601778804 
92000,-7015.6484375,1456.3984375,0.437343846797244,168.272378938472 
92100,1420.703125,-5147.5546875,0.325938347753436,-74.5707221703097 
92200,969.1875,-7304.3203125,0.449741447265732,-82.4417515763678 
92300,-3368.6875,-5767.1796875,0.407663398406726,-120.289777234478 
92400,-5049.96875,-10846.890625,0.73029771788934,-114.965195575015 
92500,-21942.0546875,-259.34375,1.33937115320554,-179.322825020783 
92600,2328.9765625,-12043.9765625,0.74874662023698,-79.055638975837 
92700,-6537.1640625,-1306.1328125,0.406895388320794,-168.701023723787 
92800,7894.4609375,9106.765625,0.735630787253528,49.0786805967535 
92900,-2311.90625,713.078125,0.147671633632095,162.858285877019 
93000,4057.578125,-2637,0.295369412533062,-33.019640764318 
93100,-3698.59375,-7278.8828125,0.498346723243492,-116.936333549023 
93200,-8055.015625,-2854.4453125,0.521611717591439,-160.487267293318 
93300,673.65625,-4096.1640625,0.253376221195205,-80.6607221312684 
93400,-3408.78125,-5957.21875,0.41893030347109,-119.778629592781 
93500,-7225.1328125,2326.203125,0.463293752144406,162.153522567741 
93600,-3687.5234375,-10522.5,0.68055820501497,-109.312591959743 
93700,-2685.7265625,2440.890625,0.221515394214332,137.734242649008 
93800,-1011.78125,-3062.5703125,0.196867221317078,-108.282003618598 
93900,-1693.6875,-3975.015625,0.263728849853944,-113.078040738173 
94000,-1769.8203125,-9009.34375,0.560413372199208,-101.113823035472 
94100,1246.015625,2993.3359375,0.197901321293588,67.3998346721801 
94200,-178.6953125,1185.2265625,0.0731602964237271,98.57384639875 
94300,-2417.984375,-2415.140625,0.208596212860327,-135.033712112595 
94400,154.8984375,-3051.8671875,0.186516655020236,-87.0944287716953 
94500,6105.8046875,-7346.796875,0.583075352692354,-50.2705748153182 
94600,-150.3125,2094.4609375,0.128168445360704,94.1048899599975 
94700,2408.15625,-6908.5546875,0.446561382165755,-70.7826720804393 
94800,2295.109375,2072.21875,0.18873784837508,42.0783918124755 
94900,1488.9921875,-4836.7734375,0.308894809059048,-72.8891098458049 
95000,-9052.3671875,552.375,0.5535572055163,176.508143959757 
95100,-2451.5625,-426.46875,0.151883288165353,-170.131696492674 
95200,2314.8828125,-2236.7734375,0.196476996414635,-44.0168637417124 
95300,-4191.7734375,-141.515625,0.255999118858787,-178.066410365587 
95400,3708.0703125,799.3046875,0.231528091765523,12.1644420399491 
95500,-2779.3984375,4657.3046875,0.331040970571678,120.828017800811 
95600,-10316.8671875,-8496.5078125,0.815771560462081,-140.526665702845 
95700,-168.7421875,-7479.2265625,0.456625864708007,-91.2924565333879 
95800,2607.171875,-6002.53125,0.399443929388766,-66.5225050521449 
95900,-3184.71875,-3485.515625,0.288177820204701,-132.417973326946 
96000,-1274.0390625,-3801.7421875,0.244730431241233,-108.527020441046 
96100,5024.90625,236.671875,0.307045305124169,2.69662455101463 
96200,-883.875,-1986.546875,0.132713113306496,-113.985732985559 
96300,-6206.0703125,-484.7578125,0.379953844050355,-175.53367992641 
96400,-3717.015625,-4797.8203125,0.370446359497072,-127.766020351225 
96500,-2720.90625,-868.3046875,0.174327580235519,-162.300903259009 
96600,117.078125,-8487.203125,0.518082864671849,-89.2096740368186 
96700,-13519.7421875,12042.1015625,1.10508300540145,138.308386450382 
96800,263.71875,-5906.625,0.360881943473602,-87.4435581960458 
96900,-4403.6328125,7415.53125,0.526414072206725,120.703499161873 
97000,1378.0078125,-7991.8203125,0.494995161546975,-80.216842718081 
97100,-2298.03125,-5147.421875,0.344071796724425,-114.058046056493 
97200,2409.1796875,-425.65625,0.149326664690146,-10.019670379761 
97300,-957.71875,-7712.8125,0.47438253014231,-97.07832539965 
97400,-111.3671875,-804.3125,0.0495612042660829,-97.8831981232056 
97500,4272.546875,-10618.984375,0.698647236200216,-68.0826182202303 
97600,-2900.3515625,663.921875,0.181607764367373,167.106519217514 
97700,3285.2109375,-6546.0859375,0.447047110721603,-63.3498103426806 
97800,-6646.75,-6359.0234375,0.561462496748655,-136.267347080148 
97900,-5268.6328125,-11018.46875,0.74546454406854,-115.555438333668 
98000,-888.8671875,2349.7890625,0.153342600884881,110.720392925062 
98100,1425.390625,-9364.6328125,0.578172613983822,-81.3454381952855 
98200,-7466.7421875,4090.828125,0.519665299623991,151.282845132808 
98300,-3421.0234375,-2562.9140625,0.260906875640895,-143.160700892791 
98400,-7588.734375,-1042.765625,0.467546153114751,-172.176002016798 
98500,-3397.7421875,-3571.265625,0.300873440530106,-133.573669736721 
98600,-3950.1484375,-3838.09375,0.336172907852838,-135.824296106855 
98700,-1071.0234375,4713.6953125,0.295043218776098,102.801134323213 
98800,1523.1875,-3114.5078125,0.211616841791987,-63.9384988501631 
98900,-9442.3828125,-5125.8984375,0.655781424757339,-151.50420445878 
99000,-1836.625,-7198.6953125,0.453461943291526,-104.312708707314 
99100,2657.7734375,-2417.078125,0.219275236220945,-42.2845513927303 
99200,-2175.390625,-5062.421875,0.33631585544499,-113.253845880315 
99300,-3342.0625,-1574.921875,0.225504821954373,-154.768194101276 
99400,-9151.375,-5426.0859375,0.649377870287777,-149.335206428052 
99500,-1385.390625,-2871.7578125,0.194614313075348,-115.753546047382 
99600,-932.9765625,-8881.03125,0.545054637257351,-95.997081094535 
99700,-232.015625,-2191.484375,0.134509235841507,-96.0434743060741 
99800,-2736.21875,-6851.09375,0.450287669059673,-111.770987980423 
99900,-2694.5234375,-8789.6484375,0.561136975319529,-107.04325877313 
---------------------------------------------------------- 

