----- Barrido de N desde 1 a 1024-----
frecuencia: 200 | Fuente: Highspeed_ADC 
 
Formato: N,X,Y,R,phi 

1,-148.18994140625,-99.427001953125,0.0108923270869102,-146.140641246097 
2,-128.078857421875,-208.152099609375,0.0149174637013564,-121.604558823069 
3,-178.704345703125,-392.276123046875,0.0263108351857416,-114.491995198028 
4,-192.404541015625,-603.85009765625,0.038682951641673,-107.673420827688 
5,-276.82373046875,-525.910888671875,0.0362753864717656,-117.760974185741 
6,-1065.86401367188,-680.474853515625,0.0771849757824764,-147.444797780587 
7,-437.767822265625,-660.23486328125,0.0483523668699867,-123.546313659285 
8,-630.49267578125,-462.985107421875,0.0477446928118688,-143.709315638544 
9,-1039.41333007813,-1153.54150390625,0.0947753394636358,-132.020837589535 
10,-592.326171875,-1575.1923828125,0.102717910310243,-110.607976259843 
11,-1214.61450195313,-1486.46411132813,0.117166658124282,-129.252828725605 
12,-1491.52783203125,-1180.09350585938,0.116087146307535,-141.649033273708 
13,-1491.6279296875,-1082.24755859375,0.112484016816673,-144.037315592874 
14,-1737.18383789063,-1845.23876953125,0.15468656646196,-133.272338097927 
15,-1686.9443359375,-1877.12524414063,0.154042978460435,-131.945559381708 
16,-1807.43701171875,-1693.3994140625,0.15117515639161,-136.86571513685 
17,-1813.5107421875,-1737.49951171875,0.153295609444952,-136.226258840647 
18,-1563.61962890625,-1665.80395507813,0.139450677042228,-133.187671039647 
19,-1772.40234375,-2787.32690429688,0.201612594392554,-122.451419538312 
20,-1862.10668945313,-2142.408203125,0.173256502518154,-130.996033920941 
21,-1499.89453125,-2599.24169921875,0.183169449960713,-119.987130075663 
22,-2020.7451171875,-2249.01123046875,0.184544519302822,-131.939814566891 
23,-2515.08862304688,-2476.619140625,0.215446957395096,-135.441551359176 
24,-2923.30639648438,-3563.89477539063,0.28134733168381,-129.360525096802 
25,-2983.95825195313,-3313.30200195313,0.272159249150449,-132.006185288017 
26,-2524.59399414063,-3497.37158203125,0.263275402526805,-125.823810259805 
27,-2817.7099609375,-2404.82446289063,0.226106280736713,-139.520313719859 
28,-2298.92504882813,-3298.10009765625,0.24538491481255,-124.878242288704 
29,-2779.23608398438,-3230.45166015625,0.260106312098236,-130.706210742281 
30,-3257.63720703125,-3882.51904296875,0.309344827029882,-129.998414407469 
31,-2581.34326171875,-3143.28344726563,0.248260628594583,-129.393698858948 
32,-3472.5341796875,-3507.4697265625,0.301258578155098,-134.713231868695 
33,-2675.6943359375,-3940.93872070313,0.290746033698558,-124.17448400772 
34,-3711.59204101563,-3296.724609375,0.303006283056018,-138.387753012857 
35,-3085.38500976563,-4025.20336914063,0.309559775761086,-127.470762222892 
36,-3352.92797851563,-4027.81958007813,0.319879733990658,-129.775433472861 
37,-3892.67260742188,-4010.37426757813,0.341130879601832,-134.146745561207 
38,-3513.49365234375,-4696.77709960938,0.35801400055795,-126.798869516993 
39,-4578.75048828125,-4367.72875976563,0.386234667474617,-136.351192197582 
40,-3352.18139648438,-4353.20141601563,0.335356527487277,-127.598058391011 
41,-3540.701171875,-5310.53173828125,0.38957836465099,-123.692656925671 
42,-4032.93774414063,-4721.75512695313,0.379017567374508,-130.501248103316 
43,-3705.01806640625,-5704.3994140625,0.41517437517823,-123.00379905187 
44,-5657.45068359375,-5873.63940429688,0.497765732878289,-133.925925460844 
45,-4696.63037109375,-5264.92504882813,0.430636705432169,-131.734884245756 
46,-5373.9736328125,-5676.33764648438,0.477106515236283,-133.432635987181 
47,-3819.802734375,-4626.513671875,0.36619933442337,-129.544207508359 
48,-4384.86791992188,-6204.22485351563,0.463718574354551,-125.250956460344 
49,-4521.08618164063,-4705.53686523438,0.39829775560565,-133.854744782437 
50,-4728.8544921875,-6026.01977539063,0.467541091579507,-128.122670309732 
51,-5966.76147460938,-7854.25,0.602047464744442,-127.223417707993 
52,-4739.43530273438,-6676.26586914063,0.49973916391383,-125.370680793406 
53,-4775.2666015625,-6260.00952148438,0.480570658761891,-127.337148099943 
54,-5848.13037109375,-6688.13134765625,0.542274427700454,-131.166586444164 
55,-4498.90234375,-6911.94482421875,0.503380046249207,-123.059622445504 
56,-6204.56396484375,-6138.76733398438,0.532741921158942,-135.305414596533 
57,-5974.39233398438,-5888.61791992188,0.512017228378641,-135.414264690991 
58,-4549.07080078125,-6598.5126953125,0.48918958358663,-124.582710107181 
59,-5961.53051757813,-7615.3857421875,0.590307013483022,-128.054803071762 
60,-4948.89086914063,-7114.90283203125,0.528995427757314,-124.821196328772 
61,-5385.8251953125,-7669.80908203125,0.57203470961542,-125.07695715193 
62,-7078.677734375,-7579.72583007813,0.633021636134798,-133.042299197722 
63,-5766.70556640625,-7894.93994140625,0.596744078358924,-126.145534822029 
64,-5841.90844726563,-8124.681640625,0.610792255170526,-125.717354632248 
65,-4857.06713867188,-7498.82250976563,0.545328926456972,-122.931559770123 
66,-5215.90161132813,-7870.22412109375,0.576294380444522,-123.533974508952 
67,-5919.31787109375,-8220.267578125,0.618287597798092,-125.757216141023 
68,-5989.6494140625,-8777.98193359375,0.648628160518148,-124.307643655193 
69,-7151.91967773438,-8838.42724609375,0.693966348684707,-128.979252868997 
70,-7354.88134765625,-8573.07592773438,0.689453347747746,-130.626445315965 
71,-6798.611328125,-7849.67211914063,0.633840769252905,-130.895879853623 
72,-5458.44506835938,-7725.154296875,0.577349002478904,-125.2442905588 
73,-5962.68115234375,-10098.6564941406,0.715817295221413,-120.559429689845 
74,-5033.99609375,-8110.35571289063,0.582636589374567,-121.827355815466 
75,-5292.69604492188,-9996.173828125,0.690382710588582,-117.899975139819 
76,-6842.44189453125,-9207.0029296875,0.700166480573088,-126.618918929516 
77,-7810.2509765625,-9516.04223632813,0.751412756757263,-129.377291509531 
78,-7688.49877929688,-9477.72265625,0.744902341661137,-129.049584774058 
79,-7771.55395507813,-9929.29931640625,0.769618566989142,-128.049898013543 
80,-7575.5087890625,-9964.29541015625,0.764000920743557,-127.244470732233 
81,-6101.32275390625,-10453.7922363281,0.738794839455194,-120.269837280725 
82,-5733.50854492188,-10909.724609375,0.752255472259358,-117.723770838553 
83,-8401.99926757813,-9214.021484375,0.761109314959532,-132.360781080454 
84,-7832.65502929688,-10570.8666992188,0.803034039333996,-126.53719593766 
85,-7976.166015625,-10341.8664550781,0.797166428700108,-127.641211085382 
86,-8271.67211914063,-10918.3771972656,0.836076878380634,-127.147267639211 
87,-7137.265625,-11134.7048339844,0.807264389868227,-122.659579047547 
88,-7443.62524414063,-9839.52392578125,0.753068664453089,-127.107599434349 
89,-7153.0068359375,-10677.5888671875,0.784453720252714,-123.818464144455 
90,-8838.50390625,-11564.3977050781,0.888407273237783,-127.390162673372 
91,-9099.87182617188,-9939.26586914063,0.822521499633752,-132.475588833603 
92,-8149.828125,-10310.1088867188,0.802162156914019,-128.325300190496 
93,-10373.1081542969,-11767.6560058594,0.957482136014933,-131.395955666847 
94,-8459.59716796875,-11638.60546875,0.878216277023261,-126.011776018922 
95,-8692.06884765625,-10384.0341796875,0.826550831582766,-129.931383340963 
96,-10118.9829101563,-13227.7990722656,1.01653390971866,-127.415214302975 
97,-9093.71630859375,-10969.3754882813,0.869692652847277,-129.659053608826 
98,-10068.8989257813,-11871.0109863281,0.950108650881626,-130.304349779599 
99,-8948.45190429688,-11965.7387695313,0.911995389976137,-126.790590835986 
100,-9285.39868164063,-14236.9750976563,1.03746790011845,-123.11251348175 
101,-10007.23828125,-12428.0739746094,0.973921793405945,-128.841445783708 
102,-9710.33325195313,-9787.49194335938,0.841526680350571,-134.77326474881 
103,-11441.0009765625,-12983.4028320313,1.05624954120233,-131.386568022189 
104,-9756.4140625,-11687.5520019531,0.929260273809116,-129.854105334033 
105,-9566.89819335938,-12554.3134765625,0.96341153978606,-127.308876992821 
106,-9476.81762695313,-13089.4299316406,0.986353784961,-125.904740464956 
107,-9411.27758789063,-13923.1086425781,1.02575811205776,-124.056592341557 
108,-8328.8408203125,-13717.4890136719,0.979523582960845,-121.26484667066 
109,-10798.205078125,-12694.5139160156,1.01723629318946,-130.385147267207 
110,-9596.95068359375,-13462.3103027344,1.00911612242115,-125.48413841716 
111,-8795.0048828125,-15658.8234863281,1.09620661686033,-119.321374872005 
112,-10587.1140136719,-13685.9499511719,1.05612071725149,-127.724653801984 
113,-10031.7653808594,-13494.9577636719,1.02634832107645,-126.626056440331 
114,-9952.66748046875,-13174.3063964844,1.00779112535449,-127.069604389403 
115,-9630.49560546875,-13195.0270996094,0.997082601017475,-126.124134827437 
116,-9113.07373046875,-14185.4453125,1.02911196336629,-122.717671767155 
117,-10425.3442382813,-14743.7978515625,1.1021659497802,-125.264143036814 
118,-12479.1923828125,-14048.8298339844,1.14694366925671,-131.613812038351 
119,-11595.853515625,-13830.388671875,1.10161838032076,-129.977576981752 
120,-9646.02001953125,-16451.5229492188,1.16402941689623,-120.384371428848 
121,-10162.9990234375,-13870.5783691406,1.04955189542734,-126.230303920503 
122,-11718.8967285156,-14196.3276367188,1.12359231511948,-129.539260845061 
123,-11916.4011230469,-14757.814453125,1.15776413970406,-128.91961964407 
124,-11100.5278320313,-14977.6828613281,1.13789882550358,-126.543544470502 
125,-9853.51196289063,-14034.8850097656,1.04669090447859,-125.071651697229 
126,-12096.3559570313,-15882.7758789063,1.21857835990528,-127.292975794249 
127,-12851.4147949219,-13359.1545410156,1.13145228064044,-133.890229888823 
128,-9786.97412109375,-14165.302734375,1.05090196287312,-124.641050692103 
129,-13255.2749023438,-16999.5007324219,1.31574824458285,-127.945144257964 
130,-12228.0473632813,-15947.9458007813,1.22661952551194,-127.479095885778 
131,-12422.49609375,-16317.9711914063,1.25177178168195,-127.281183815012 
132,-14255.98828125,-18046.1999511719,1.40371679577799,-128.307739181006 
133,-9856.58642578125,-16523.8791503906,1.17437330625689,-120.816313047271 
134,-13048.7705078125,-13788.849609375,1.15874369449496,-133.420401464685 
135,-13094.359375,-15430.3337402344,1.23523824017268,-130.318320570714 
136,-11066.0871582031,-18298.5617675781,1.30524442992949,-121.163524383299 
137,-13921.6857910156,-16808.0314941406,1.33212263706533,-129.634130354832 
138,-12858.0598144531,-16905.4943847656,1.29640881414712,-127.256062118198 
139,-14972.2622070313,-18103.5183105469,1.43392315079993,-129.591974713083 
140,-13269.6726074219,-16614.1013183594,1.29782640900602,-128.614340759703 
141,-14539.9226074219,-15055.0388183594,1.27750282835875,-134.002836850669 
142,-12347.5651855469,-17895.4978027344,1.3270621548075,-124.604963460667 
143,-13608.7995605469,-17857.5476074219,1.37040196426069,-127.31013739456 
144,-13962.8583984375,-18848.9201660156,1.43176143052905,-126.530220082466 
145,-13271.6616210938,-19689.7150878906,1.44931997598483,-123.981558128624 
146,-14731.6083984375,-17191.3110351563,1.3818671378848,-130.5939909439 
147,-10614.8176269531,-19207.7932128906,1.33950000233987,-118.926390497927 
148,-13637.5234375,-18830.8330078125,1.41913670302945,-125.91252333871 
149,-14926.1625976563,-20331.3815917969,1.53948310118328,-126.28403198994 
150,-13654.2573242188,-19319.2236328125,1.4439753275426,-125.25154260704 
151,-14684.9809570313,-18613.0131835938,1.44709610362048,-128.272137569211 
152,-13338.9453125,-19830.2536621094,1.45872910650143,-123.926998346023 
153,-14686.919921875,-18472.6489257813,1.44045344170829,-128.486911605742 
154,-14051.5639648438,-18197.7243652344,1.40332538655951,-127.673902118057 
155,-14026.2607421875,-20416.8608398438,1.51192551916768,-124.488831396566 
156,-17473.4387207031,-20480.1909179688,1.64319917115076,-130.470389491339 
157,-15053.7138671875,-19721.8698730469,1.51436577599778,-127.354513474021 
158,-13697.9040527344,-18888.6901855469,1.42415884851267,-125.949276248137 
159,-13977.9140625,-19051.1066894531,1.44223998382372,-126.267725819525 
160,-15522.306640625,-19800.3959960938,1.53565753625476,-128.094288617886 
161,-15676.3586425781,-20402.2106933594,1.57044160190463,-127.537439318262 
162,-14381.7829589844,-20370.9953613281,1.52203016480239,-125.221829347968 
163,-14286.833984375,-20622.3732910156,1.53128233029711,-124.713567192627 
164,-15926.162109375,-19688.0437011719,1.54564931939914,-128.970281400543 
165,-16511.0749511719,-18856.2294921875,1.52979396314283,-131.206353650009 
166,-14283.1977539063,-19053.5852050781,1.45346156030226,-126.856440560655 
167,-15932.9836425781,-20402.4692382813,1.58004638768355,-127.987490561212 
168,-16103.0932617188,-21654.9931640625,1.64714968161955,-126.635242525097 
169,-14877.3583984375,-22079.8989257813,1.62507292316932,-123.971951431809 
170,-17346.9714355469,-19941.7639160156,1.61326206400559,-131.019404174202 
171,-16903.6865234375,-20175.1591796875,1.60652827291683,-129.957840565285 
172,-14812.0202636719,-22159.0061035156,1.626859841088,-123.760448459548 
173,-16543.9641113281,-19729.6726074219,1.57158498733435,-129.980913349298 
174,-15707.2109375,-19810.6962890625,1.54313868436673,-128.40967337487 
175,-17520.0268554688,-20971.9184570313,1.66796730079407,-129.875520831089 
176,-16971.0268554688,-20394.0268554688,1.61941700186226,-129.765762771321 
177,-17794.01171875,-20319.8146972656,1.64858911694866,-131.208552968868 
178,-17440.9663085938,-23715.314453125,1.7968156442854,-126.331898733695 
179,-17964.3134765625,-21758.9541015625,1.72224863335577,-129.543269840183 
180,-18386.3562011719,-21378.4501953125,1.72108833399781,-130.696900678346 
181,-18173.2551269531,-20996.9946289063,1.69496294256792,-130.876744043938 
182,-19401.552734375,-22669.7438964844,1.82125457773495,-130.558058081884 
183,-17134.5607910156,-21559.0510253906,1.68088664447258,-128.47674411121 
184,-16687.8452148438,-20033.7578125,1.59145834403751,-129.793833557865 
185,-18026.8654785156,-21428.1064453125,1.7091799886733,-130.072961716853 
186,-17268.0500488281,-24213.6804199219,1.81526174614308,-125.49466682973 
187,-18024.7060546875,-22189.9067382813,1.74493509999055,-129.086714338823 
188,-16829.3513183594,-23064.7866210938,1.74272334675389,-126.116570232127 
189,-16669.4526367188,-21424.1086425781,1.65686343518746,-127.885408457928 
190,-18636.8991699219,-22827.490234375,1.79870649806224,-129.229007599403 
191,-19352.6228027344,-22243.4235839844,1.79960267935287,-131.024506836947 
192,-18436.228515625,-22225.9133300781,1.76257087491587,-129.675452121357 
193,-16962.3168945313,-21571.6843261719,1.67497164080472,-128.178793188115 
194,-20383.1762695313,-22936.6005859375,1.87291326459873,-131.626682623956 
195,-19708.3627929688,-22095.4565429688,1.80717900625409,-131.731828931871 
196,-16485.7336425781,-25449.6315917969,1.85080422197466,-122.934313633306 
197,-17265.5651855469,-24164.216796875,1.81271634641078,-125.546171397446 
198,-15892.9038085938,-25424.2658691406,1.83007029020708,-122.009819494308 
199,-20264.921875,-24577.3525390625,1.94430769248904,-129.506822773141 
200,-19865.7055664063,-25820.6130371094,1.98848670271875,-127.573743581262 
201,-19227.701171875,-23320.6491699219,1.8448505064316,-129.505326519846 
202,-18463.7973632813,-24097.509765625,1.8529554136094,-127.459763401237 
203,-19095.9099121094,-22369.4279785156,1.79519936347474,-130.486095638813 
204,-16926.6428222656,-25236.9431152344,1.85477685412283,-123.850109734065 
205,-20466.1237792969,-25196.4497070313,1.98132904589522,-129.085651058596 
206,-17862.8308105469,-25530.017578125,1.90183214123269,-124.979695302737 
207,-18641.6010742188,-23396.8684082031,1.82593825184196,-128.546303598904 
208,-20120.0822753906,-25586.4831542969,1.98673933813655,-128.17994958794 
209,-19577.8701171875,-24677.8659667969,1.9227049151718,-128.426277410138 
210,-18349.923828125,-26745.4008789063,1.97974224685069,-124.453878977527 
211,-21686.4467773438,-24922.5561523438,2.01647298370273,-131.028271048955 
212,-19948.6647949219,-26450.2580566406,2.02212740074455,-127.023433011334 
213,-19931.2978515625,-25797.8586425781,1.98983129295817,-127.68949665965 
214,-20139.5581054688,-25700.9548339844,1.99296931756524,-128.082649804148 
215,-16789.0998535156,-26618.9553222656,1.920914269233,-122.240438151438 
216,-21710.1047363281,-26866.8737792969,2.10834759153669,-128.940366768396 
217,-19103.0349121094,-26367.9765625,1.98740520087447,-125.922525761724 
218,-19824.4543457031,-27154.46875,2.05212790363889,-126.131773283128 
219,-20265.9533691406,-24799.9787597656,1.95485079049448,-129.254877627216 
220,-20732.322265625,-27427.7578125,2.09856516468956,-127.085209295086 
221,-24062.3115234375,-24375.4536132813,2.09060261383491,-134.629597481654 
222,-21135.9970703125,-25915.2270507813,2.04116531058822,-129.200071208203 
223,-20287.4008789063,-28464.0534667969,2.13348696352096,-125.478900349152 
224,-21027.1496582031,-30038.634765625,2.23803747594752,-124.99215502518 
225,-18977.7258300781,-27537.2373046875,2.04127860694555,-124.573288062786 
226,-20710.5625,-27758.4614257813,2.11390819905173,-126.726585556878 
227,-19423.9814453125,-26186.4890136719,1.99005325550068,-126.56639228402 
228,-21092.0473632813,-26847.1499023438,2.08389707878479,-128.15440023525 
229,-22356.4614257813,-27918.2045898438,2.1830762658046,-128.687200314584 
230,-23115.4279785156,-26841.8498535156,2.16213067886946,-130.734083480359 
231,-20200.8137207031,-27820.279296875,2.09850278967541,-125.984087743162 
232,-21740.6970214844,-25424.8129882813,2.0418493299886,-130.5336734533 
233,-21388.4990234375,-28038.9860839844,2.15249851755667,-127.336853789768 
234,-20152.515625,-28478.9982910156,2.129463616019,-125.284265761244 
235,-20400.3166503906,-28958.525390625,2.16209724923434,-125.163420230543 
236,-19883.9260253906,-28667.6486816406,2.12948755394002,-124.745237446685 
237,-25692.4440917969,-28594.0610351563,2.34633319836326,-131.940448564353 
238,-23648.8125,-30105.048828125,2.3366739853721,-128.151160657112 
239,-23637.0795898438,-30044.5622558594,2.33332896328772,-128.193333988568 
240,-22369.1545410156,-29218.4650878906,2.24604434773805,-127.437047481212 
241,-23894.5080566406,-31715.875,2.42374939035617,-126.994102372801 
242,-24544.8676757813,-27035.7241210938,2.22879656995085,-132.235301591366 
243,-24053.0908203125,-27949.91796875,2.25072639115092,-130.714570149783 
244,-23490.208984375,-31213.8381347656,2.38442628873656,-126.963565471847 
245,-23951.9477539063,-29356.6828613281,2.31257869809902,-129.21080659853 
246,-22417.4387207031,-31614.2475585938,2.36553076142263,-125.340183113515 
247,-25712.2507324219,-29151.3618164063,2.3725441270955,-131.413122322471 
248,-21921.3366699219,-31913.5910644531,2.36318303784806,-124.485039599809 
249,-22099.7358398438,-32010.2360839844,2.37421728401949,-124.621039931764 
250,-22111.5288085938,-33193.5380859375,2.43439833737591,-123.669154007249 
251,-19772.2512207031,-29628.6657714844,2.17415176980407,-123.716577088739 
252,-25993.6411132813,-30854.6923828125,2.46251008386119,-130.112576845989 
253,-22751.0002441406,-32156.091796875,2.40428703268895,-125.280077995696 
254,-23760.4165039063,-29455.1918945313,2.30988283719829,-128.891838000333 
255,-25049.4191894531,-30688.3718261719,2.41790550072751,-129.22308261754 
256,-23780.1105957031,-32467.8625488281,2.45643159230652,-126.219791710327 
257,-23252.1247558594,-30201.2072753906,2.32644279314387,-127.592930440388 
258,-23331.7211914063,-32270.5168457031,2.43058841606462,-125.867089572996 
259,-25012.7546386719,-31862.27734375,2.4724457862245,-128.132878213284 
260,-23721.2145996094,-30555.3569335938,2.36105663805856,-127.82346616675 
261,-25971.6569824219,-31987.0317382813,2.51491566676487,-129.074641609116 
262,-24230.2392578125,-29605.6125488281,2.33509222882057,-129.298060114074 
263,-24605.5900878906,-32423.3725585938,2.4843717444886,-127.194293755938 
264,-24398.4294433594,-30856.712890625,2.40102913488528,-128.33345244252 
265,-24110.8127441406,-31685.4943847656,2.43024074073303,-127.269018034455 
266,-28969.2133789063,-31878.8515625,2.62918438171283,-132.262310685372 
267,-25505.1845703125,-32060.4187011719,2.50057045003853,-128.503476210691 
268,-24616.7768554688,-31118.2084960938,2.42181523814559,-128.346572235655 
269,-24878.5505371094,-33365.9404296875,2.54036355741434,-126.709210859674 
270,-26394.2170410156,-31323.7707519531,2.50015952587422,-130.118352727888 
271,-25095.0053710938,-32447.5842285156,2.50371219252235,-127.71841482995 
272,-26434.6928710938,-33402.1237792969,2.59998705504512,-128.358357727151 
273,-27657.8041992188,-35457.8132324219,2.74477349578326,-127.954944050078 
274,-23423.2717285156,-32877.6811523438,2.46395459237631,-125.467472346748 
275,-26961.1831054688,-33590.4916992188,2.62900727112407,-128.752036773612 
276,-24147.216796875,-33866.17578125,2.53873348825947,-125.489579789287 
277,-25281.7561035156,-35009.1809082031,2.63578876322583,-125.834800084302 
278,-27370.0830078125,-34712.6938476563,2.69814869460879,-128.254887542118 
279,-21981.3002929688,-34702.4182128906,2.50730341054103,-122.351098835975 
280,-26628.7973632813,-33553.4440917969,2.61458428259651,-128.436337432773 
281,-23815.4799804688,-35075.9191894531,2.58778043492895,-124.17530928036 
282,-26592.3708496094,-34643.5837402344,2.66567053424103,-127.509798379742 
283,-26224.6687011719,-33627.1606445313,2.60286868026896,-127.94944591374 
284,-26178.6428222656,-34374.3430175781,2.63727729722165,-127.291994624177 
285,-25021.3256835938,-32531.1469726563,2.50500436760832,-127.565677876121 
286,-27086.0593261719,-35082.2578125,2.70526880300019,-127.670756366336 
287,-29265.65234375,-36566.7739257813,2.85872751715691,-128.671494134858 
288,-26388.6184082031,-33649.2951660156,2.61009755006473,-128.104429194404 
289,-29321.9445800781,-37061.5859375,2.88449972583349,-128.349921000193 
290,-28598.4167480469,-40896.1196289063,3.04596254415911,-124.964868324841 
291,-27987.4291992188,-37375.8332519531,2.85000992823142,-126.82626719086 
292,-28368.1628417969,-37129.1953125,2.85202275673622,-127.381247821185 
293,-25453.6027832031,-36366.201171875,2.70937440774193,-124.98912490157 
294,-25941.7890625,-33795.1774902344,2.60041372375743,-127.510495824084 
295,-26543.9868164063,-38336.0942382813,2.84607926324309,-124.698804568767 
296,-27959.9467773438,-41148.4694824219,3.03652584856346,-124.195690477529 
297,-28177.1198730469,-34316.9868164063,2.71021249738751,-129.38886140958 
298,-28159.6696777344,-36958.3872070313,2.8360149091126,-127.304829560334 
299,-27807.8693847656,-35874.6296386719,2.77048007404317,-127.780704335129 
300,-33400.7316894531,-37045.3701171875,3.04449831443172,-132.038354475447 
301,-28378.6325683594,-37524.1687011719,2.87160202326543,-127.099345974499 
302,-26563.0639648438,-37335.7663574219,2.79677176769841,-125.430492044009 
303,-27565.4709472656,-35003.0708007813,2.71945104017884,-128.220990446809 
304,-29061.0356445313,-40029.8430175781,3.01928615714483,-125.979058774086 
305,-28247.6232910156,-38457.5993652344,2.91250540419406,-126.297782072752 
306,-31354.4204101563,-38633.603515625,3.03695513267148,-129.062236767359 
307,-25661.0869140625,-37792.5451660156,2.78824147645299,-124.176451448052 
308,-25156.5708007813,-39521.0021972656,2.85948022074636,-122.478252025601 
309,-29308.7468261719,-38113.46875,2.93462987346976,-127.559801892667 
310,-29552.4990234375,-37502.6301269531,2.91434825790725,-128.238511904163 
311,-31460.4133300781,-36007.2551269531,2.9184887654551,-131.144501211197 
312,-27476.7065429688,-40944.35546875,3.00969427586192,-123.864548381931 
313,-27831.4753417969,-38339.1293945313,2.89168625815593,-125.976975337749 
314,-30510.7033691406,-36296.2202148438,2.89415804373657,-130.050502065739 
315,-30072.7653808594,-35323.2741699219,2.83155521194056,-130.409690209734 
316,-27748.59765625,-38439.8605957031,2.89370034518687,-125.824403044771 
317,-31989.4870605469,-35647.3425292969,2.92345040259458,-131.904412613787 
318,-31055.2736816406,-37934.5063476563,2.99234369517584,-129.305643397094 
319,-29011.154296875,-41664.5212402344,3.09884133944924,-124.849631850783 
320,-32642.6940917969,-36512.8591308594,2.98940249414092,-131.796886806452 
321,-32464.8984375,-37787.6186523438,3.04076709997171,-130.66723204312 
322,-29357.9770507813,-38559.3166503906,2.95806812516339,-127.284623218265 
323,-25666.3986816406,-37234.1215820313,2.76029337331162,-124.579454017609 
324,-29748.9519042969,-40071.8776855469,3.04620316707199,-126.58981481113 
325,-28172.6921386719,-40342.2824707031,3.00336888669159,-124.928197283654 
326,-29315.2397460938,-39232.5537109375,2.98930415943448,-126.767718705402 
327,-31589.1923828125,-38508.865234375,3.04011524310952,-129.362358278518 
328,-31628.9013671875,-37901.8854980469,3.01311537711907,-129.844800115873 
329,-30564.2209472656,-38352.8259277344,2.99337318635357,-128.552121605572 
330,-30791.5158691406,-39177.4948730469,3.04145300658266,-128.16554324429 
331,-31844.85546875,-36987.2893066406,2.97905325611898,-130.727382857898 
332,-31344.9387207031,-40918.3762207031,3.14611268568962,-127.453405410108 
333,-32280.1862792969,-39789.5251464844,3.12734573983717,-129.051503245406 
334,-31531.0244140625,-42284.65625,3.21949166161748,-126.711333367155 
335,-30653.1760253906,-40211.0764160156,3.08617308080784,-127.31851915337 
336,-30439.1831054688,-40765.798828125,3.10533548015243,-126.748120652405 
337,-32784.0581054688,-42444.7583007813,3.27351495138107,-127.682266800312 
338,-35284.4931640625,-38764.7578125,3.19947058707619,-132.309117328355 
339,-34239.1484375,-41575.3583984375,3.28741423993581,-129.472967332197 
340,-32868.4182128906,-41429.6123046875,3.22789800449074,-128.426925745195 
341,-32854.3669433594,-42148.4143066406,3.26185521622043,-127.936142847545 
342,-30987.1765136719,-44159.3198242188,3.29274812332645,-125.057844834593 
343,-34939.5427246094,-39890.5520019531,3.23670499677956,-131.214636800519 
344,-33423.806640625,-43219.9313964844,3.33483019943408,-127.71630238534 
345,-30110.4045410156,-41742.8598632813,3.1415409222176,-125.804067015693 
346,-38897.5942382813,-40691.1706542969,3.43589855053537,-133.709026732794 
347,-32545.3347167969,-45326.7768554688,3.40590695676314,-125.678938334154 
348,-31572.6550292969,-44369.8688964844,3.32386658044697,-125.434845762864 
349,-32514.7104492188,-43934.7219238281,3.33614419688374,-126.503982711088 
350,-32711.2434082031,-42225.4458007813,3.26020751738161,-127.764257576305 
351,-33850.0456542969,-40912.0217285156,3.2410709437554,-129.603889121523 
352,-31496.5056152344,-41949.5024414063,3.2018501865943,-126.899937336763 
353,-34084.4555664063,-42771.7019042969,3.33821082203166,-128.551084367248 
354,-31467.5361328125,-43939.6557617188,3.29876666942152,-125.60847547895 
355,-32619.8073730469,-42438.2592773438,3.26708173475416,-127.547374603749 
356,-32199.876953125,-43313.03515625,3.29421891247741,-126.627936114386 
357,-33549.0209960938,-42683.7622070313,3.3137201453306,-128.167001583793 
358,-31288.1960449219,-41367.3601074219,3.16582118647968,-127.10203288658 
359,-32100.6840820313,-42499.1364746094,3.25083330235513,-127.06468354115 
360,-31835.044921875,-43723.359375,3.3011956426328,-126.058420195492 
361,-32350.2521972656,-46157.3356933594,3.4403652341327,-125.025428087217 
362,-31485.1535644531,-49543.64453125,3.5829757489021,-122.43609641378 
363,-35170.0141601563,-44271.2219238281,3.45108669691153,-128.464387108985 
364,-32245.7145996094,-44368.2297363281,3.34777111071365,-126.008712165407 
365,-33968.0895996094,-46519.9108886719,3.51582406856882,-126.136316950921 
366,-34900.8176269531,-45170.7990722656,3.48417576301199,-127.691150300583 
367,-36092.6413574219,-43541.7351074219,3.45199902436719,-129.656035303639 
368,-33635.3801269531,-43648.1831054688,3.36341261889218,-127.61792088447 
369,-34510.9221191406,-43323.9025878906,3.38079209330158,-128.540100044484 
370,-32584.4079589844,-45298.1110839844,3.40587796871745,-125.728695351888 
371,-32373.5913085938,-45407.4599609375,3.40381233207363,-125.487256696176 
372,-34550.748046875,-41348.4973144531,3.28890001884826,-129.882084601921 
373,-35021.6030273438,-46419.9577636719,3.54925156396096,-127.03277961092 
374,-40281.2565917969,-44298.3737792969,3.65454559897351,-132.280775206909 
375,-33402.6611328125,-42376.1806640625,3.29344264853983,-128.246642707066 
376,-33839.3173828125,-43094.6643066406,3.34438837042491,-128.140143765575 
377,-34107.3430175781,-45926.9899902344,3.49172255497065,-126.59915582898 
378,-34787.7724609375,-46520.9938964844,3.54561095036557,-126.788644870812 
379,-33515.625,-46147.0520019531,3.48116948492075,-125.990108359626 
380,-35442.4191894531,-48679.3752441406,3.67534431269039,-126.057567527288 
381,-34847.3645019531,-44360.7465820313,3.44316670354604,-128.151230475589 
382,-37543.3549804688,-48915.8110351563,3.76369328365465,-127.506585175909 
383,-36495.7844238281,-44553.9052734375,3.51532575513328,-129.322198784965 
384,-35359.8178710938,-45762.6701660156,3.52989207611888,-127.69248015847 
385,-36715.6147460938,-47852.9851074219,3.68147073174303,-127.497533967899 
386,-35762.6198730469,-45519.525390625,3.53329599534975,-128.155108501733 
387,-36215.3745117188,-49051.4050292969,3.72155357547105,-126.438997917777 
388,-36594.9809570313,-45946.8388671875,3.58527138734391,-128.536042831358 
389,-34551.8701171875,-49267.39453125,3.6729418024098,-125.042483128073 
390,-40751.6665039063,-45702.9069824219,3.73746669373213,-131.72225964083 
391,-37300.0014648438,-47672.3977050781,3.69460439252701,-128.040459334569 
392,-37476.9418945313,-46421.765625,3.64156364354893,-128.914423805992 
393,-38887.9523925781,-47666.9123535156,3.75484707971569,-129.208493199414 
394,-35902.7404785156,-47453.0439453125,3.63198377355304,-127.110970720372 
395,-35765.4685058594,-47772.2182617188,3.6425109083972,-126.820974793919 
396,-34481.6853027344,-46483.2062988281,3.53260155910078,-126.568376125689 
397,-35524.3837890625,-50567.7883300781,3.7720102693184,-125.088429987166 
398,-37074.484375,-48449.6430664063,3.7237010508285,-127.423826382116 
399,-36817.3015136719,-46939.005859375,3.64119658602822,-128.109386814397 
400,-36829.5141601563,-48305.2302246094,3.70762004068784,-127.323102358415 
401,-36816.5637207031,-46085.7770996094,3.6003347836244,-128.620322693531 
402,-38247.0402832031,-48867.1171875,3.78765624756365,-128.049376140772 
403,-38082.6516113281,-51741.3532714844,3.92134036810794,-126.353797760021 
404,-39718.9609375,-45900.9750976563,3.70494975173587,-130.870240791161 
405,-37102.2895507813,-50228.7512207031,3.81151984712664,-126.452035678914 
406,-35431.9553222656,-50141.8676757813,3.74750911045509,-125.246331928274 
407,-36884.3037109375,-49887.2841796875,3.78685047525556,-126.477473191293 
408,-38920.0915527344,-48283.08203125,3.78529405031519,-128.871639388577 
409,-38727.1379394531,-51104.193359375,3.91372001939936,-127.155119739272 
410,-38131.4514160156,-49798.9890136719,3.82831408263893,-127.441545728057 
411,-39541.212890625,-48477.6657714844,3.81839687452069,-129.202692402262 
412,-40063.2436523438,-49572.3291015625,3.89035197429422,-128.944365486899 
413,-37674.6765136719,-49061.078125,3.77560743044789,-127.521154138351 
414,-39792.341796875,-52089.5229492188,4.00095162187215,-127.377011938444 
415,-40371.8305664063,-49897.2038574219,3.91761419386711,-128.976323742656 
416,-40004.7578125,-51272.9790039063,3.96942417701759,-127.962451974987 
417,-38034.3586425781,-53220.1550292969,3.99267833025335,-125.551905733143 
418,-38130.3210449219,-53034.6274414063,3.98688700669388,-125.715012576758 
419,-42294.5180664063,-49668.6901855469,3.98184341002699,-130.415483275357 
420,-40646.6225585938,-50276.1977539063,3.94614782796676,-128.954379173432 
421,-45800.8842773438,-51962.3630371094,4.22780311579517,-131.393732497031 
422,-38211.8034667969,-51204.7766113281,3.89972152341038,-126.732311790911 
423,-39983.2390136719,-51658.4267578125,3.98719506481394,-127.739605233266 
424,-40674.2712402344,-52249.1689453125,4.04154121585418,-127.899592352777 
425,-37756.4125976563,-52781.1220703125,3.96101263550374,-125.57763117579 
426,-38401.8427734375,-52887.0434570313,3.98929144534883,-125.983799065365 
427,-41917.9643554688,-53971.6921386719,4.17113754940418,-127.835262954627 
428,-43530.9462890625,-54319.8598632813,4.24880370722765,-128.708050409153 
429,-38860.83203125,-53003.7307128906,4.01155782408307,-126.247812671133 
430,-43752.8254394531,-53139.4912109375,4.20142025789095,-129.466607304337 
431,-44350.6518554688,-53015.916015625,4.21891993163747,-129.914286311557 
432,-39004.4812011719,-49581.2829589844,3.85048935445415,-128.191334296417 
433,-41346.376953125,-53502.5690917969,4.12713518973166,-127.69657559436 
434,-40731.0749511719,-53903.2529296875,4.1237637859073,-127.075896727153 
435,-41814.8215332031,-52984.0561523438,4.11979057275212,-128.280371472294 
436,-39985.3229980469,-52502.0666503906,4.02811634633106,-127.292725179355 
437,-39977.68359375,-54913.1062011719,4.14587606800725,-126.055260759233 
438,-39141.6401367188,-52212.7443847656,3.98298172943917,-126.857311555754 
439,-39911.1818847656,-53565.9030761719,4.07725843446113,-126.689263753041 
440,-37460.0893554688,-55986.8830566406,4.11164377513088,-123.78596156889 
441,-39740.6201171875,-56479.3479003906,4.21519444485221,-125.131407018125 
442,-43470.9948730469,-52898.4665527344,4.17913081271171,-129.412741686311 
443,-41641.9907226563,-55276.0817871094,4.22414123931677,-126.992380064243 
444,-45651.0668945313,-54639.1882324219,4.34584466459544,-129.878772040241 
445,-39283.6362304688,-55093.7055664063,4.13005556444362,-125.490126961909 
446,-38947.1137695313,-54378.7229003906,4.08260699795642,-125.610985181819 
447,-40866.0004882813,-58001.2473144531,4.33069357141528,-125.167416566753 
448,-39577.9965820313,-54333.3195800781,4.10290797358129,-126.070701654449 
449,-42294.5544433594,-56173.6271972656,4.29186421241404,-126.977021887423 
450,-42262.1013183594,-53551.6711425781,4.16389993225463,-128.279923238249 
451,-42930.2126464844,-56374.6000976563,4.32506554522201,-127.289886242089 
452,-41455.3547363281,-53288.2885742188,4.12087496766374,-127.880950991906 
453,-42458.2751464844,-55000.6796875,4.24098801747967,-127.666672213428 
454,-47878.5456542969,-52163.6198730469,4.32174782760309,-132.547367286424 
455,-45044.6328125,-58407.6325683594,4.50206274971574,-127.639819510236 
456,-39335.38671875,-53327.8442382813,4.04465554707959,-126.413020442527 
457,-44366.041015625,-56954.9030761719,4.40660501726541,-127.917445990187 
458,-41552.8425292969,-56161.5991210938,4.26419656626381,-126.496997242571 
459,-42461.1142578125,-58335.8037109375,4.40398576019555,-126.049899016391 
460,-41249.1728515625,-54819.3950195313,4.18745104924147,-126.959844753907 
461,-43227.1662597656,-53067.9362792969,4.17771253272558,-129.164978655153 
462,-42123.611328125,-58109.8291015625,4.38071953563775,-125.938224413821 
463,-46094.0964355469,-56912.7490234375,4.47019672588045,-129.004292967215 
464,-43916.3728027344,-57154.3178710938,4.39943716219499,-127.538041955729 
465,-39480.0920410156,-56962.0788574219,4.23024680943128,-124.725609074914 
466,-42647.9567871094,-56859.6455078125,4.33829709923235,-126.871975909423 
467,-43029.2707519531,-56747.9008789063,4.3468653680464,-127.171335453271 
468,-42072.2819824219,-58387.7143554688,4.39263121611622,-125.775290946739 
469,-40319.6682128906,-58781.2092285156,4.3507477407046,-124.447311191739 
470,-44189.2465820313,-54775.23046875,4.29564272303078,-128.8944291334 
471,-42170.55078125,-56097.2731933594,4.2835897368885,-126.933640230032 
472,-43455.9228515625,-55957.548828125,4.32444781002791,-127.832460150142 
473,-43643.7004394531,-54911.3122558594,4.28131281236645,-128.477798482949 
474,-45059.7629394531,-58931.4360351563,4.52798277500303,-127.402011208052 
475,-46393.4790039063,-54843.6435546875,4.38455725570172,-130.228637095837 
476,-46520.9326171875,-57509.3112792969,4.51489061503522,-128.970389686765 
477,-41047.3833007813,-55607.5571289063,4.21866402244869,-126.43333270438 
478,-43872.5681152344,-59037.1447753906,4.48951514116822,-126.617331993871 
479,-48010.8493652344,-60131.3896484375,4.69660949600926,-128.604999754125 
480,-43746.5676269531,-59472.7019042969,4.50631993375519,-126.337229652641 
481,-42615.640625,-58911.9748535156,4.4379888491874,-125.881158692529 
482,-42846.0480957031,-59197.1665039063,4.46033559384438,-125.89647256132 
483,-46590.7885742188,-59360.3078613281,4.6059085049851,-128.12770127581 
484,-44420.5192871094,-61191.6279296875,4.61530193358357,-125.976827438872 
485,-40740.513671875,-59921.8549804688,4.42272830845779,-124.211551540809 
486,-45091.5441894531,-58230.3823242188,4.49525307849151,-127.752931051455 
487,-47486.0170898438,-59237.1298828125,4.63397589290861,-128.716566120608 
488,-45111.578125,-58058.5041503906,4.4877130975382,-127.84728085607 
489,-46832.4709472656,-59901.0771484375,4.64098913218676,-128.019369851143 
490,-47073.2119140625,-60663.84765625,4.68674875100242,-127.810322828501 
491,-46264.4184570313,-61268.4760742188,4.68604635384151,-127.056806402662 
492,-47164.4599609375,-63448.0158691406,4.82545292341288,-126.625486919749 
493,-45467.9343261719,-62487.7883300781,4.71688488247377,-126.040726709235 
494,-48268.7712402344,-56606.1477050781,4.54064973855024,-130.454643077406 
495,-44597.1843261719,-60926.966796875,4.60859975538671,-126.203297805443 
496,-50799.2978515625,-59284.1774902344,4.7652607138904,-130.592540102462 
497,-48630.6494140625,-59841.9375,4.70658251799508,-129.099092380684 
498,-47113.4919433594,-60622.5390625,4.68626529420845,-127.852969415513 
499,-48085.1064453125,-58452.9897460938,4.61987316388884,-129.441694571556 
500,-44348.7229003906,-63555.3510742188,4.73030670000288,-124.907213025066 
501,-47258.4711914063,-62456.1240234375,4.78046145751643,-127.113580727556 
502,-44717.8227539063,-61488.6865234375,4.64063706166759,-126.026628630902 
503,-46611.7836914063,-59815.9753417969,4.62860633199942,-127.927614223571 
504,-46966.0236816406,-62069.9799804688,4.75089579570976,-127.113425078853 
505,-48793.4750976563,-63643.4799804688,4.89488570460495,-127.476259193393 
506,-46743.4421386719,-62347.921875,4.75627332625672,-126.859604242184 
507,-49321.1115722656,-60421.9626464844,4.76064708679918,-129.224001292662 
508,-46011.2060546875,-62846.7492675781,4.7541314331843,-126.208511607136 
509,-47571.6657714844,-61099.1538085938,4.72639791908516,-127.904245985072 
510,-47535.0153808594,-65230.7465820313,4.92649589063409,-126.081609642352 
511,-52672.4050292969,-61114.3649902344,4.92449901546009,-130.756939597225 
512,-50772.0466308594,-62432.5234375,4.91172468998841,-129.119069039142 
513,-54579.9055175781,-63162.3911132813,5.09520339328007,-130.83096246927 
514,-45652.8020019531,-63544.3786621094,4.77575822151293,-125.694965442601 
515,-49728.6176757813,-61938.8742675781,4.84826057590049,-128.759797047215 
516,-48625.2419433594,-64016.8688964844,4.90677413737896,-127.219184830423 
517,-50078.3249511719,-64472.7155761719,4.98286786932132,-127.837799094864 
518,-47027.8095703125,-63236.5559082031,4.81011864916057,-126.637471588455 
519,-49143.1284179688,-61346.84765625,4.79771267149667,-128.697175964368 
520,-48780.6157226563,-61899.466796875,4.8103570332907,-128.240300319834 
521,-47375.3132324219,-62500.5458984375,4.78692857654831,-127.162068785095 
522,-48341.9011230469,-63530.1418457031,4.87265763920439,-127.26854364879 
523,-49602.6098632813,-62503.1291503906,4.87037933173987,-128.435587069835 
524,-52536.1276855469,-63471.8359375,5.02906466899539,-129.614819609394 
525,-51089.0141601563,-64332.6540527344,5.01424877980577,-128.454429238814 
526,-52230.509765625,-63005.4929199219,4.99524453018748,-129.658168945087 
527,-49311.4724121094,-65840.759765625,5.02087526065842,-126.831395200156 
528,-49322.2036132813,-65129.0866699219,4.9865704338851,-127.136616869044 
529,-51894.6267089844,-66508.8615722656,5.14903637709456,-127.963717819032 
530,-52348.4809570313,-64974.5637207031,5.09286441115231,-128.857577604432 
531,-44570.6921386719,-66342.3742675781,4.87832707299181,-123.894327536842 
532,-48383.1772460938,-66273.3129882813,5.00841521435499,-126.131507589597 
533,-52281.5866699219,-64826.7043457031,5.08327562287641,-128.885560202293 
534,-48873.8596191406,-65307.9306640625,4.97883268478265,-126.809721990848 
535,-47383.8566894531,-61683.5942382813,4.74760343863697,-127.530604952727 
536,-50087.6865234375,-70172.0988769531,5.26226183738459,-125.518619809022 
537,-53205.4140625,-66888.1984863281,5.21673627337893,-128.500072707381 
538,-49984.2326660156,-65775.0256347656,5.04240312768916,-127.232190801781 
539,-52409.0026855469,-66400.2312011719,5.16320302904221,-128.283660161405 
540,-48314.2380371094,-66542.509765625,5.01922189081492,-125.9821169351 
541,-53249.9455566406,-66274.3200683594,5.18916697855769,-128.781104637202 
542,-51888.1633300781,-63877.294921875,5.02312427401464,-129.087299803903 
543,-53193.62109375,-69730.9860839844,5.35318379572368,-127.337855498564 
544,-51789.9694824219,-69631.7766113281,5.29679843147334,-126.640733729005 
545,-51434.59765625,-66171.802734375,5.11555232701517,-127.857521283834 
546,-51112.4440917969,-67082.5388183594,5.14761370939442,-127.304995743168 
547,-50183.42578125,-65012.1391601563,5.01282825494975,-127.664857222431 
548,-51526.798828125,-67424.4851074219,5.17954841421338,-127.387602944965 
549,-51114.5424804688,-65890.5056152344,5.09000988741868,-127.80251210315 
550,-49767.3784179688,-67099.7062988281,5.09911692865367,-126.564066996155 
551,-47195.5205078125,-68528.4836425781,5.07876789237639,-124.555158351365 
552,-50017.9597167969,-66834.2006835938,5.09525930560339,-126.810766226054 
553,-55394.1579589844,-69615.3649902344,5.4301723025704,-128.509876899876 
554,-50637.2915039063,-69777.4709472656,5.2623081881095,-125.968274176035 
555,-49330.2963867188,-65790.7927246094,5.019123670102,-126.862763771376 
556,-49722.8063964844,-66054.9479980469,5.04640460657096,-126.970574335617 
557,-48428.9689941406,-68658.0517578125,5.1283058902436,-125.197794045191 
558,-55191.0141601563,-63953.9758300781,5.15615038523524,-130.793542591122 
559,-54029.0686035156,-68330.4436035156,5.3169479208975,-128.333518497763 
560,-48017.6066894531,-65703.2194824219,4.967154801871,-126.160297532156 
561,-54677.04296875,-67407.0112304688,5.29767717595045,-129.047157463149 
562,-59366.1398925781,-72826.1201171875,5.73487613623453,-129.186109229508 
563,-58869.2583007813,-69153.5541992188,5.54322453725794,-130.407192538535 
564,-54054.0849609375,-67954.6145019531,5.29992337804927,-128.500280863966 
565,-52417.54296875,-68189.5212402344,5.2496838320368,-127.549617693982 
566,-55378.1416015625,-67864.5393066406,5.34634613184714,-129.214788508959 
567,-52822.8610839844,-71880.7565917969,5.44465872530397,-126.310972270969 
568,-55553.3010253906,-62977.4155273438,5.12577391395966,-131.41598826773 
569,-53317.0771484375,-69660.74609375,5.35435233843247,-127.429790854538 
570,-52226.4274902344,-67824.4685058594,5.22491080861631,-127.597112636859 
571,-54623.1157226563,-69948.8532714844,5.41702317135662,-127.986306040317 
572,-53693.3950195313,-70901.6040039063,5.42852764308901,-127.13644676965 
573,-54169.3061523438,-73872.6569824219,5.59129850436545,-126.25183251315 
574,-55578.1352539063,-70011.8972167969,5.45610689805292,-128.443897276969 
575,-54633.9147949219,-69866.3898925781,5.41346301499061,-128.024592197927 
576,-53534.2482910156,-70183.8095703125,5.38776876764862,-127.335375801883 
577,-49194.9724121094,-69377.0998535156,5.19113559253622,-125.340272667462 
578,-53127.2607421875,-73384.8151855469,5.52977771996959,-125.9028246676 
579,-57709.2294921875,-72277.5190429688,5.64531217615239,-128.605250017141 
580,-53984.3388671875,-70317.0676269531,5.41092358582228,-127.514436743087 
581,-57846.7214355469,-67196.3664550781,5.41188604927358,-130.723872229927 
582,-55260.4035644531,-73755.8837890625,5.62523027788011,-126.841792528745 
583,-55725.2917480469,-70608.8835449219,5.49025273776151,-128.280882240202 
584,-52677.3776855469,-70654.9938964844,5.37924005411472,-126.706655508723 
585,-54037.92578125,-73076.6394042969,5.54741979015623,-126.481785535001 
586,-57643.25390625,-68775.3784179688,5.47730217334285,-129.967650139982 
587,-53653.9050292969,-75409.4760742188,5.64891942162778,-125.431882672747 
588,-55325.7170410156,-71025.0822753906,5.4951954866267,-127.917173944705 
589,-55570.9091796875,-66120.3173828125,5.27185404363395,-130.045417565674 
590,-53129.8806152344,-70737.630859375,5.39982630769978,-126.909615032422 
591,-54223.6496582031,-74484.7438964844,5.62342149943621,-126.05399276803 
592,-53870.6882324219,-72246.6030273438,5.50065895856327,-126.710057280194 
593,-57076.9606933594,-76708.8627929688,5.83599100117062,-126.651923826689 
594,-57863.6325683594,-71394.8552246094,5.60924071427509,-129.023847623249 
595,-57406.3371582031,-76396.8256835938,5.83277702696473,-126.922044925316 
596,-53382.6770019531,-75557.353515625,5.64670741065259,-125.241917282581 
597,-58582.5593261719,-70858.0576171875,5.61168277271915,-129.582558041051 
598,-54822.4770507813,-76988.6906738281,5.76880963279132,-125.454090458613 
599,-57831.1682128906,-75317.5563964844,5.79600356037592,-127.518178007258 
600,-55045.7639160156,-74815.8334960938,5.66936496898964,-126.343783317761 
601,-69380.283203125,-74259.8657226563,6.20304042379021,-133.05436005321 
602,-56622.8344726563,-73691.7004394531,5.67237614109517,-127.537762179302 
603,-52945.3715820313,-77247.8510742188,5.7161560498989,-124.426585195594 
604,-57385.1755371094,-75722.2387695313,5.79913221872256,-127.156225015578 
605,-57266.6262207031,-73524.1733398438,5.68833270734078,-127.91436889339 
606,-56038.5324707031,-75024.9572753906,5.7157058238921,-126.757226092568 
607,-54919.0544433594,-71795.7272949219,5.51726339448922,-127.413634066413 
608,-59550.4997558594,-73777.90234375,5.78708225378536,-128.90904722372 
609,-59107.8303222656,-75207.1796875,5.83848853649298,-128.164986118553 
610,-57584.2045898438,-73603.3251953125,5.70406865657011,-128.038159751351 
611,-54137.6052246094,-75104.0070800781,5.65095086498255,-125.78538708871 
612,-58627.8950195313,-76923.5083007813,5.9034051188757,-127.313140558874 
613,-56200.3522949219,-74099.24609375,5.67650113125912,-127.178390105704 
614,-58691.6108398438,-72860.6518554688,5.71059288706576,-128.852567390459 
615,-57353.4465332031,-76245.7639160156,5.82346720702132,-126.951148633729 
616,-53356.5895996094,-73525.5339355469,5.54494687811661,-125.96793756537 
617,-54502.3688964844,-76175.607421875,5.71706468780519,-125.583084356867 
618,-56791.6806640625,-74418.6027832031,5.71386812577373,-127.348636949028 
619,-54727.7709960938,-73507.33984375,5.59362168196974,-126.668464047005 
620,-58585.9704589844,-73042.8166503906,5.71521944794204,-128.73230122052 
621,-57933.8610839844,-77630.9572753906,5.91237275729437,-126.732974035502 
622,-60728.8168945313,-77077.0146484375,5.98936315584798,-128.234500312407 
623,-59470.0671386719,-76656.03515625,5.92179780459602,-127.804456929652 
624,-58965.705078125,-76198.1069335938,5.88084816064692,-127.734402070952 
625,-59143.0942382813,-78282.0908203125,5.98847233829426,-127.071501055879 
626,-58424.3420410156,-71937.0014648438,5.65650045024173,-129.082116485983 
627,-66913.7626953125,-82086.4663085938,6.46405937551387,-129.185608719578 
628,-56644.5424804688,-74334.8061523438,5.70435521180144,-127.30809319436 
629,-60575.3334960938,-77686.0698242188,6.01284235698741,-127.945150046202 
630,-57459.869140625,-77239.2639160156,5.87591574373178,-126.646314040618 
631,-62025.0561523438,-73990.7143554688,5.89307072920354,-129.972485420038 
632,-55918.2407226563,-78473.6142578125,5.88143472222829,-125.472676324644 
633,-63857.7893066406,-76532.6228027344,6.08385077459066,-129.841165223464 
634,-60051.1743164063,-77331.7458496094,5.97612653140191,-127.830759808016 
635,-59919.9177246094,-75605.2595214844,5.88826997700772,-128.398104417053 
636,-57394.7216796875,-76348.302734375,5.82998351386138,-126.933959940429 
637,-59194.7614746094,-77898.9790039063,5.97173875970434,-127.230888328584 
638,-58213.9382324219,-80670.5725097656,6.07206494762553,-125.815175250491 
639,-63350.0322265625,-80402.0180664063,6.24779144552809,-128.235138787469 
640,-64878.3579101563,-76174.3679199219,6.10728239142979,-130.421319331199 
641,-58921.8171386719,-76064.1174316406,5.87274157084951,-127.762564495942 
642,-59476.08203125,-78335.7651367188,6.0033550804146,-127.207424104424 
643,-59959.2294921875,-79474.802734375,6.0765880734211,-127.032481789392 
644,-60720.0041503906,-82097.1176757813,6.23261061196752,-126.487069613817 
645,-59239.5009765625,-82431.2507324219,6.19585260316997,-125.703042863412 
646,-62490.7995605469,-75986.6584472656,6.00496086359957,-129.433596369175 
647,-58969.4545898438,-79113.958984375,6.02272251960422,-126.699872880767 
648,-61110.2912597656,-76474.4455566406,5.97502490318004,-128.62815128536 
649,-63492.1599121094,-79368.4929199219,6.20377931761303,-128.658648613714 
650,-60342.7026367188,-81470.5366210938,6.18816949643527,-126.526201940496 
651,-62940.7644042969,-78809.0832519531,6.15609443110782,-128.612564177277 
652,-58603.6586914063,-79161.0056152344,6.01171370781072,-126.512904481761 
653,-60621.1884765625,-74755.0747070313,5.87455534537567,-129.03965872998 
654,-61891.8684082031,-79419.8005371094,6.14570589646519,-127.929294430962 
655,-61103.9431152344,-79359.7888183594,6.11335884080775,-127.594868654229 
656,-60510.4670410156,-78590.7297363281,6.05406601532655,-127.594259651162 
657,-64674.7854003906,-77904.7238769531,6.18012216138992,-129.698710185993 
658,-63932.3073730469,-75845.4111328125,6.05463425435021,-130.12851536034 
659,-62020.0551757813,-77302.6130371094,6.04919084175905,-128.740148074865 
660,-58346.2395019531,-75562.2868652344,5.8270194168073,-127.67391456927 
661,-63032.0461425781,-79613.8364257813,6.19800852738333,-128.369443242876 
662,-60458.2524414063,-80161.7624511719,6.12840499485805,-127.023712917546 
663,-63836.1887207031,-78679.2346191406,6.18419200877899,-129.054055951166 
664,-59757.689453125,-82660.9851074219,6.22572204906245,-125.864105648483 
665,-59665.3078613281,-82583.2739257813,6.21857481412658,-125.847606380284 
666,-57964.91015625,-81003.7233886719,6.07970808514869,-125.586876096209 
667,-63648.5043945313,-81100.3752441406,6.29255935417443,-128.125229465517 
668,-63158.0471191406,-82513.3366699219,6.34238646293395,-127.431467531445 
669,-58672.8647460938,-80804.79296875,6.09512615858111,-125.983635716792 
670,-66028.7087402344,-82969.7119140625,6.47215880808306,-128.513371233904 
671,-61120.7788085938,-82051.6228027344,6.24496059067085,-126.682661725454 
672,-61148.4582519531,-81538.4592285156,6.2208833536833,-126.867475312614 
673,-63518.9445800781,-81632.0974121094,6.31326268218738,-127.886926459232 
674,-67317.5749511719,-83131.0859375,6.52908782017612,-128.999728970948 
675,-63032.2263183594,-82908.6083984375,6.3569107007464,-127.244331485838 
676,-63329.546875,-79841.9133300781,6.22019711292829,-128.42098473639 
677,-60562.3298339844,-79778.0739746094,6.11356266437335,-127.203406293107 
678,-64491.6833496094,-79631.5290527344,6.25453979625203,-129.003190598034 
679,-62139.4782714844,-77992.8410644531,6.08664813765834,-128.545492443493 
680,-61136.3757324219,-80303.5617675781,6.16030109499378,-127.282593763975 
681,-61203.2294921875,-83149.6887207031,6.30181904871382,-126.355329187335 
682,-63613.7741699219,-82091.9619140625,6.33898239792615,-127.772415423209 
683,-69396.9624023438,-84810.365234375,6.68870390727433,-129.292103348784 
684,-63229.7722167969,-81987.7524414063,6.31961496708426,-127.639767736661 
685,-64619.9353027344,-81063.7231445313,6.32758833743447,-128.560095837803 
686,-64573.8764648438,-84473.0305175781,6.48989674133077,-127.395448616373 
687,-62759.9279785156,-84293.7990722656,6.41448051646962,-126.669080512274 
688,-61027.7707519531,-82449.1640625,6.26105752380254,-126.508350818236 
689,-67344.6345214844,-84390.2790527344,6.59002506829102,-128.590361516542 
690,-73998.8642578125,-78993.1884765625,6.6066069326929,-133.13028119921 
691,-63659.376953125,-78784.5234375,6.18239545123189,-128.938863280023 
692,-64108.0700683594,-86737.5668945313,6.58330305937822,-126.468249514576 
693,-62243.447265625,-81893.2282714844,6.27843628183889,-127.236871193141 
694,-76507.9562988281,-81385.5493164063,6.81788556615502,-133.230600768715 
695,-66299.7626953125,-83613.1286621094,6.5132001525572,-128.412124511075 
696,-63995.9829101563,-82821.9709472656,6.38849862662294,-127.693022059935 
697,-68448.521484375,-86045.2512207031,6.7110154737794,-128.502054697476 
698,-65191.4909667969,-83408.2141113281,6.46152904607009,-128.011025783069 
699,-66490.125,-83324.5014648438,6.50664621111464,-128.588679436906 
700,-61931.1999511719,-83551.302734375,6.34793616056293,-126.547158880872 
701,-66160.1616210938,-85362.3076171875,6.59196711777653,-127.777518128135 
702,-62826.2163085938,-86205.8154296875,6.51084375095198,-126.084313030365 
703,-66579.3996582031,-84813.6489257813,6.58129983472589,-128.132200095596 
704,-68928.0463867188,-85471.7131347656,6.7019895679771,-128.884189956705 
705,-59893.2507324219,-88127.791015625,6.50372537576728,-124.200740841848 
706,-65143.7631835938,-84153.2512207031,6.49563502758112,-127.743765360902 
707,-63531.0991210938,-83811.7824707031,6.41923035794321,-127.162894935022 
708,-63858.5510253906,-86953.4204101563,6.58487656593384,-126.293542744945 
709,-64264.1838378906,-85347.1171875,6.52097519205834,-126.97880667373 
710,-62979.8415527344,-86136.8872070313,6.51297419964594,-126.172775829832 
711,-67166.3078613281,-89181.2709960938,6.81447961642201,-126.984999213226 
712,-60497.0756835938,-86365.0788574219,6.43609910904741,-125.010502774453 
713,-62531.2958984375,-84485.25,6.41554541199335,-126.506791697559 
714,-62691.9418945313,-81625.576171875,6.28207465345762,-127.525807624251 
715,-66888.6389160156,-88299.5161132813,6.76131900378401,-127.144652547263 
716,-61979.3669433594,-83014.0554199219,6.32338076128688,-126.745494013553 
717,-66999.8688964844,-91188.0593261719,6.90669527729227,-126.306357847648 
718,-64873.5617675781,-85627.8894042969,6.55706762134288,-127.148365332088 
719,-71140.42578125,-86793.6462402344,6.84978334286241,-129.339765089287 
720,-67880.1130371094,-85879.3083496094,6.68152297723475,-128.323299075024 
721,-62098.5166015625,-93627.03125,6.85743417330592,-123.554492124844 
722,-64704.0180664063,-87913.5930175781,6.66266237114654,-126.352904949344 
723,-76924.580078125,-88660.4858398438,7.16452746064784,-130.945918654716 
724,-67892.4289550781,-88747.9887695313,6.82021089926099,-127.416077216709 
725,-64407.2729492188,-88639.5390625,6.68773697905525,-126.002909822682 
726,-70292.7563476563,-88402.6528320313,6.89369845802492,-128.489721714203 
727,-65459.8090820313,-87399.8916015625,6.66498748896766,-126.832072746496 
728,-68480.0170898438,-89003.2956542969,6.85440542490044,-127.575039617144 
729,-69073.7954101563,-89803.8154296875,6.91523147550298,-127.566161861034 
730,-63966.37890625,-90558.1716308594,6.76726325027563,-125.235731782674 
731,-66495.8576660156,-82875.306640625,6.48545700172614,-128.742174612721 
732,-68647.9848632813,-89722.2944335938,6.89546415305613,-127.420189839669 
733,-69042.8249511719,-88680.5822753906,6.85985423010035,-127.902765730467 
734,-67383.6899414063,-89678.0612792969,6.84668768365475,-126.921034669082 
735,-69670.6479492188,-88316.0600585938,6.86597980327121,-128.269151947972 
736,-68708.7404785156,-86316.0119628906,6.73383700365638,-128.520275067209 
737,-68622.5729980469,-88835.8774414063,6.85162509233181,-127.684816954461 
738,-70117.9658203125,-89842.9689941406,6.95615535958085,-127.970265847865 
739,-71015.1032714844,-87516.4309082031,6.8791375638861,-129.057561076803 
740,-73740.4755859375,-88699.15234375,7.04050765622201,-129.738607666665 
741,-68642.5649414063,-93082.0541992188,7.05923418677023,-126.406601632304 
742,-70614.7712402344,-87940.4348144531,6.8839275291843,-128.763910598842 
743,-70732.1477050781,-94467.05078125,7.20315970908483,-126.824011529404 
744,-69392.8657226563,-91168.9384765625,6.99324040774883,-127.276428967738 
745,-71636.8774414063,-90160.84375,7.02875659191635,-128.468733771364 
746,-71114.3195800781,-90481.4370117188,7.02433386059444,-128.165745939659 
747,-64417.7729492188,-85687.9499511719,6.54323511612806,-126.934808193154 
748,-62471.0024414063,-90906.8771972656,6.73254822290618,-124.496762279563 
749,-71410.8662109375,-88266.107421875,6.92989743447784,-128.974265460379 
750,-70335.4929199219,-96300.9113769531,7.27876293540968,-126.143347490169 
751,-70190.6337890625,-90435.3430175781,6.98741287841408,-127.81652707579 
752,-76009.2880859375,-93985.2739257813,7.37781885443119,-128.963720148667 
753,-66976.6848144531,-96008.6301269531,7.14512112383775,-124.900054890631 
754,-70003.62890625,-91031.0341796875,7.00920733710625,-127.560586303111 
755,-70531.2241210938,-90935.2875976563,7.02426576392461,-127.797869655607 
756,-70868.2109375,-86820.1076660156,6.84051389242853,-129.223556732639 
757,-78386.2973632813,-91881.0759277344,7.3717315866598,-130.468415598182 
758,-72499.8388671875,-89287.2905273438,7.02017184864352,-129.076041238698 
759,-68044.6787109375,-91127.76171875,6.94169571626354,-126.748527227171 
760,-68100.525390625,-93532.333984375,7.06184831914846,-126.058215929983 
761,-67689.1442871094,-88108.1193847656,6.78166629815709,-127.533304650686 
762,-71587.8684082031,-93108.0051269531,7.1686474311907,-127.555571140558 
763,-76215.6662597656,-91929.1499023438,7.28869834624287,-129.661095984739 
764,-72068.3876953125,-96088.4475097656,7.33126564142087,-126.87068074664 
765,-71151.19921875,-95260.87109375,7.25728017546722,-126.756383512866 
766,-74311.869140625,-86838.3957519531,6.97617637523452,-130.555224303685 
767,-72203.7993164063,-94326.7072753906,7.25054952026743,-127.432794058697 
768,-77116.6643066406,-95251.5,7.48041679462853,-128.994012609286 
769,-74261.0219726563,-97894.1701660156,7.4998497664617,-127.183398450652 
770,-71037.5354003906,-95291.4174804688,7.25462541092545,-126.703672492823 
771,-68330.4663085938,-93815.6911621094,7.08409129667885,-126.067646243514 
772,-67791.0881347656,-94228.8161621094,7.08521265939688,-125.732393285987 
773,-74665.8859863281,-91098.8911132813,7.18942568028583,-129.338510654784 
774,-70437.5983886719,-91028.0061035156,7.02523975073433,-127.732754390487 
775,-68217.0920410156,-90185.8491210938,6.90205871587699,-127.104069540802 
776,-71609.6298828125,-96049.5244140625,7.31259411189439,-126.706334740836 
777,-73599.7880859375,-96562.1599121094,7.41070340875102,-127.314690849385 
778,-75993.8781738281,-94041.0151367188,7.37987337401717,-128.941431966362 
779,-73139.6333007813,-92071.6171875,7.17713038116197,-128.462843269055 
780,-71727.0168457031,-92451.0476074219,7.14210356760721,-127.805661722519 
781,-72834.3337402344,-96462.8422851563,7.37763618796667,-127.054653639992 
782,-71772.1120605469,-93467.0166015625,7.1928751882575,-127.520191937441 
783,-71667.0458984375,-95395.6528320313,7.28274108840986,-126.916114394384 
784,-71897.22265625,-96886.8422851563,7.36407797234468,-126.578155466719 
785,-69242.1882324219,-94225.9777832031,7.13716057652012,-126.310396288286 
786,-71723.650390625,-94702.3994140625,7.25104024278285,-127.138770547554 
787,-68297.6096191406,-97447.9912109375,7.26332177020298,-125.025159883289 
788,-74512.0710449219,-97050.6284179688,7.46821617647345,-127.515790732184 
789,-76302.845703125,-92970.0244140625,7.34109400582438,-129.376590273461 
790,-74497.638671875,-93284.1120605469,7.28666050512288,-128.611218876985 
791,-74846.9858398438,-94144.7639160156,7.34103264015166,-128.485407414176 
792,-72880.9621582031,-93866.1767578125,7.25352330352724,-127.827007033841 
793,-76016.8823242188,-96162.0458984375,7.48188020620322,-128.326658380878 
794,-73912.2612304688,-97385.3178710938,7.46223988239623,-127.197305458548 
795,-76750.7658691406,-96153.95703125,7.50935532320051,-128.597113947764 
796,-74085.3244628906,-99620.2614746094,7.57764985981713,-126.637343198584 
797,-74518.9250488281,-97199.7414550781,7.47569186900142,-127.475854071665 
798,-70095.6213378906,-93323.6396484375,7.12401584196856,-126.910305056438 
799,-70095.3342285156,-97393.7294921875,7.3241610980009,-125.742978909035 
800,-74740.0476074219,-95932.8642578125,7.42276132783997,-127.921692888119 
801,-72961.1201171875,-94774.3229980469,7.30036871188206,-127.590536577059 
802,-79650.0229492188,-95515.6674804688,7.5910444803299,-129.824552828589 
803,-72823.263671875,-98377.7060546875,7.47084155344714,-126.510382103632 
804,-74285.7297363281,-102432.000976563,7.72321747005039,-125.950371038374 
805,-72313.6838378906,-103692.544921875,7.71615420818915,-124.891362308575 
806,-71311.3718261719,-99179.4641113281,7.45598550150611,-125.716644256825 
807,-78971.1884765625,-97732.8818359375,7.66936028247544,-128.939282332061 
808,-75999.6271972656,-104344.21875,7.87913430873501,-126.067907936303 
809,-78832.7998046875,-97061.2690429688,7.63219055996049,-129.083374602036 
810,-80141.4282226563,-94596.3657226563,7.56738943153524,-130.271054879791 
811,-79859.6613769531,-99655.8547363281,7.79480129999014,-128.707096225758 
812,-77837.7370605469,-99233.8693847656,7.69794521171334,-128.110168960836 
813,-75149.5336914063,-99292.0634765625,7.60060798759564,-127.120380631833 
814,-74990.6357421875,-99904.5922851563,7.62462631192755,-126.892717801973 
815,-78115.080078125,-98056.6647949219,7.65207434282081,-128.541949923191 
816,-75345.2409667969,-103815.496826172,7.82954432665265,-125.970682143544 
817,-76856.79296875,-97778.0847167969,7.59108167784396,-128.168512537442 
818,-73608.7321777344,-99040.6889648438,7.53190470824537,-126.620362053925 
819,-76363.2919921875,-97585.0959472656,7.56322391253538,-128.044255930416 
820,-74318.966796875,-98678.0344238281,7.5401505942913,-126.985085118907 
821,-78412.2746582031,-101050.033691406,7.80691726586701,-127.810559884804 
822,-77727.4958496094,-98943.9396972656,7.67987041268955,-128.152152444917 
823,-76571.2412109375,-99342.9541015625,7.6557498325923,-127.624200641614 
824,-75054.88671875,-96705.3579101563,7.47177937365621,-127.815725978665 
825,-74325.2729492188,-105467.197753906,7.8753310256392,-125.173274588935 
826,-78991.5808105469,-102138.427734375,7.88108898129201,-127.717566489016 
827,-81843.2961425781,-100156.806396484,7.8947345820457,-129.254031685825 
828,-86307.1813964844,-104748.432373047,8.28422421795364,-129.486721965067 
829,-78592.2009277344,-103444.090087891,7.92950841004365,-127.225947677875 
830,-79748.6645507813,-102840.092285156,7.94324378835249,-127.792246452241 
831,-76234.1247558594,-103310.746582031,7.83672352309304,-126.42402000833 
832,-73225.7849121094,-100498.461181641,7.58971616811307,-126.078051460003 
833,-73918.2104492188,-106046.298095703,7.89001611277752,-124.877929844766 
834,-74704.7365722656,-103967.999023438,7.81420281639602,-125.698600928631 
835,-76422.0688476563,-103845.834228516,7.86982121514055,-126.350038686512 
836,-73451.0415039063,-99872.794921875,7.56702258560987,-126.332471677021 
837,-80228.1120605469,-103875.700927734,8.01114331525925,-127.680604788526 
838,-81604.501953125,-102572.795898438,8.00038478396963,-128.504931680045 
839,-75766.7377929688,-104684.350830078,7.88758227781668,-125.895656274824 
840,-77671.7819824219,-102131.052978516,7.83170785182645,-127.253385497646 
841,-80494.5231933594,-105983.282958984,8.12315920562846,-127.21674580018 
842,-77797.0129394531,-105528.587646484,8.00229026223385,-126.398110403493 
843,-86487.3747558594,-99420.9523925781,8.04313954108948,-131.020364682693 
844,-83523.3073730469,-103561.369140625,8.12069955405776,-128.886532637991 
845,-77745.5571289063,-103285.2421875,7.89060483737199,-126.969752186244 
846,-71496.4868164063,-99645.2290039063,7.48566702290928,-125.659832466683 
847,-79027.2062988281,-101928.675537109,7.8722976974116,-127.787090021436 
848,-78624.2670898438,-103635.317382813,7.93998821373689,-127.186240297572 
849,-72671.3149414063,-105952.409912109,7.84201785282599,-124.445695530355 
850,-79799.2775878906,-103783.006347656,7.99068462098091,-127.556865484059 
851,-76213.8503417969,-103177.858154297,7.82946312130718,-126.45197673886 
852,-79424.2482910156,-107874.291992188,8.1764717840088,-126.36297846442 
853,-80830.7097167969,-100140.471679688,7.85499663592969,-128.909540621288 
854,-77619.5915527344,-104457.393554688,7.94329396885632,-126.61508708709 
855,-73766.3884277344,-104654.907958984,7.81515326402713,-125.178232978955 
856,-78282.8056640625,-103789.113037109,7.93490111898639,-127.025377765153 
857,-82374.3195800781,-100803.403564453,7.94580435419833,-129.254936716796 
858,-81721.2329101563,-109395.452880859,8.33456527141844,-126.760682450541 
859,-76757.9609375,-106622.137695313,8.01889497789145,-125.750355742613 
860,-80313.1528320313,-105142.309570313,8.07561691561566,-127.37446908923 
861,-82083.5163574219,-101264.755371094,7.95644041028497,-129.027646014604 
862,-83322.7468261719,-103196.169433594,8.09566486564805,-128.918132238928 
863,-81992.865234375,-107762.156982422,8.26494257480116,-127.266374862132 
864,-80638.2658691406,-105225.451416016,8.09170537642268,-127.464318904639 
865,-82527.8515625,-104551.91015625,8.13006406770921,-128.285730208664 
866,-85824.8991699219,-108114.6796875,8.42547397228401,-128.443673136206 
867,-78733.07421875,-102837.469238281,7.9052818097619,-127.437917126254 
868,-80067.7946777344,-104994.934326172,8.0593803053422,-127.328680270295 
869,-74554.875,-108672.38671875,8.0439559344773,-124.452136482823 
870,-82858.0473632813,-99856.8610839844,7.91997333447281,-129.684808285443 
871,-84151.3444824219,-110886.106689453,8