Barrido en frecuencia desde 1000 hasta 100000 con incrementos 1000
N: 1 | Fuente: Highspeed_ADC 
 
Formato: frecuencia,X,Y,R,phi 

1000,-9362.8828125,-1956.6015625,0.583827507074262,-168.196520412397 
2000,-3404.796875,-1404.8203125,0.224813202309254,-157.578940139511 
3000,-1454.34375,-834.0859375,0.102331526599478,-150.165142085523 
4000,-4202.375,1514.2578125,0.272644461411338,160.184193661043 
5000,-6243.0859375,1596.1484375,0.393316278994397,165.658593420016 
6000,-1255.3203125,1212.171875,0.106512479215941,136.001815296147 
7000,4695.6796875,-6358.8203125,0.482478248104668,-53.5559345823813 
8000,898.515625,2971.859375,0.189502776757192,73.1777684922648 
9000,-1338.140625,-1716.09375,0.132825277811463,-127.945667161499 
10000,957.25,-1529.6328125,0.110139336361201,-57.9615117400301 
11000,-4650.6484375,-5561.5234375,0.44250396489845,-129.902989393271 
12000,-813.7421875,-3665.890625,0.229201364804368,-102.5153998921 
13000,-2970.4140625,-6903.125,0.458698352722085,-113.28220533837 
14000,-1205.2265625,-1263.7265625,0.106589159434169,-133.642673275159 
15000,-5264.7734375,-4074.65625,0.406346420373715,-142.262023605171 
16000,-2444.0625,2649.7890625,0.220028282335605,132.68723900998 
17000,330.8203125,-2795.75,0.171834766574215,-83.2515866681115 
18000,-3406.703125,-5196.71875,0.379272818053083,-123.246799992098 
19000,-1634.1328125,-8420.3515625,0.523542198743004,-100.982835338862 
20000,-9184.1171875,-2010.3125,0.573843307654734,-167.653251362683 
21000,-5190.75,-3138.8984375,0.370251628396586,-148.838226918384 
22000,-3820.7734375,-2521.9375,0.27943010205219,-146.572817379951 
23000,-3446.5078125,1498.6328125,0.229391347990921,156.499321011984 
24000,-2754.2578125,-2963.96875,0.246962799863866,-132.899668907632 
25000,-5750.140625,-7751.3125,0.589084592006572,-126.569058715208 
26000,-3432.5,1295.84375,0.223942379330731,159.317382571419 
27000,-4089.8046875,-1930.8671875,0.276051688269779,-154.727197556325 
28000,-7648.3671875,-11141.1640625,0.824842669374352,-124.469451802072 
29000,-2247.953125,-437.09375,0.139778027761229,-168.996661678325 
30000,-6637.703125,-5892.46875,0.541753972027865,-138.403667988826 
31000,-3931.7890625,1088.53125,0.24901207858084,164.52504160053 
32000,-4885.9765625,1312.15625,0.308792552595391,164.967589052655 
33000,-3551.1640625,-9523.0390625,0.620356669241652,-110.450605845141 
34000,-9355.3203125,-447.953125,0.571675079101226,-177.2586469667 
35000,-8260.640625,-8900.9296875,0.741203392961068,-132.863315985134 
36000,-3064.5234375,-2600.34375,0.245313326329679,-139.684355768747 
37000,-6345.078125,-8128.453125,0.62939723287485,-127.975631718103 
38000,-2785.9375,1147.5390625,0.183905800710139,157.613036705967 
39000,-4696.8828125,2524.65625,0.325474415534775,151.741196789806 
40000,2547.171875,-9107.25,0.577211721060358,-74.3744287826948 
41000,-1088.3984375,-3465.65625,0.221719728299791,-107.435033066912 
42000,-3887.953125,-582.8671875,0.239960996084687,-171.473929758944 
43000,53.453125,3064.0546875,0.187049220431599,89.000563585491 
44000,1354.65625,-2343.984375,0.165244202679979,-59.9751425286829 
45000,-2860.8515625,-3551.8203125,0.278370961570975,-128.85007709517 
46000,6518.25,-6076.8984375,0.543936344425514,-42.9930971551898 
47000,3620.0546875,-4948.4765625,0.374233171019545,-53.8126888809504 
48000,-1663.1015625,2364.4296875,0.176442751891834,125.121932943374 
49000,177.8671875,-8941.9140625,0.545895742742221,-88.8604570210856 
50000,-3684.828125,3452.3125,0.308200199887251,136.865936872125 
51000,-370.8671875,6874.25,0.420193909184235,93.0881251712256 
52000,2285.5390625,252.2421875,0.140349511061137,6.29792763863953 
53000,-2013.0546875,-2429.265625,0.192568850790905,-129.64745558899 
54000,-763.8359375,4970.1640625,0.306925644510621,98.7371001317199 
55000,-1522.484375,3249.0390625,0.219004817412125,115.10756667663 
56000,-6902.578125,-4153.765625,0.491715049158052,-148.96172569035 
57000,-5017.265625,-9566.9765625,0.659369315748107,-117.674128304248 
58000,-7429.78125,-1933.2734375,0.468592590027737,-165.414730389502 
59000,-3344.078125,-5414.1328125,0.388416553346303,-121.701850351273 
60000,1021.1640625,-2521.2734375,0.166034107810115,-67.9511091986888 
61000,-617.6796875,-740.328125,0.0588497504709298,-129.839334385054 
62000,-2278.8828125,-7256.984375,0.464271211140622,-107.433652038725 
63000,-8373.2890625,-1710.8515625,0.521639743415743,-168.452129729542 
64000,-7304.3046875,-3527.625,0.495103934533087,-154.221710025414 
65000,-542.140625,-4762.484375,0.292565234686653,-96.4943475732053 
66000,-5028.109375,-4711.71875,0.420589695256096,-136.860553900819 
67000,4219.9609375,-6835.875,0.490341404905443,-58.3119025880677 
68000,-1679.6171875,-3676.234375,0.246696900011296,-114.554960698496 
69000,-8542.8125,-5398.3828125,0.616812772495093,-147.710347133318 
70000,-9701.9921875,-2480.96875,0.611235868987952,-165.65585744103 
71000,4041.0078125,-7375.0234375,0.513294529169137,-61.280276199967 
72000,5086.2578125,2170.6875,0.337540248696898,23.1115760651815 
73000,5227.484375,3101.1484375,0.37099118818603,30.6780776586934 
74000,-3443.203125,-2354.125,0.254587683590345,-145.63950417044 
75000,-1318.828125,-186.625,0.0812993047562207,-171.945654614254 
76000,-1967.8515625,1724.4375,0.159703969097381,138.771764966194 
77000,-5721.0546875,-3790.953125,0.41890161161945,-146.470276426292 
78000,-727.921875,-4062.6328125,0.251919939369028,-100.158176671001 
79000,-1592.5703125,-4306.6875,0.280264534208288,-110.293893723118 
80000,-7672.875,-3120.203125,0.505571799261408,-157.870700029861 
81000,-2997.1875,-1748.609375,0.211797291804448,-149.73999719112 
82000,-6084.109375,-10952.203125,0.76471161643633,-119.052813472365 
83000,3631.390625,-9371.0546875,0.613425574614494,-68.8180820529558 
84000,-4107.9453125,8.3984375,0.250737259897541,179.882862522203 
85000,-4064.7421875,5968.96875,0.440781599322347,124.254039989786 
86000,-8575.203125,-6398.53125,0.653054204925931,-143.270924609667 
87000,-2662.296875,-141.109375,0.162726758823731,-176.965998269826 
88000,-67.3125,-8534.6484375,0.520945700194854,-90.4518806159985 
89000,-1546.09375,-3427.96875,0.229529834624709,-114.276483652465 
90000,-4727.2109375,979.6015625,0.294664972264642,168.292524476395 
91000,-5256.375,-1268.546875,0.330044321351507,-166.4319686305 
92000,796.9609375,-5720.4140625,0.352529255651969,-82.0686755876269 
93000,685.984375,4872.265625,0.300321652566322,81.9857921932268 
94000,375.8984375,-5815.2578125,0.355686769697007,-86.301544512458 
95000,-1182.2734375,-10673.2734375,0.655449307934498,-96.3208583012115 
96000,-5828.875,-5424.1484375,0.485991026664774,-137.059813788361 
97000,-4818.9921875,-9121.3671875,0.629664304387304,-117.848347747271 
98000,-1812.03125,-10240.9375,0.63478575457522,-100.034059488315 
99000,234.796875,3944.609375,0.241193344508451,86.5935750911012 
---------------------------------------------------------- 

Barrido en frecuencia desde 10000 hasta 2000000 con incrementos 10000
N: 1 | Fuente: Highspeed_ADC 
 
Formato: frecuencia,X,Y,R,phi 

10000,121819606.625,9660.40625,7435.50566167422,0.00807242291839527 
20000,121813041.0625,-3355.15625,7435.10489875218,0.00195068948012742 
30000,121791425.125,3779.125,7433.78552712376,0.00530667363319782 
40000,121794222.875,714,7433.95628999255,0.00386470293894987 
50000,121736467.9375,-12261.1875,7430.43113833844,-0.00224196413612093 
60000,121794477.65625,-2786.6875,7433.97184289865,0.00221787371849975 
70000,121773655.5,-4189.40625,7432.70092300574,0.00155765570623587 
80000,121788660.59375,-1125.53125,7433.61678511618,0.0029993062091624 
90000,121770167.90625,-7078.9375,7432.48805884042,0.000198005617184963 
100000,121757749.125,-15721.4375,7431.73010284622,-0.00386925201567361 
110000,121775606.625,-21363.03125,7432.82012383512,-0.00652255346102415 
120000,121742910.9375,2236.8125,7430.82436341739,0.0045815246709476 
130000,121767180.21875,-27510.71875,7432.30587642948,-0.00941595404347459 
140000,121788870.53125,23897.71875,7433.62974186744,0.0147715371366298 
150000,121772643.9375,-37110.46875,7432.63952099652,-0.0139321932907621 
160000,121810806.90625,-6886.03125,7434.96854157448,0.000289853581948656 
170000,121785894.09375,80722.53125,7433.44955877165,0.0415057887149125 
180000,121775169.5,-92129.5,7432.79545582257,-0.0398185316658713 
190000,121773543.1875,-118575.90625,7432.69758712144,-0.0522624236471474 
200000,121769288.65625,91112.15625,7432.43646003232,0.0463995677388483 
210000,121793968.03125,229943.96875,7433.95398390397,0.111701686917451 
220000,121750600.5,39933.8125,7431.29410987164,0.0223216492742201 
230000,121702747.59375,-391540.28125,7428.41135416266,-0.180801684081324 
240000,121673157.90625,-487827.28125,7426.62653471311,-0.226187377466499 
250000,121683073.4375,-149268.875,7427.17764773599,-0.0667559994342974 
260000,121702624.375,295684.625,7428.38731450586,0.142732450553582 
270000,121752857.6875,647881.4375,7431.53669579794,0.308413007094673 
280000,121841525.0625,606174.6875,7436.93551105028,0.288579126864879 
290000,121768521.5625,134227.21875,7432.39207390294,0.0666867637081589 
300000,121572682.1875,-541715.84375,7420.50777291855,-0.251773819948358 
310000,121513268.78125,-1257206.59375,7417.20464453537,-0.589246463124765 
320000,121585271.53125,-1491376.84375,7421.7607882574,-0.699231581847457 
330000,121494403.28125,-1474612.78125,7416.20238978434,-0.691852519775455 
340000,121628804.15625,-1198619,7424.22010230108,-0.561087332957639 
350000,121538157.4375,-526949.0625,7418.39654348243,-0.244885088349333 
360000,121691770.5,52755.78125,7427.70360028901,0.0283676634501959 
370000,121645190.3125,634470.6875,7424.96077888934,0.302366466613192 
380000,121783535.59375,1460989.75,7433.83884649816,0.690851044627488 
390000,122002911.59375,1960857.03125,7447.65576550838,0.924319625132727 
400000,121912709.5,2078897.75,7442.27016534383,0.980461609004617 
410000,122024132.46875,2162813.09375,7449.15911262303,1.01895982304457 
420000,121877934.65625,1462153.625,7439.60112146347,0.690865806773446 
430000,121751485.46875,800155.28125,7431.50821042282,0.380073383528412 
440000,121550628.0625,-166714.59375,7419.09496703401,-0.0750560244513654 
450000,121292248.59375,-1467924.6875,7403.85942921359,-0.689852536960598 
460000,121114313.625,-2699577.0625,7394.29279431953,-1.27335382537288 
470000,120995744.3125,-3503072.34375,7388.3141097451,-1.65483702146134 
480000,120867806.5625,-4521888.84375,7382.57167944666,-2.13901334753231 
490000,120853452.9375,-5088027.1875,7383.06897363705,-2.40724572820332 
500000,120972755.96875,-5277490.96875,7390.83942437801,-2.49444148154568 
510000,120936129.25,-5549541.59375,7389.34852349353,-2.6238283885648 
520000,120915934.46875,-5460093.125,7387.86889063316,-2.58196926740623 
530000,121147929.5,-5170452.1875,7401.23988976708,-2.44030507963094 
540000,121029494.09375,-4862420.21875,7393.23891654486,-2.29712039877214 
550000,121022425.25,-4342272.46875,7391.60132723372,-2.05135650711102 
560000,121253256.65625,-3840685.78125,7404Barrido en frecuencia desde 10000 hasta 2000000 con incrementos 10000
N: 1 | Fuente: Highspeed_ADC 
 
Formato: frecuencia,X,Y,R,phi 

10000,121830713.1875,8755.78125,7436.18356896464,0.00558724099905474 
20000,121774137,-232.375,7433.45088537314,0.00186483445111485 
30000,121786078.53125,7232.5,7434.43698264701,0.00526049523461834 
40000,121785758.46875,-8927.25,7434.49017454533,-0.00135008877347857 
50000,121833243.90625,-4149.9375,7437.40145457411,-0.000533020979539471 
60000,121790488.875,-3482.90625,7434.91076044465,0.00064105257392586 
70000,121782549.1875,-500.40625,7434.25577307472,0.00160243888789064 
80000,121788002.25,-2779.78125,7434.40811066503,0.0014417468535132 
90000,121791970.5625,-8970.4375,7434.67106466004,0.000137519248710852 
100000,121757001.59375,-7061.21875,7432.98920164637,-9.08784002601002E-05 
110000,121747175.9375,-19343.75,7432.55844076783,-0.0052775142442766 
120000,121750633.6875,5512.53125,7432.45974278288,0.000219636299160832 
130000,121775258.71875,-22853.375,7434.36194292609,0.00212695426608765 
140000,121789108.6875,33478.65625,7434.78111020504,0.00629754898534806 
150000,121780627,-57957.65625,7434.74127652156,-0.00259699724672636 
160000,121759275.5,840.28125,7433.08279580035,0.00150762444587353 
170000,121801664.5,57710.25,7435.08879327739,-0.00587444292728844 
180000,121786935.15625,-90479.90625,7436.004722628,-0.000138482952310592 
190000,121756461.3125,-115715.5,7434.0407711405,0.00100463661667775 
200000,121759233.46875,101215.9375,7433.66401112057,0.00291354599257998 
210000,121801310.84375,237915.5625,7434.89140775649,0.003393854091495 
220000,121759098.3125,28248.84375,7434.12647766147,0.000534462596190947 
230000,121708781.125,-395984.78125,7434.58327863319,-0.00320028771534589 
240000,121662747.84375,-491515.40625,7434.51404327989,0.00231029154172099 
250000,121705061.6875,-171846.34375,7430.6628676015,-0.0124655432704653 
260000,121766164.875,293933.25,7439.5668776069,-0.00770230274088987 
270000,121751105.09375,660289.53125,7434.17101302375,0.00407480454262384 
280000,121847057.28125,634770.1875,7434.05461838689,0.0147356529388195 
290000,121780052.375,203620.46875,7435.63842131607,0.0233717936033537 
300000,121582779.46875,-528333.03125,7434.51305094611,0.0112710375443358 
310000,121543079.625,-1258645.875,7430.17793565967,0.00730100183991229 
320000,121560875.625,-1502836.15625,7433.02902966854,-0.00335642376986529 
330000,121501460.125,-1520341.09375,7434.60456306162,-0.0212040962070105 
340000,121626598.1875,-1251139.78125,7434.80197971995,-0.0236782395567684 
350000,121529514.625,-573821.375,7433.03950181947,-0.0233038694846827 
360000,121703798.75,16039.90625,7434.7454377902,-0.0169793434782096 
370000,121645024.71875,620808.15625,7433.54613356815,-0.0180895840717594 
380000,121777380.21875,1481815.71875,7433.68848578531,-0.000719390371441374 
390000,121914455.8125,1973517.625,7430.87113213231,0.0100325516359489 
400000,121931308.21875,2133620.25,7434.47146849849,0.0252156130537275 
410000,122031568.21875,2240932.625,7434.61342102793,0.0364772956990404 
420000,121903602.25,1571148.90625,7435.71642230655,0.0573010177889982 
430000,121751168.4375,899679.21875,7434.56121929998,0.0530564194295583 
440000,121600544.03125,-33937.78125,7435.85581728241,0.0359614498685549 
450000,121286584.625,-1340266.9375,7434.19322460926,0.0476103295818881 
460000,121120724.03125,-2640115.3125,7435.3178963945,0.0396819652460391 
470000,121032781.375,-3402350.65625,7434.84770922758,0.0400618185817233 
480000,120867301.53125,-4515078.4375,7434.6340553875,0.0297180640036201 
490000,120850471.78125,-5115048,7433.28236991036,-0.00111341871437645 
500000,121031547.75,-5327944.90625,7433.44229824502,-0.00899641133075173 
510000,120931416.125,-5623828.34375,7433.84773318797,-0.0298863998328956 
520000,120924082.3125,-5548245.15625,7435.25624903905,-0.0307313384485119 
530000,121118426.375,-5282838.5625,7432.86259861765,-0.048251143940739 
540000,121019385.96875,-4965592.03125,7434.57305008541,-0.0470198233341086 
550000,121015273.375,-4518974.40625,7433.20846120893,-0.0537618842175567 
560000,121251402.71875,-3989936.5625,7433.37169584198,-0.0627075705465551 
570000,121027964.125,-3455814.53125,7433.58960039107,-0.0717491394490909 
580000,121298594.25,-3106623.65625,7433.63525981898,-0.0600037703127434 
590000,121319445.15625,-2154192.15625,7431.26389848355,-0.0986250509093898 
600000,121039213.6875,-1531905.03125,7432.83827525317,-0.0598012554963182 
610000,121380533.15625,-1140343.40625,7434.21138175822,-0.0555586343161872 
620000,121395566.28125,-52948.75,7430.17385644471,-0.0406104801142854 
630000,121456171.5,-41784.46875,7439.38403092739,-0.0182351210168511 
640000,121428710.71875,920466.59375,7433.6729979433,-0.0348980664212699 
650000,121139193.71875,1504799.125,7434.09738149177,-0.0290947730387832 
660000,121475873.09375,1880931.875,7433.47405989395,-0.0356924242964215 
670000,121499694.59375,2844317.78125,7432.03634857265,-0.00558694909870153 
680000,121265606.96875,3101709.125,7434.67817664927,0.000316752110689525 
690000,121647014.8125,3683891.625,7433.93780399558,0.0028404330806415 
700000,121733541.90625,4426977.78125,7434.037675353,0.0233777569108723 
710000,121741315.15625,4429910.71875,7434.18693056397,0.0236701905609454 
720000,121866822.5625,5025150.875,7436.10789938864,0.0626253107116598 
730000,121936546.40625,5363592.84375,7436.61932336546,0.091119738636242 
740000,121914374.375,5331951.875,7435.04369365951,0.0813750506814091 
750000,122033560.40625,5408207.9375,7435.55746024305,0.108537300056867 
760000,122126856.8125,5147163.5,7435.92857955821,0.120573437480538 
770000,122151971.875,5148462.875,7437.56180348661,0.120981971265595 
780000,122148370.90625,4502568.90625,7433.58175942122,0.129487553122829 
790000,122218626.4375,3623822.0625,7437.09763567308,0.175828632303315 
800000,122235663.4375,3551486.125,7438.24706092743,0.142081571175474 
810000,122136609.40625,2239337.125,7437.34338567088,0.17500793349519 
820000,122129332.59375,2213786.625,7436.78356704855,0.163166407832165 
830000,121885303.625,523902.53125,7438.18026301173,0.175141970905108 
840000,121473126.1875,-1430073.90625,7436.15315646517,0.197692174676187 
850000,121486073,-1427574.375,7436.71413976,0.196573180297376 
860000,120961533.125,-3565491.25,7437.86409947476,0.202702108300811 
870000,120320390.15625,-5969865.53125,7435.81220873149,0.196210847255517 
880000,120333619.53125,-5994124.65625,7436.7285767629,0.18939348892633 
890000,119689945.15625,-8191891.375,7433.4367187464,0.135150698897564 
900000,119201883.53125,-10299236.8125,7437.05222376004,0.170674390114809 
910000,119199846.8125,-10292966.5,7437.02345256089,0.177757137018794 
920000,118628349.34375,-12379786.84375,7434.58096392244,0.151156224977675 
930000,118223173.5625,-14240668.0625,7433.79893893913,0.155365476591965 
940000,118222215.0625,-14206368.84375,7433.28440524758,0.129926797344533 
950000,117898227.6875,-16146940,7432.66142950696,0.113337617474453 
960000,117933861.25,-16116090.1875,7435.28956082828,0.137939829022743 
970000,117803102.84375,-17429536.4375,7433.07006825497,0.102676897678671 
980000,117673505.4375,-18729956.65625,7431.30325462013,0.0966699235803094 
990000,117679165.625,-18733264.03125,7431.54048255126,0.0961169393570104 
1000000,117717602.46875,-19687650.53125,7431.21732214987,0.0827788344513726 
1010000,117723109.15625,-20556074.65625,7432.61856734508,0.0688315911278373 
1020000,117756783.03125,-20543882.6875,7433.7680744854,0.0721122228392749 
1030000,117802653,-21209209.9375,7429.93887637822,0.0393974639290088 
1040000,117859590.59375,-21237757.9375,7434.00747939708,0.0336380126150344 
1050000,117941264.5625,-21997349.09375,7431.316940072,0.0135355103948576 
1060000,117970615.46875,-21995603.125,7433.32913248109,0.0180620980562156 
1070000,117941228.875,-21966956.125,7431.63330993045,0.0302165989328218 
1080000,118261835.15625,-22210752.53125,7433.58690456631,0.00477604235616209 
1090000,118251983.0625,-22203132.21875,7431.51890389581,0.000499920969346972 
1100000,118247934.84375,-22215233.5625,7432.8794535208,0.000776157774693197 
1110000,118544142.8125,-22157849.25,7433.19188468597,-0.0186555420343718 
1120000,118544146.9375,-22142157.4375,7433.45588751147,-0.00930121413609287 
1130000,118542814.15625,-22134883.75,7433.10668901752,-0.00517024631235693 
1140000,118554734.71875,-22139103.34375,7433.6556896461,-0.0100980809966532 
1150000,118758338.125,-21908492.03125,7435.26153207112,-0.00930673739030284 
1160000,118755456.875,-21919359.5625,7435.49497837187,-0.0140453036876621 
1170000,118750978.6875,-21946193.40625,7435.03550887729,-0.026341565427762 
1180000,118816518.96875,-21607138.125,7433.39214902711,-0.00720637338324875 
1190000,118847252.65625,-21629773.65625,7435.50469623766,-0.0157556029983765 
1200000,118843008.09375,-21622959.78125,7434.83805820303,-0.0112106360304605 
1210000,118873939.53125,-21334821.84375,7435.31921141987,-0.0116605991644792 
1220000,118875126.90625,-21328875.9375,7434.96625374125,-0.0105516616121428 
1230000,118886957.28125,-21317741.375,7435.50857091743,-0.000361418403319408 
1240000,118966235.125,-21099318.15625,7433.47872351904,0.00273639278648175 
1250000,118972363.15625,-21109736.4375,7438.27448667186,-0.00235577680031943 
1260000,118954168.78125,-21110425.1875,7437.61240005344,-0.0063319210767932 
1270000,118912299.875,-20923128.3125,7435.15347337531,0.00963744042322896 
1280000,118901469.65625,-20918104.46875,7434.46080015966,0.0086486153780295 
1290000,118903325.1875,-20906505.5625,7434.57035815765,0.0153107495781568 
1300000,118888415.25,-20848848.6875,7435.85175141727,0.0197759018572589 
1310000,118866983.1875,-20833593.875,7434.42804257061,0.026770377258774 
1320000,118868226.59375,-20839637.3125,7434.65646224352,0.0233781255592472 
1330000,118736842.09375,-20857584.3125,7434.08306376232,0.0393823161023179 
1340000,118766506.0625,-20879564.28125,7435.28140280757,0.0159472324552201 
1350000,118726605.71875,-20878054.125,7432.84490840112,0.0123734045845554 
1360000,118550057.71875,-21014174.15625,7434.21102271174,0.0217639463654097 
1370000,118555171.1875,-21022847.25,7434.39642075834,0.0157407005095596 
1380000,118566167.5625,-21034487.75,7435.06622891738,0.0100765684316915 
1390000,118545669.875,-21006698.0625,7433.9298450021,0.0198878102845533 
1400000,118308442.53125,-21284692.34375,7434.18266155821,0.0181291995955106 
1410000,118324810.6875,-21288934.84375,7435.95898403521,0.0284789311714498 
1420000,118319512.09375,-21298688.625,7434.87049803148,0.0111074321974557 
1430000,92180103.59375,-36687751.53125,6141.1751844149,-11.2834697843762 
1440000,92561620.0625,-36757556.75,6164.95164871756,-11.2239948173325 
1450000,92266939.28125,-36680266.40625,6146.12462569816,-11.2610142913892 
1460000,96125102.96875,-37952675.9375,6402.39243694439,-10.8750759541856 
1470000,107779067.84375,-35788535.125,7035.61344228119,-7.69900152785875 
1480000,107663990.0625,-35851865.03125,7030.11827226416,-7.74568962265124 
1490000,108510116.125,-35714206.9375,7082.54052116077,-7.25617473534133 
1500000,108592634.96875,-35657123.6875,7085.77676731092,-7.21639311907968 
1510000,108609061.75,-35655642.40625,7086.77140580971,-7.2132776594286 
1520000,108557664.90625,-36115806.75,7097.39831729692,-7.11825586950577 
1530000,109172933.78125,-35689858.65625,7125.32062032651,-6.81986416784087 
1540000,109308029.125,-35601371.96875,7132.18874166771,-6.75814398151167 
1550000,110123807.09375,-35341367.65625,7182.31577888939,-6.18120684579683 
1560000,114924026.34375,-30013183.03125,7376.3082978076,-3.00232544791917 
1570000,116110255,-27562938.96875,7409.28604063843,-1.75590978408005 
1580000,116074332.125,-27899643.78125,7418.75967598397,-1.50443940184232 
1590000,116379309.375,-27004974.25,7424.12873303665,-1.05502056070263 
1600000,116483228.8125,-26724814.65625,7426.5271630602,-0.912101485414163 
1610000,116302767.3125,-27184554,7427.71113842622,-0.749951024402325 
1620000,116369812.84375,-26969866.46875,7428.80616543755,-0.642002059552099 
1630000,116396694.375,-26894880,7429.86113943467,-0.601149021965625 
1640000,116435860.03125,-26771085.25,7430.65197312915,-0.542552486121553 
1650000,116199719.90625,-27551357.96875,7430.23285874835,-0.522777612096903 
1660000,116246066.5,-27467477.125,7432.13574447546,-0.479385125277827 
1670000,116242160.1875,-27435874.3125,7431.29930946736,-0.468227517715019 
1680000,116016488.1875,-28210809.34375,7430.45003604426,-0.440115190483513 
1690000,116059301.53125,-28213023,7433.20653011447,-0.436092229851892 
1700000,116076708.34375,-28138603.75,7432.80439276221,-0.400232343583784 
1710000,115841943.65625,-28962076.625,7433.23268492017,-0.394695120374881 
1720000,115839015.59375,-28945470.03125,7433.00395469399,-0.385628721482944 
1730000,115832443.25,-28926497.09375,7432.2752504229,-0.377338572837097 
1740000,115443676.78125,-29935455.6875,7431.77854252953,-0.358654377762636 
1750000,115453388.46875,-29933044,7432.59381067619,-0.357629560941535 
1760000,115468982.375,-29909140.5,7432.94556118969,-0.347653628372557 
1770000,115296308.84375,-30556076.65625,7430.93830801077,-0.350823490436565 
1780000,115362117.4375,-30524099.5625,7434.3033848747,-0.326966405385124 
1790000,115377832.59375,-30538436.1875,7435.09062871495,-0.330559295351395 
1800000,115040123.625,-31332032.21875,7432.25581821629,-0.315170111636433 
1810000,115032710.125,-31326502.0625,7431.91077439776,-0.315796709805878 
1820000,115049365.46875,-31349656.09375,7433.04411291393,-0.325718953901487 
1830000,114722755.875,-32195496.03125,7433.66383154364,-0.33257347261162 
1840000,114724995.09375,-32176213.34375,7433.80180126871,-0.322343646126495 
1850000,114716287.40625,-32173037.78125,7433.02242996098,-0.324446470967943 
1860000,114544676.96875,-32953049.90625,7433.57319602103,-0.288985025420295 
1870000,114526457.5,-32995376.5625,7434.165879976,-0.297343716051659 
1880000,114457493.09375,-33072996.46875,7432.91925816029,-0.293792669111998 
1890000,114530299.34375,-32955648.09375,7435.45737384648,-0.234840093979553 
1900000,114216662.59375,-33844338.375,7432.24283045408,-0.295843002176108 
1910000,114228667.875,-33851400.125,7433.06618724121,-0.296911433298363 
1920000,114205330.0625,-33824112.0625,7431.48216815801,-0.28635074017843 
1930000,113491143.375,-34878228.53125,7432.78480686073,-0.285796702954984 
1940000,113507775.1875,-34832652.40625,7433.53883843427,-0.257833093025458 
1950000,113504845.6875,-34875121.3125,7434.00500805893,-0.278102794643 
1960000,113339155.3125,-35336796.90625,7434.41964290331,-0.290616635913065 
1970000,113325363.21875,-35317601.40625,7433.12083526277,-0.28359548143803 
1980000,113332110.9375,-35336515.78125,7433.92456969287,-0.291496293790867 
1990000,113131401.6875,-36065992.65625,7432.5217927364,-0.271861534609603 
---------------------------------------------------------- 

