Barrido en frecuencia desde 100000 hasta 2000000 con incrementos 10000
N: 1 | Fuente: Highspeed_ADC 
 
Formato: frecuencia,X,Y,R,phi 

100000,779631.03125,30091680.90625,1837.32284045246,88.515882944824 
110000,4719700.96875,31185265.6875,1925.13154849674,81.393941628925 
120000,8148296.34375,31881082.59375,2008.47795460864,75.663031837111 
130000,11196924.375,32199772.5625,2080.81318097619,70.8257486109904 
140000,13995968.03125,32369236.28125,2152.5002028842,66.617074782361 
150000,16852850.34375,32324506.625,2225.04196291527,62.4640628523126 
160000,19160722.5,32032166.5625,2278.23727636986,59.1133476686728 
170000,21578593.875,31704326.03125,2340.83135180959,55.7600192843106 
180000,23503059.875,31288395.75,2388.53502468051,53.0870411625756 
190000,25605797.09375,30708975.09375,2440.4871754584,50.1779332945167 
200000,27099673.6875,30165045.53125,2475.06600958811,48.0641100501626 
210000,28610513.34375,29560068.59375,2510.95875325179,45.9351922378033 
220000,29885558.4375,29016414.40625,2542.46763266602,44.1546179421851 
230000,31337338.21875,28243992.09375,2574.97514748728,42.0279836252564 
240000,32371577.125,27631424.71875,2597.77929443729,40.4830950799705 
250000,33438966.1875,26981932.34375,2622.59609150295,38.9000913813442 
260000,34451966.46875,26344054.9375,2647.16870323226,37.4037127317586 
270000,35350337.90625,25757775.28125,2669.70463059414,36.0786892191862 
280000,36195893.03125,25108062.4375,2688.78804943734,34.74794598259 
290000,36842329,24592073.15625,2703.69004017345,33.7229148613023 
300000,37499854.5,24032221,2718.57178585594,32.6542552837592 
310000,38351733.15625,23361946.3125,2740.98759053023,31.3476705638731 
320000,38690853.03125,22919690,2744.83026186388,30.6416549127785 
330000,39323279.8125,22375547.71875,2761.53590739839,29.6405382767917 
340000,39704901.28125,22000420.9375,2770.63542223594,28.990765068088 
350000,40328013.59375,21372727.3125,2785.81817909472,27.9223475430082 
360000,40658780.09375,21022585.15625,2793.79276650367,27.3411830591422 
370000,41101754.84375,20560281.15625,2805.10056826142,26.5755372496705 
380000,41541077.5,20023602.25,2814.7304290983,25.734965333586 
390000,41824090.59375,19663689.65625,2820.88461537568,25.1806683476631 
400000,42166471.3125,19290730.875,2830.26465267757,24.5836118177821 
410000,42378648.21875,19044995.25,2835.86533851663,24.1991851468515 
420000,42810484.34375,18481935.03125,2846.13171091334,23.3505895616059 
430000,43022272,18196249.65625,2851.16674706918,22.9259091369758 
440000,43251018.0625,17896461.59375,2856.9849473767,22.4788559727257 
450000,43362733.90625,17417281.4375,2852.25694663285,21.8835888383328 
460000,43768420.9375,17125364.65625,2868.70923309547,21.369022978245 
470000,43949176.09375,16887961.15625,2873.75697456579,21.0198284992115 
480000,44137331.9375,16386071.25,2873.67535915522,20.3675426835983 
490000,44336183.46875,16227067.8125,2881.70685594835,20.1026538928007 
500000,44571068.625,15953514.5,2889.50484397539,19.6940309183602 
510000,44709627.125,15630760.0625,2890.90770065726,19.2699398392749 
520000,44925877.65625,15350654.75,2897.79769551425,18.8647066000324 
530000,45031684.25,15074591.34375,2898.51679590889,18.5082387865288 
540000,45190110.90625,14819881.96875,2902.8060304897,18.1566578945597 
550000,45327243.40625,14479657.28125,2904.37423068634,17.7159317150196 
560000,45451474.40625,14332039.4375,2908.87594043411,17.5014270579087 
570000,45563248.25,14033019.71875,2909.9588319688,17.1183031511275 
580000,45648310.28125,13954608.1875,2913.51840749284,16.9983002015861 
590000,45803359.3125,13614350.1875,2916.58499358203,16.553778801186 
600000,45894524.125,13360185.0625,2917.54517371834,16.2306107165979 
610000,45959263.84375,13288654.6875,2920.12369147647,16.1266888057068 
620000,46091020,12987133.0625,2922.8051489776,15.7363203316114 
630000,46128260.15625,12985014.625,2924.95800950677,15.7218066365737 
640000,46226597.625,12701528.09375,2926.10421261903,15.3638213863126 
650000,46292852,12460829.03125,2926.15085120282,15.0654517197662 
660000,46355933.46875,12431257.21875,2929.40095081573,15.0117876909863 
670000,46463063.25,12212129.8125,2932.28875315291,14.7262713828368 
680000,46465963.71875,11986238.78125,2928.98567689402,14.4645393841399 
690000,46590138.59375,11901504.4375,2935.04096099277,14.329819955115 
700000,46691136.375,11669873.3125,2937.55399507165,14.032881642261 
710000,46697814.8125,11600638.375,2936.92777375056,13.950971766955 
720000,46842468.90625,11420843.21875,2942.87855546266,13.7021707383894 
730000,46805987.4375,11170311.78125,2937.12794157015,13.422647099362 
740000,46873091.46875,11129127.75,2940.53032865928,13.3564792727374 
750000,46936021.71875,10987000.28125,2942.27828319763,13.1748378750518 
760000,47028240.1875,10786850.875,2945.00392338599,12.9184578303384 
770000,47026780.25,10754413.59375,2944.4750589732,12.8812947265093 
780000,47093067.34375,10562899.28125,2945.83891830755,12.642115593886 
790000,47156498.875,10384294.96875,2947.25319898093,12.4188510378117 
800000,47164319.1875,10382572.5625,2947.6967569348,12.4148600707569 
810000,47223531.09375,10197050.5625,2948.81564932411,12.1848864205599 
820000,47240585.15625,10226369.34375,2950.21123535426,12.2145908939352 
830000,47273497.0625,10019490.59375,2949.53063584782,11.9665973400356 
840000,47339242.84375,9877636.8125,2951.67578330227,11.7860291154947 
850000,47338014.21875,9846393.3125,2951.21343265494,11.7500837574695 
860000,47384009.4375,9712203.90625,2952.30656951699,11.5833646734054 
870000,47451987.8125,9559867.9375,2954.52098503082,11.3905653192798 
880000,47456025.6875,9543570.03125,2954.56630381428,11.3707103956661 
890000,47297426.4375,9412626.3125,2943.50609812812,11.2553407024844 
900000,47545311.8125,9260186.15625,2956.55389105578,11.0212644409671 
910000,47518926.40625,9229750.40625,2954.61835248682,10.9918747452014 
920000,47576190.75,9084122.6875,2956.36959008055,10.8098522682681 
930000,47619866.84375,8958380.84375,2957.55963714733,10.6541211510097 
940000,47601502.15625,8960222.25,2956.47883127105,10.6602779550833 
950000,47652127.75,8789989.1875,2957.61309878697,10.4513897594987 
960000,47659873.4375,8814580.875,2958.35063934657,10.478317108479 
970000,47694870.65625,8678468.625,2958.95261771783,10.3126071390094 
980000,47730997.53125,8571989.9375,2959.96639047381,10.1811949055133 
990000,47721653.28125,8546115.96875,2959.12622871867,10.1530499737065 
1000000,47749180.15625,8441397.40625,2959.66068931122,10.0255174430518 
1010000,47771023.0625,8323439.84375,2959.72922796834,9.88377593137155 
1020000,47769063.53125,8301311.9375,2959.37985478337,9.85841248343539 
1030000,47791349.375,8179448.25,2959.45616626358,9.71202454856142 
1040000,47871240.78125,8199051.15625,2964.46447937494,9.71891936850368 
1050000,47874863.625,7959825.03125,2962.25260166783,9.43982509491681 
1060000,47863670.5,7959331.53125,2961.57371906206,9.4414180400051 
1070000,47880843.3125,7986759.21875,2962.88268549758,9.47002809065705 
1080000,47942540.96875,7771882.53125,2964.47029726655,9.20801802056163 
1090000,47936679.78125,7755037.6875,2963.95278724889,9.18950555859519 
1100000,47929914.4375,7761873.1875,2963.61181912995,9.1987431006835 
1110000,47991452.96875,7593259.25,2965.69393665579,8.99086865060303 
1120000,48003250.625,7591085.90625,2966.38446197497,8.98616430975539 
1130000,47997568.28125,7563211.15625,2965.77658107534,8.95474517523935 
1140000,47999440.6875,7588782.71875,2966.13281280368,8.98418374748092 
1150000,48041701.96875,7399759.84375,2966.90242893663,8.756331446832 
1160000,48035905.46875,7409844.84375,2966.64653348064,8.76912157162046 
1170000,48049629.625,7367358.28125,2967.08029331848,8.71716384716317 
1180000,48067755.78125,7225149.8125,2966.87126364799,8.54823526084646 
1190000,48088673.9375,7199558.25,2967.90218506851,8.51475118971005 
1200000,48098942.90625,7179270.25,2968.33900558105,8.48932089354361 
1210000,48113448.5,7021198.28125,2967.80612513277,8.30257134548855 
1220000,48122004.4375,7042713.46875,2968.51276328521,8.32619693295988 
1230000,48114638.21875,7042278.5,2968.06404600696,8.32694667180474 
1240000,48125137.9375,6863012.1875,2967.13363312742,8.11609212870807 
1250000,48116647.3125,6860253.75,2966.5968129505,8.11428600699686 
1260000,48218175.1875,6876108.1875,2972.86832213223,8.11589202823323 
1270000,48219566.1875,6724348.78125,2971.65885686524,7.93885300466343 
1280000,48200931.6875,6740318.65625,2970.66720461181,7.96050293924863 
1290000,48206794.03125,6753425.3125,2971.132460521,7.97482581540213 
1300000,48243205.8125,6629063.15625,2972.29061799582,7.82397383512773 
1310000,48255501.84375,6555873.4375,2972.42946152633,7.73669587665527 
1320000,48246444.75,6615534.4375,2972.37418303717,7.80768595598044 
1330000,48371694.65625,6488417.40625,2978.90694464308,7.63986168038829 
1340000,48223262.09375,6381170.5,2969.06191796809,7.53790371181433 
1350000,48298880,6377690.125,2973.60976858219,7.52217968682922 
1360000,48307935.71875,6301926.59375,2973.55601513603,7.43244764681298 
1370000,48298437.125,6318082.03125,2973.10886333649,7.4527363485335 
1380000,48295687.0625,6326774.84375,2973.01129727775,7.46329494669439 
1390000,48309047,6320116.4375,2973.76709438879,7.45349020406906 
1400000,48339477.90625,6182106.625,2974.52849069535,7.28796122475514 
1410000,48324169.4375,6186181.71875,2973.63323174238,7.29499892393274 
1420000,48335283.125,6183092.90625,2974.28216037412,7.28973720987752 
1430000,48388275.3125,6054942.53125,2976.50921288472,7.13248724112049 
1440000,48378340.6875,6068444.09375,2976.00998236967,7.14967993465674 
1450000,48376653.0625,6084689.84375,2976.03135802319,7.16886886019482 
1460000,48419660.9375,5958227.90625,2977.68335015482,7.01520205642546 
1470000,48413296.0625,5949854.78125,2977.23538258268,7.00635343712756 
1480000,48417174.9375,5951884.78125,2977.48548497623,7.00816421721449 
1490000,48458557,5826061.625,2979.06598096577,6.85563501515547 
1500000,48451222.21875,5853084.96875,2978.81885741227,6.88816175188262 
1510000,48458556.75,5834444.625,2979.12708660161,6.86540539868725 
1520000,48453217.03125,5794906.15625,2978.51595482369,6.8200644209269 
1530000,48448342.4375,5676954.46875,2977.37408317922,6.68318087821679 
1540000,48493647.125,5809480.875,2981.07192513297,6.83140904204326 
1550000,48540224.53125,5603311.59375,2982.42545583541,6.5848759781517 
1560000,48509206.1875,5606545.21875,2980.56734047587,6.59281856586929 
1570000,48542804,5609843.125,2982.62760113193,6.59213691977689 
1580000,48547921.96875,5585357.59375,2982.7667363434,6.56292963403903 
1590000,48620084.625,5481889.53125,2986.42834358318,6.43290215727034 
1600000,48501576.34375,5597552.75,2980.04174013822,6.58336344699183 
1610000,48574523.1875,5425088.21875,2983.27812514342,6.37271974060505 
1620000,48603768.1875,5405473.875,2984.91956130683,6.3460782326128 
1630000,48574554.8125,5405181.375,2983.14542211726,6.34952288556117 
1640000,48615735.59375,5382946.4375,2985.4939063897,6.31830211102024 
1650000,48623640.53125,5293297.375,2985.3763269343,6.2129031278209 
1660000,48638972.96875,5271985.6875,2986.16622521795,6.18614786944763 
1670000,48639356.1875,5286006.5,2986.28181895292,6.20242334000124 
1680000,48646626.71875,5185163.59375,2986.06435013124,6.08409128862722 
1690000,48666279.25,5210993.3125,2987.42457027176,6.11171963629438 
1700000,48663382.71875,5173415.28125,2987.00543664793,6.06833467662518 
1710000,48658876.5,5054602.1875,2985.97392824742,5.93051868009526 
1720000,48671149.375,5051534.5625,2986.69968440656,5.92546119445162 
1730000,48668436.25,5076480.28125,2986.69254704193,5.95484241132973 
1740000,48690240.96875,4939454.4375,2987.16054734847,5.79263899011201 
1750000,48685988.9375,4933556.375,2986.86602546505,5.7862709935439 
1760000,48678735.21875,4917606.03125,2986.32752644309,5.76854378193584 
1770000,48676916.125,4870939.9375,2985.93210210238,5.7143787382321 
1780000,48668375.75,4891649.3125,2985.53956039651,5.73951256065856 
1790000,48783476.03125,4908342.5,2992.63163157585,5.74547096279606 
1800000,48752554.125,4789261.28125,2990.03439512018,5.61051295004189 
1810000,48756239.53125,4755913.1875,2990.05996631153,5.57127457070402 
1820000,48751664.90625,4784064.03125,2989.94938234844,5.60456484364965 
1830000,48772615.375,4661176.8125,2990.4991228694,5.45915158911218 
1840000,48768900.21875,4660018.5,2990.26666362031,5.45821642881099 
1850000,48774991.09375,4700933.90625,2990.87529873907,5.50516354581539 
1860000,48884993.75,4648932.875,2997.25647922832,5.43245589410875 
1870000,48912707.0625,4640641.09375,2998.89257900825,5.4197702393479 
1880000,48889826.53125,4638436.09375,2997.4895510488,5.41973053161159 
1890000,48904660.3125,4646906.0625,2998.43977341808,5.42793102437496 
1900000,48872747.75,4477745.71875,2995.54098512245,5.23485309732329 
1910000,48885170.40625,4478338.90625,2996.29936805835,5.23421966807166 
1920000,48890737.1875,4484536.125,2996.67225851502,5.24082910142811 
1930000,48790470.3125,4292290.9375,2989.5267389322,5.02759312419221 
1940000,48784153.46875,4308428.09375,2989.22915113187,5.04704734043398 
1950000,48783728.34375,4305244.65625,2989.18621553919,5.0433811106752 
1960000,48820654.53125,4279694.4375,2991.29477035892,5.00983049342662 
1970000,48838520.3125,4259806.65625,2992.27535778613,4.98485242617002 
1980000,48839539.46875,4271364.78125,2992.3987102945,4.99820561778153 
1990000,48824572.03125,4131920.9375,2990.75887316624,4.83729535396064 
---------------------------------------------------------- 

