Barrido en frecuencia desde 10000 hasta 2000000 con incrementos 10000
N: 1 | Fuente: Highspeed_ADC 
 
Formato: frecuencia,X,Y,R,phi 

10000,121709969.6875,-5974.5,7428.81373541296,-0.00281253569699243 
20000,121762871.65625,-7317.46875,7432.04271835234,-0.00344325055648132 
30000,121764668.4375,6742.65625,7432.15238649773,0.00317272448892623 
40000,121775996,-7250.5,7432.8437889246,-0.00341137056985119 
50000,121707611.84375,-3361.5625,7428.66981354248,-0.00158250861102867 
60000,121758177.90625,-7583.46875,7431.75622683863,-0.00356855498623729 
70000,121766684.8125,-8283.9375,7432.2754658213,-0.003897902422972 
80000,121771280.28125,-4966,7432.55594851589,-0.00233660055348898 
90000,121775049.0625,-11855.5625,7432.78601273272,-0.005578102395252 
100000,121771717.09375,1603.46875,7432.58260471249,0.000754460839868728 
110000,121752896.65625,-14195.8125,7431.4339111809,-0.00668041715360351 
120000,121751771.125,18040.125,7431.36524317239,0.00848959327058112 
130000,121752195.8125,-30614.84375,7431.39131819105,-0.014407143038794 
140000,121758119.75,33142.25,7431.75293805462,0.0155957648292262 
150000,121750491.1875,-60025.34375,7431.28794118021,-0.0282479236715967 
160000,121761306.21875,-12778.21875,7431.947196219,-0.0060128954272783 
170000,121764668.8125,89745.46875,7432.15441666978,0.0422292912126784 
180000,121738125.6875,-90813.9375,7430.53435224984,-0.0427413708331415 
190000,121727127.75,-153588.28125,7429.8669175931,-0.0722924773723653 
200000,121743935.40625,104329.78125,7430.8896212353,0.0491002254848077 
210000,121773677.3125,264285.59375,7432.71975474543,0.124348920616845 
220000,121760860.8125,67803.28125,7431.92112130099,0.0319055025177367 
230000,121683834.5,-427559.9375,7427.26436081352,-0.201319092167778 
240000,121630301.84375,-552929.90625,7424.0277500929,-0.260464138297219 
250000,121649929.15625,-201891.1875,7425.15925695015,-0.0950884429177637 
260000,121696994.78125,305237.46875,7428.04514147029,0.143707591682654 
270000,121742715.5,713698.9375,7430.94012024665,0.335884314361918 
280000,121843807.875,722611.875,7437.11359794566,0.339796711746884 
290000,121726682.5625,253050.5625,7429.84988484193,0.119108711776828 
300000,121581549.0625,-485980.5625,7421.03459755054,-0.229019017104655 
310000,121549632.96875,-1292864.8125,7419.44691695698,-0.609404587139788 
320000,121541585.1875,-1612092.6875,7419.18856682575,-0.759910207450002 
330000,121460974.84375,-1635761.4375,7414.28809821122,-0.771577547852134 
340000,121581146.34375,-1376734.96875,7421.4264891252,-0.648766148156056 
350000,121514284.96875,-694662.4375,7416.99090828183,-0.327540027864566 
360000,121675691.59375,-79390.5,7426.72307467607,-0.0373841305387129 
370000,121646075.25,583281.53125,7424.99915354495,0.274725788115668 
380000,121767094.84375,1504181.03125,7432.8675200509,0.70773505367939 
390000,121993798.375,2095891.8125,7447.23661530323,0.984262674810327 
400000,121930652.9375,2280534,7443.58519816939,1.07150857298942 
410000,122049690.90625,2422020.46875,7451.01599088649,1.1368594027011 
420000,121902772.09375,1807868.75,7441.4000109256,0.849657923574354 
430000,121785429,1152427.78125,7433.75233977926,0.542160731911796 
440000,121623506.5625,252988.5,7423.55233511317,0.119180517148304 
450000,121310872.5625,-1139667.9375,7404.78077397455,-0.538255479870237 
460000,121106454.125,-2486961.34375,7393.53536930322,-1.17642255509582 
470000,121016597.84375,-3319060.21875,7389.26995877955,-1.57102814914201 
480000,120825684.84375,-4513022.3125,7379.98227340559,-2.13908973238003 
490000,120805089.53125,-5157574.34375,7380.29947685914,-2.44466435238466 
500000,120948894.84375,-5423797.4375,7389.77906869542,-2.5676352357114 
510000,120914960.59375,-5766868.9375,7388.67786668283,-2.73057246045227 
520000,120920860.25,-5734457.34375,7388.94357865504,-2.71511655001023 
530000,121093191.25,-5487594.28125,7398.75291926611,-2.594704302026 
540000,120986914.125,-5199030.46875,7391.49562426218,-2.46059132851515 
550000,121009505.75,-4808418.15625,7391.88826637163,-2.2755006032893 
560000,121215685.28125,-4273246.03125,7403.24013696056,-2.01902591657153 
570000,121003860.75,-3742617.9375,7389.24686506322,-1.77157877437668 
580000,121234441.4375,-3419892.03125,7402.73247883556,-1.61582326121496 
590000,121349707.09375,-2484679.03125,7408.3768290042,-1.17298785276135 
600000,121033056.46875,-1841114.78125,7388.35162651494,-0.871497211611251 
610000,121356184.125,-1446050.1875,7407.74554929517,-0.68268998700857 
620000,121377876.28125,-441951.125,7408.59284503307,-0.208619750867296 
630000,121365453.875,-385422.875,7407.82286271569,-0.181954824236354 
640000,121400317.40625,704301.5625,7410.03817163101,0.332396612946882 
650000,121088723.59375,1278032.65625,7391.30636999774,0.604706666525873 
660000,121462420.4375,1707019.59375,7414.43616924037,0.805175621086249 
670000,121483925.75,2725139.53125,7416.88205857447,1.28504912068495 
680000,121223808.28125,2992033.65625,7401.39330387071,1.41388151498753 
690000,121614368.65625,3645995.34375,7426.31365703109,1.71721150193791 
700000,121733688.125,4501293.3125,7435.33926661165,2.11763619271239 
710000,121730752.3125,4495714.65625,7435.14762114261,2.1150650574676 
720000,121844074.625,5188397.46875,7443.73860708768,2.43831139617108 
730000,121914332.65625,5683508.8125,7449.36919111432,2.66913217251114 
740000,121912818.5,5662350.6875,7449.21684310971,2.659243004244 
750000,122073641.625,5810218.03125,7459.44608882636,2.724993909811 
760000,122166131.5,5698738.03125,7464.76485857106,2.67076572655128 
770000,122159603.09375,5715213.53125,7464.41374549603,2.67861882553815 
780000,122309893.75,5149889.28125,7472.04592675528,2.41102928745283 
790000,122315633.15625,4338297.625,7470.47605611307,2.03131836641244 
800000,122329050.375,4312343.03125,7471.23850960813,2.01895447036913 
810000,122265549.9375,3058591.28125,7465.05940533904,1.43301060338329 
820000,122266989.09375,3073361.5625,7465.16981950382,1.43991092460248 
830000,122022972.5625,1443414.25,7448.43954979838,0.677722283210948 
840000,121658426.65625,-515653.09375,7425.73439480728,-0.242848521499082 
850000,121648281.78125,-598810.15625,7425.13843715801,-0.282034543121809 
860000,121093761.21875,-2757194.375,7393.11786557732,-1.30434721038201 
870000,120460796.25,-5198843.875,7359.41220389827,-2.47123618902571 
880000,120458997.625,-5175784.21875,7359.24196869151,-2.46032512276742 
890000,119837832.53125,-7334710.96875,7328.23171593384,-3.5024364825446 
900000,119215538.25,-9634317.65625,7300.28381685594,-4.6202762538197 
910000,119218155.40625,-9606850.28125,7300.30818837189,-4.60705996013731 
920000,118654175.625,-11741658.46875,7277.67081502146,-5.65141789448196 
930000,118207935.4375,-13731139.0625,7263.57456188775,-6.62583369038864 
940000,118248397.5625,-13687519.15625,7265.72114010323,-6.60273145998804 
950000,117892241.1875,-15584354.71875,7258.39044712383,-7.53035549700506 
960000,117881395.6875,-15622067.96875,7258.03623375427,-7.54905511690951 
970000,117763819.9375,-16950274.46875,7262.02771169876,-8.19058567815082 
980000,117632469.9375,-18350236.65625,7266.77155644571,-8.8664722179001 
990000,117641666.46875,-18369683.15625,7267.50920696731,-8.87503605300546 
1000000,117674001.03125,-19354916.46875,7278.97693357693,-9.34032957460109 
1010000,117697555.53125,-20243384.0625,7289.3916161712,-9.75909970996014 
1020000,117672873.84375,-20330520.34375,7288.81051700957,-9.80230994625599 
1030000,117803753.84375,-21001986,7303.7642202219,-10.1084575147985 
1040000,117764316.4375,-20975017.71875,7301.10563820499,-10.0990559184143 
1050000,117895726.21875,-21841405.15625,7318.45037253603,-10.4956415671802 
1060000,117946954.84375,-21855336.5,7321.67980032389,-10.497727161692 
1070000,117934966.21875,-21875723.09375,7321.18713790987,-10.5083457576291 
1080000,118205905.96875,-22111339.21875,7340.07840777741,-10.5951787692548 
1090000,118208621.15625,-22130502.28125,7340.45645764505,-10.6039149935968 
1100000,118202835.53125,-22144364.34375,7340.26510358488,-10.6109138320863 
1110000,118524379.09375,-22076116.6875,7358.79254758742,-10.550896631644 
1120000,118504827.5625,-22107879.34375,7357.97465660152,-10.5674393908097 
1130000,118533264.4375,-22116528.375,7359.77773848992,-10.5690013896559 
1140000,118517258.5625,-22092891.9375,7358.55284721678,-10.5593539502048 
1150000,118727722.4375,-21933463.84375,7369.40778719667,-10.4666756033226 
1160000,118743019.625,-21886372,7369.80439091536,-10.4433824456061 
1170000,118735980.59375,-21890426.40625,7369.42673081007,-10.4458800819357 
1180000,118838884.9375,-21603269.9375,7372.44871407314,-10.3030729683021 
1190000,118843635.40625,-21629592.40625,7373.02150812338,-10.3149538915708 
1200000,118827798.5625,-21607379.84375,7371.82782204245,-10.3059319090303 
1210000,118889482.375,-21312527.96875,7372.33527238962,-10.1630866328855 
1220000,118854854.9375,-21318543.78125,7370.31970659791,-10.1687954712779 
1230000,118868374.96875,-21334753.875,7371.30669292753,-10.1752327742614 
1240000,118877148.78125,-21074777.59375,7369.04728955336,-10.0530594146562 
1250000,118879485.53125,-21064181.46875,7369.07485990942,-10.0479144075243 
1260000,118898108.59375,-21053700.09375,7370.08254965776,-10.0414754229834 
1270000,118885286.40625,-20863385.65625,7367.29516185289,-9.95358058631191 
1280000,118876144.375,-20873728.3125,7366.85471127608,-9.95916665564663 
1290000,118866409.0625,-20855806.84375,7366.08033408831,-9.95158572295759 
1300000,118871710.34375,-20749193.21875,7365.27729897889,-9.901290336831 
1310000,118872316.1875,-20759234.09375,7365.41913425484,-9.90593735648545 
1320000,118883633.375,-20753126.6875,7366.03548995853,-9.90215664785792 
1330000,118785262.03125,-20723155.03125,7359.8060918755,-9.89616540219786 
1340000,118783270.0625,-20731543.5,7359.77433102085,-9.90025473880233 
1350000,118786904.40625,-20718470.3125,7359.85570927461,-9.89383837538591 
1360000,118607374.875,-20842202.84375,7350.3642967993,-9.96650903480424 
1370000,118595331.1875,-20842892.71875,7349.64756916803,-9.96782417186165 
1380000,118618775.3125,-20852307.5,7351.15640452497,-9.97030491342132 
1390000,118599117.28125,-20864888.875,7350.10767859194,-9.97782009539687 
1400000,118384277.28125,-21058660.875,7339.25529933723,-10.0864937987076 
1410000,118398028.125,-21063255.75,7340.13075683317,-10.0875017689294 
1420000,118391435.5,-21064646.21875,7339.74944987826,-10.0887042269127 
1430000,118207934.3125,-21424918.28125,7332.61231852029,-10.273204022022 
1440000,118213615.4375,-21411504.375,7332.80755307816,-10.2664260113655 
1450000,118226882.1875,-21404204.40625,7333.52496280506,-10.2618730289897 
1460000,118004627.84375,-21868922.96875,7325.29216144133,-10.4990883707178 
1470000,118028030.5,-21867364.40625,7326.67934875555,-10.4963214009158 
1480000,118023568.5625,-21865728.5,7326.39337271469,-10.4959415880351 
1490000,117845527.4375,-22404806.875,7321.78253763409,-10.7646100102584 
1500000,117843687.5625,-22403305.125,7321.65509345569,-10.7640694664076 
1510000,117829608.40625,-22390399.46875,7320.66377079013,-10.7592689085647 
1520000,117633114.28125,-23028797.15625,7316.26767202283,-11.0765930052847 
1530000,117650165.03125,-23014136.6875,7317.11717499515,-11.0681510198138 
1540000,117646233.34375,-23025381.625,7317.01346009465,-11.0737863168843 
1550000,117401227.625,-23581035.5625,7308.94115753717,-11.3572217285549 
1560000,117286121.71875,-23632081.375,7302.66791649547,-11.392043404707 
1570000,117314020.4375,-23657960.9375,7304.64932983916,-11.4015511244349 
1580000,117146799.25,-24363767.625,7303.29439721306,-11.7486865436802 
1590000,117149345.75,-24399524,7303.89126659896,-11.7652000511447 
1600000,117158391.40625,-24409186.40625,7304.55205586682,-11.7688458415829 
1610000,116879187.34375,-25125994.1875,7296.93924308266,-12.1324599307536 
1620000,116871777.1875,-25142002.46875,7296.70248617596,-12.1407074464012 
1630000,116862227.25,-25124685.125,7295.91037955143,-12.1335550708104 
1640000,116887988.15625,-25143090.25,7297.68379010841,-12.1395832408397 
1650000,116664258.53125,-25941409.15625,7294.75523251078,-12.5363041761415 
1660000,116646216.9375,-25947213.1875,7293.75720025006,-12.5408983625715 
1670000,116650477.75,-25939785.375,7293.91263625169,-12.5369783797868 
1680000,116447983.46875,-26728980.71875,7292.47335651957,-12.9275013769304 
1690000,116426424.03125,-26796470.15625,7292.11363306345,-12.9613608372638 
1700000,116434868.21875,-26756546.3125,7292.06976787994,-12.9417934894916 
1710000,116215130.46875,-27587461.8125,7290.54541316078,-13.3538565038219 
1720000,116214734.59375,-27588590.96875,7290.5378219507,-13.3544273577743 
1730000,116224995.34375,-27584857.34375,7291.0945453908,-13.3515482021477 
1740000,115827446.53125,-28644537.15625,7282.74385893311,-13.8907434893161 
1750000,115825397.21875,-28639336.09375,7282.5462259919,-13.8885551753941 
1760000,115822891.40625,-28657073.28125,7282.65769836064,-13.8971124697205 
1770000,115673934.75,-29239145.8125,7282.45737008176,-14.1856335221429 
1780000,115685871.09375,-29269222.03125,7283.61376876546,-14.1982295136886 
1790000,115663676.90625,-29257361.875,7282.1229337717,-14.1953220809186 
1800000,115418205.90625,-30073525.46875,7279.99944475524,-14.6043394098739 
1810000,115417013.0625,-30084605.75,7280.09954655095,-14.6096345835606 
1820000,115409156.09375,-30077684.125,7279.52893037002,-14.6073689441558 
1830000,115078552.625,-30924132.15625,7273.24023236412,-15.0413014265874 
1840000,115095512.125,-30897351.28125,7273.8159486584,-15.0267505766272 
1850000,115091047.84375,-30959787.34375,7274.54180204658,-15.0562961441385 
1860000,114862401.09375,-31851354.25,7275.41806323397,-15.498698981129 
1870000,114854410.53125,-31861321.3125,7275.11067737714,-15.5043423489291 
1880000,114895188.40625,-31804094.78125,7276.5764792861,-15.4726010082963 
1890000,114885592.4375,-31822828.84375,7276.31715841554,-15.4825090915957 
1900000,114569309.5,-32701666.375,7272.25424958285,-15.9304043169394 
1910000,114578360.53125,-32693370.40625,7272.64652853416,-15.9253736957061 
1920000,114571731.3125,-32676155.96875,7271.96918470313,-15.9182875876614 
1930000,113865040.40625,-33715595.625,7248.25556182962,-16.4940942851122 
1940000,113874402.8125,-33733121.03125,7249.1072558277,-16.5009187315209 
1950000,113849841.84375,-33703496.28125,7247.1564006951,-16.4905782224732 
1960000,113689939.28125,-34214566.4375,7246.72629471935,-16.7489734048127 
1970000,113679392.5,-34187670.875,7245.63691112493,-16.7380097363483 
1980000,113680485.625,-34216285.9375,7246.20400126245,-16.751082888495 
1990000,113500132.84375,-34960485.78125,7248.90493278863,-17.1199595807778 
---------------------------------------------------------- 

