Barrido en frecuencia desde 10000 hasta 2000000 con incrementos 10000
N: 1 | Fuente: Highspeed_ADC 
 
Formato: frecuencia,X,Y,R,phi 

10000,121740294.65625,-514.1875,7430.66467222119,-0.000241996897669701 
20000,121822921.71875,-11877.3125,7435.70801707501,-0.00558613983682672 
30000,121776538.9375,-15488.1875,7432.87697515397,-0.00728718174301039 
40000,121782827.46875,-14123.125,7433.26079822246,-0.00664457764060146 
50000,121773625.65625,3415.5625,7432.69909995731,0.00160705830024524 
60000,121784269.0625,-6469.3125,7433.34874931049,-0.00304361396677882 
70000,121784787.75,-3124.40625,7433.38040040764,-0.00146993146580429 
80000,121765431.96875,-8552.875,7432.19899710864,-0.00402448898241336 
90000,121771775.9375,-5729,7432.58620394093,-0.00269559606945981 
100000,121818748.46875,-11218.28125,7435.45329052372,-0.00527636488864146 
110000,121806781.5625,-8333.0625,7434.72285210983,-0.00391972683950192 
120000,121721481.1875,3624.6875,7429.51635740037,0.0017061844278951 
130000,121767095.78125,-19004.375,7432.30062344864,-0.00894223898465174 
140000,121777384.625,18910.71875,7432.92862290205,0.0088974185688169 
150000,121771115.25,-56768.71875,7432.54667699578,-0.0267108316321761 
160000,121812191.15625,6012.71875,7435.05302924562,0.00282815212684654 
170000,121785501.65625,59380.1875,7433.42485626076,0.0279362798901901 
180000,121764044.875,-83454.125,7432.11606028711,-0.039269132375391 
190000,121754696.15625,-137543.28125,7431.54843872516,-0.0647256033028485 
200000,121771059.8125,81647.90625,7432.54415632161,0.038417007623644 
210000,121792350.1875,228174.40625,7433.85503258468,0.107341841712457 
220000,121784443.96875,22847.21875,7433.35954538786,0.0107489031437025 
230000,121717947.375,-385637.0625,7429.3379483867,-0.181528711670834 
240000,121645871.21875,-496477.65625,7424.96318616667,-0.233842021083835 
250000,121674945.9375,-156398.21875,7426.68211632569,-0.0736466562907998 
260000,121739953.78125,271996.375,7430.66241240112,0.12801235679067 
270000,121744259.625,639249.15625,7431.00911792105,0.30084327777105 
280000,121833472.28125,597336.28125,7436.44133487367,0.280912732704458 
290000,121743329.21875,141518.1875,7430.8549132522,0.0666023450154012 
300000,121574579.09375,-549439.09375,7420.62566872151,-0.258938398823457 
310000,121595752.09375,-1259592.84375,7422.2404180406,-0.593497481420057 
320000,121611174.78125,-1453514.375,7423.31374725925,-0.684774849077973 
330000,121486551.46875,-1452995.28125,7415.70727660497,-0.685232456482231 
340000,121631065.09375,-1195914.3125,7424.35647155162,-0.56333170125793 
350000,121546424.71875,-534737.375,7418.90322508227,-0.252068270535882 
360000,121692463.875,51246.125,7427.74588245319,0.0241279238815715 
370000,121660615.96875,651323.875,7425.90773792491,0.30673650889935 
380000,121761365.4375,1458745.40625,7432.48410132247,0.686391422168001 
390000,121918187.09375,1918901.6875,7442.44436183433,0.901718548209906 
400000,121913957.25,2032350.5,7442.2984153787,0.955053250854543 
410000,122019841.84375,2120042.21875,7448.85145813908,0.995389348237209 
420000,121870294.875,1401232.65625,7439.09116558718,0.658742804031883 
430000,121744632.125,760179.1875,7431.07427589348,0.357752882629345 
440000,121582132.5625,-103283.3125,7421.01360709115,-0.0486724188182519 
450000,121265141,-1443621.59375,7402.18717707155,-0.682055179015488 
460000,121106647.125,-2696616.65625,7393.82094558488,-1.27556356633812 
470000,121004876.34375,-3485928.8125,7388.84106215421,-1.65013005893201 
480000,120865907,-4486625.375,7382.37566081588,-2.12588254575022 
490000,120869484.03125,-5046938.9375,7383.94154567867,-2.39101228228011 
500000,121065221.125,-5244156.28125,7396.38953178244,-2.48031848783585 
510000,120945919.34375,-5506987.9375,7389.82685628278,-2.60702788964669 
520000,121009896.40625,-5427890.5625,7393.50987672058,-2.56827673650712 
530000,121155125.3125,-5127069.9375,7401.56627326647,-2.42320989835805 
540000,120992675.9375,-4793893.78125,7390.82668406551,-2.26894961920585 
550000,121058407.53125,-4351622.71875,7393.81664633049,-2.05869475531176 
560000,121263824,-3802957.71875,7405.22120849768,-1.79626559806932 
570000,121046857.59375,-3247911.71875,7390.99847418669,-1.53698326335354 
580000,121303624.875,-2927662.625,7406.16774779586,-1.38256506238726 
590000,121330623.46875,-2000584.125,7406.66621067173,-0.944647256924758 
600000,121050129.875,-1379457.3125,7389.01880531336,-0.652900257417696 
610000,121379907.84375,-996422.125,7408.91736495979,-0.470337315290518 
620000,121368198.53125,31545.625,7407.95328414977,0.0148921311824171 
630000,121485117.40625,-83038.71875,7415.09114572425,-0.0391633763967555 
640000,121443377.71875,987835.71875,7412.78696507632,0.466040803387021 
650000,121132963.96875,1552725.84375,7394.20241455111,0.734397661465316 
660000,121462120.28125,1952863.15625,7414.64389752157,0.921119907727913 
670000,121503825.84375,2803527.3125,7418.20522080921,1.3217837773543 
680000,121258847.5625,3041097.53125,7403.60582283993,1.43664185809666 
690000,121652132.28125,3618167.125,7428.56691143124,1.70358388394278 
700000,121747333.28125,4287915.125,7435.70174919179,2.01711138551062 
710000,121726531,4282533.40625,7434.42127015851,2.01492581218991 
720000,121821431.21875,4802604.5625,7441.3929721226,2.25762040781207 
730000,121886951.96875,5021466.9375,7445.92697901557,2.35912254549457 
740000,121881298.71875,5053547.8125,7445.6630765185,2.37428718330377 
750000,122012921.21875,5035019.21875,7453.64331685544,2.36304287101686 
760000,122069843.5625,4752141.75,7456.42312427866,2.22938143770936 
770000,122092603.5,4729884.4375,7457.75855837158,2.21853705065112 
780000,122187096.9375,4190392.09375,7462.32064722274,1.96418219895752 
790000,122159971.15625,3080576.03125,7458.65091609162,1.44455342623036 
800000,122140607.46875,3140685.03125,7457.56279721363,1.4729610108613 
810000,122057588.53125,1758684.125,7450.80465095307,0.825497264762271 
820000,122063410.75,1722047.25,7451.12810463259,0.808264277392952 
830000,121781779.96875,27570.84375,7433.19700245412,0.012971504915645 
840000,121432792.375,-1954815.34375,7412.85595788564,-0.922263198718192 
850000,121442188.75,-1909300.09375,7413.38521809441,-0.900723433415223 
860000,120893123.84375,-4064347,7383.12478292055,-1.92552104787022 
870000,120295386.375,-6423675,7352.93275395461,-3.05664454145835 
880000,120274111.53125,-6427018.375,7351.64693507553,-3.05877236769579 
890000,119725186.875,-8518037.40625,7326.14026297069,-4.06954146875273 
900000,119148307.21875,-10658633.59375,7301.49853085339,-5.11189355215231 
910000,119119091.84375,-10633233.875,7299.5844000677,-5.10102031234978 
920000,118607479.03125,-12715458.625,7280.93019708155,-6.11909235025717 
930000,118223277.78125,-14459514.09375,7269.76800299501,-6.97303289488479 
940000,118212054.0625,-14539868.1875,7269.68512002688,-7.01205770509387 
950000,117918069.15625,-16383269.65625,7266.50326406307,-7.90990849670149 
960000,117897489.53125,-16348790.40625,7264.9697337268,-7.89483230304627 
970000,117792293.96875,-17610830.3125,7269.60014384549,-8.50316587149724 
980000,117721564.9375,-18896690.0625,7277.35644637076,-9.11933628928461 
990000,117678905.34375,-18871216.84375,7274.53920603523,-9.11049544166617 
1000000,117729031.5,-19808050.1875,7286.8292200652,-9.55063251280392 
1010000,117768309.875,-20679223,7298.20150538735,-9.95917695732831 
1020000,117723472.84375,-20644215.0625,7295.13665947586,-9.94636496816234 
1030000,117851259.1875,-21228049.84375,7309.05225186984,-10.2109539971499 
1040000,117841951.71875,-21247678.71875,7308.70565003416,-10.220987011705 
1050000,117946664.875,-21998299.125,7323.25727678492,-10.5648803716471 
1060000,118010238.25,-21996020.75,7327.04637806602,-10.5582479475361 
1070000,117952332.90625,-22006993.84375,7323.69468928362,-10.5684655904594 
1080000,118269863.875,-22215478.46875,7345.08646632549,-10.6383173654027 
1090000,118254627.375,-22160016.75,7343.5481976919,-10.6136987237986 
1100000,118263148.75,-22194445.84375,7344.44674087352,-10.6290648027518 
1110000,118555022.46875,-22104642.65625,7360.9502502299,-10.5615542849913 
1120000,118548256.4375,-22098792.28125,7360.47882189869,-10.5594109370958 
1130000,118561789.0625,-22107899.15625,7361.39269924587,-10.5624859266798 
1140000,118549383.1875,-22086249.5,7360.40617524262,-10.5534542767158 
1150000,118734533.40625,-21869570.59375,7369.10916721468,-10.4362710798476 
1160000,118765418.15625,-21888022,7371.16713992577,-10.4422260610218 
1170000,118739898.5,-21861801.625,7369.345341505,-10.4321840703892 
1180000,118829201.09375,-21605606.71875,7371.89268612728,-10.3049852906388 
1190000,118822429,-21601380.3125,7371.43986023586,-10.3035872739168 
1200000,118840717.15625,-21617710.46875,7372.71643669011,-10.3096567790918 
1210000,118870242.6875,-21333424.84375,7371.40456998599,-10.1744556323554 
1220000,118880663.75,-21326666,7371.95778279331,-10.1704264728388 
1230000,118853881.21875,-21269145.75,7369.72948711729,-10.1458043713642 
1240000,118896587.59375,-21135757.3125,7370.86608726453,-10.07993754751 
1250000,118948041.4375,-21129577,7373.89223437351,-10.0727806971271 
1260000,118951504.875,-21121782.96875,7374.0171874555,-10.0688540333517 
1270000,118893260.5,-20972098.375,7368.92432286117,-10.003743058901 
1280000,118900332.03125,-20996219.40625,7369.60526678692,-10.0144324682699 
1290000,118876175.625,-20985478.78125,7368.03930440548,-10.0114060365699 
1300000,118846135.6875,-20928156.96875,7365.62610104032,-9.98708384068514 
1310000,118829803.5625,-20942376.84375,7364.79493742352,-9.99507878215261 
1320000,118849231.0625,-20944861.8125,7365.9890623633,-9.99463978297027 
1330000,118733068.90625,-21011998.3125,7359.71955551043,-10.0356371720245 
1340000,118687962.40625,-21000450.9375,7356.88569505195,-10.0339684682728 
1350000,118708346.4375,-20995797.53125,7358.0613749785,-10.0301026179984 
1360000,118521601.34375,-21168117.40625,7348.67943852965,-10.1263327601559 
1370000,118505161.1875,-21170588.875,7347.7181414898,-10.1288664753359 
1380000,118516649.46875,-21182285.03125,7348.53399433061,-10.1333844309025 
1390000,118492852.375,-21185769.0625,7347.14157779582,-10.1370098310227 
1400000,118254305.75,-21481746.6875,7336.0164980591,-10.2959180810241 
1410000,118254104.5625,-21492967.8125,7336.12686140664,-10.3011982484044 
1420000,118255990.3125,-21469479.03125,7335.98387070708,-10.2900205587886 
1430000,118082006.125,-21907934.71875,7330.37007309733,-10.5106617025784 
1440000,118088111.4375,-21908352.25,7330.74111950478,-10.5103262395237 
1450000,118067389.28125,-21900998.375,7329.41564742889,-10.508679861737 
1460000,117859904.875,-22429049.0625,7322.92112946516,-10.7747010589425 
1470000,117865983.40625,-22413271.125,7323.10563658752,-10.7667564385959 
1480000,117890826.53125,-22418617.21875,7324.65625119079,-10.7670481622031 
1490000,117673971.90625,-23035663.96875,7318.79556669052,-11.0760622672743 
1500000,117674265.3125,-23023651.96875,7318.67232544024,-11.0704024194098 
1510000,117662230.09375,-23034808.1875,7318.08219681413,-11.0767388982937 
1520000,117416318.65625,-23655515.46875,7310.74071164322,-11.3907306676207 
1530000,117447488.53125,-23675069.875,7312.84152061542,-11.3969538860124 
1540000,117436855.65625,-23690136.3125,7312.38711111905,-11.4050222189327 
1550000,117196301,-24370843.125,7306.34047681806,-11.7471777297029 
1560000,117175149.125,-24304386.375,7304.25157032936,-11.7180875091088 
1570000,117121467.375,-24391173.53125,7302.12147768141,-11.7640072444307 
1580000,116970865.28125,-24985885.90625,7300.6188840571,-12.0576139968871 
1590000,116970682.28125,-24999675.59375,7300.7838305524,-12.0640920065866 
1600000,116966105.5,-25003663.78125,7300.56153081742,-12.0664184855607 
1610000,116695529.84375,-25811859.84375,7294.90662288978,-12.4724251578968 
1620000,116728756.25,-25803674.28125,7296.77895747464,-12.4651553800617 
1630000,116702992.375,-25834529.1875,7295.65030218566,-12.4822626807647 
1640000,116724573.71875,-25828723.53125,7296.85986376063,-12.4773104052555 
1650000,116461558.78125,-26650871.03125,7292.21595857841,-12.8895348914805 
1660000,116457094.25,-26683229.96875,7292.39118197758,-12.9051396279977 
1670000,116453865.34375,-26646159.09375,7291.69405270181,-12.8881550486809 
1680000,116234322.96875,-27486425.40625,7290.26354113112,-13.3045730320012 
1690000,116232470.78125,-27507207,7290.44553665574,-13.3144786895934 
1700000,116245219.15625,-27507152.78125,7291.20198422491,-13.3130452055804 
1710000,115999152.71875,-28353856.4375,7288.68511321038,-13.7355729056778 
1720000,115992885.96875,-28327391.125,7287.93014421951,-13.7239505462529 
1730000,115987999.53125,-28324016.625,7287.59154185828,-13.7229337403255 
1740000,115638671.625,-29389769.40625,7282.62979223799,-14.2599081490044 
1750000,115606765.96875,-29448864.09375,7281.63192530067,-14.2911896610106 
1760000,115595679.78125,-29432573.375,7280.73078932986,-14.2849213574909 
1770000,115509504.125,-30028303.5625,7284.69714015208,-14.572279879452 
1780000,115436562.09375,-30059767.40625,7280.8719967433,-14.5957215103303 
1790000,115421105.46875,-30058740.34375,7279.94322144262,-14.5971151540826 
1800000,115183868.03125,-30901315.6875,7279.08734630765,-15.0175841724146 
1810000,115180391.78125,-30900867.46875,7278.87532428136,-15.0178089478102 
1820000,115184003.53125,-30901727.875,7279.1018533967,-15.0177585715593 
1830000,114841185.21875,-31754148.15625,7272.58674115244,-15.4563814655162 
1840000,114840949.625,-31724404.8125,7272.08926624211,-15.4426253317196 
1850000,114855968.8125,-31774271.78125,7273.78385822671,-15.4638125238988 
1860000,114655464.84375,-32557124.5625,7274.89625257067,-15.8522215904028 
1870000,114649322.28125,-32617420.625,7275.54179735952,-15.8809086245465 
1880000,114572810.1875,-32708960.5,7272.58192164484,-15.9333151013712 
1890000,114635821.21875,-32585910.5,7274.22308152608,-15.8681141050061 
1900000,114359448.0625,-33478257.21875,7273.11264779461,-16.3171746988611 
1910000,114345661.875,-33486401,7272.44476298983,-16.3227957131913 
1920000,114359210.96875,-33485464.65625,7273.22236928698,-16.3205326726334 
1930000,113610271.125,-34521591.25,7247.49614369296,-16.9019168278419 
1940000,113614057.90625,-34548564.625,7248.19610767537,-16.9138377813636 
1950000,113615096.5,-34507529.875,7247.52847770035,-16.8947479097931 
1960000,113428830.375,-34975983.75,7245.02447335521,-17.137240580367 
1970000,113435604.875,-34979034.09375,7245.47447159166,-17.1376840222343 
1980000,113440640.875,-34973241.5,7245.66403480915,-17.1342960896409 
1990000,113254080.3125,-35757120.96875,7249.04438599527,-17.5221983916492 
---------------------------------------------------------- 

