Barrido en frecuencia desde 10000 hasta 2000001 con incrementos 10000
N: 64 | Fuente: Highspeed_ADC 
 
Formato: frecuencia,X,Y,R,phi 

10000,121747925.387695,-19409.9560546875,7431.13052369364,-0.00913451748359894 
20000,121731497.51416,-42133.1040039063,7430.12816587486,-0.0198309311074668 
30000,121708395.293457,-115836.23828125,7428.72099472911,-0.0545313702329625 
40000,121676394.363281,-285405.920898438,7426.7848194196,-0.134393567553618 
50000,121620909.911133,-659970.28125,7423.48707828971,-0.310909864073234 
60000,121544139.280273,-1194995.58300781,7419.0504841366,-0.563301512032889 
70000,121433378.276367,-1972446.05761719,7412.9091140814,-0.930575255690897 
80000,121326490.036133,-2835360.54345703,7407.4291964424,-1.33874002159085 
90000,121170402.169434,-3729698.43408203,7399.38290164756,-1.76304217198943 
100000,120994946.332031,-4778108.26464844,7390.92707167351,-2.26144371400085 
110000,120788093.126953,-6035045.03857422,7381.74177464503,-2.86034239666623 
120000,120546217.514648,-7273492.11328125,7371.16314401964,-3.45291437363744 
130000,120311054.957031,-8261152.36376953,7360.71945723448,-3.92804606297501 
140000,120032552.537109,-9653071.11816406,7350.08265026183,-4.59785690749081 
150000,119723752.844727,-10810570.9042969,7337.31116318121,-5.15958498231514 
160000,119357243.59375,-12178274.2504883,7323.03369992486,-5.82584968447567 
170000,118979630.353516,-13815184.1826172,7310.95383501481,-6.62317491353223 
180000,118694248.226563,-14676306.9492188,7299.91481976025,-7.04873181737558 
190000,118169895.949707,-16157297.8598633,7279.84678753816,-7.78573861692438 
200000,117768748.373535,-17407602.1118164,7266.35461785947,-8.40810657441885 
210000,117321353.606445,-18947797.0541992,7253.73522847575,-9.17424532709316 
220000,116828703.5625,-20270657.3725586,7237.4168819067,-9.84325214471737 
230000,116330945.688477,-21302806.9995117,7218.56582864994,-10.377167186679 
240000,115770105.093262,-22550301.0722656,7199.06561221432,-11.0223512725041 
250000,115244305.918945,-23963970.6201172,7184.63582712007,-11.7467215396893 
260000,114567363.672363,-25385232.1992188,7162.45187678638,-12.4934498834583 
270000,113939411.879883,-26836728.5737305,7144.82553523016,-13.2536011210716 
280000,113371575.057617,-28492003.5419922,7135.04432294604,-14.1071458841728 
290000,112498160.018066,-29708746.9077148,7101.95175034983,-14.7930733848173 
300000,112269956.23291,-30219366.4355469,7096.52228218315,-15.065080921616 
310000,111370149.901367,-31692710.9824219,7067.58557188048,-15.884814111823 
320000,110815360.912598,-32648092.5131836,7051.27956497002,-16.4158712408101 
330000,109946039.667969,-33980356.9052734,7023.97834278783,-17.1744934737118 
340000,109510923.249512,-34850484.3989258,7014.53147570033,-17.6530221431121 
350000,108426873.299316,-36385185.2890625,6980.7429275206,-18.5503879345306 
360000,107948988.482422,-37292320.7875977,6970.97840007313,-19.0581085283568 
370000,107117370.181641,-38370890.1035156,6944.94431271669,-19.7082105840017 
380000,106094240.574219,-39859810.9038086,6917.62251396996,-20.5912963493856 
390000,105476005.086914,-40855310.6035156,6904.0245515411,-21.1734894700602 
400000,104640724.436035,-41928952.7094727,6880.61255838499,-21.8356999068409 
410000,104249652.939941,-42622746.8271484,6874.37502572168,-22.23732850268 
420000,102757796.541992,-44729804.9228516,6840.48278934018,-23.5231811506915 
430000,101564554.179199,-45601877.3554688,6795.3941339642,-24.179795075678 
440000,101184295.024414,-46169841.4658203,6788.5447719764,-24.5269551610003 
450000,101001750.675293,-46405881.5249023,6784.41209365542,-24.6767094217694 
460000,99672815.6772461,-47326173.6875,6734.69226835611,-25.3990811302934 
470000,98941880.746582,-48010497.184082,6712.54698635572,-25.8844879457581 
480000,98002654.5253906,-48871690.5771484,6684.30950910971,-26.5043869890355 
490000,96973852.5688477,-49760951.0263672,6652.77756550636,-27.1640744715892 
500000,96034927.4633789,-50667458.2607422,6627.47884058299,-27.815863250821 
510000,95055882.5673828,-51457079.8769531,6597.49244581535,-28.4282359726962 
520000,94040956.6894531,-52265412.9619141,6566.90672791895,-29.064118080926 
530000,93261713.3544922,-53097868.7714844,6550.36446455903,-29.6547037559077 
540000,92111955.9492188,-53817691.9868164,6511.52473011634,-30.296202650284 
550000,91125678.2841797,-54553796.8071289,6482.58141256976,-30.9075005831401 
560000,90405691.9848633,-55311279.9663086,6468.92397100336,-31.4587917654125 
570000,89140165.081543,-55950585.2558594,6423.81989023901,-32.1152489004047 
580000,88921496.9692383,-56271202.6982422,6422.96261955525,-32.3264012805141 
590000,87508769.3203125,-57290139.7763672,6384.11762784956,-33.2119203013247 
600000,86232194.0708008,-57904918.3583984,6339.91338518414,-33.8813605942056 
610000,86079435.387207,-58262658.1225586,6344.3882657248,-34.0920117373533 
620000,84634902.659668,-59175240.137207,6303.31744394191,-34.9605711283231 
630000,84594724.878418,-59169747.668457,6301.11564610039,-34.9708504364046 
640000,83163886.6381836,-60048873.5810547,6261.01164727913,-35.8313436904198 
650000,81722927.0112305,-60575089.6782227,6208.9915520603,-36.5467728626023 
660000,81705497.9223633,-60900720.1674805,6219.99451139428,-36.699692981731 
670000,80217374.2753906,-61710099.6943359,6177.40574915217,-37.5705785980447 
680000,79240450.0458984,-61919561.0932617,6138.11550695643,-38.0045509100562 
690000,78765781.480957,-62492336.5297852,6136.98025354431,-38.4282902152401 
700000,77242790.5087891,-63251418.8071289,6093.68074927606,-39.3128468318568 
710000,77256270.5878906,-63240783.1757813,6093.90613885585,-39.3032233826273 
720000,75789055.8178711,-63965913.6606445,6053.32741942805,-40.1643439724006 
730000,74304437.034668,-64653816.4624023,6011.84128119778,-41.0271996421303 
740000,74306743.5380859,-64655460.375,6012.01335155012,-41.0270403364822 
750000,72880390.6142578,-65329843.8876953,5974.00577995224,-41.872989565402 
760000,71402053.0395508,-65971108.894043,5933.61464619283,-42.7360336572226 
770000,71412806.9746094,-65977969.4755859,5934.38092944543,-42.7347025105771 
780000,69980347.4262695,-66601416.0458984,5896.63020363575,-43.5828340413094 
790000,68531586.3696289,-67280454.1640625,5861.85428630779,-44.472192841151 
800000,68535242.3691406,-67280905.4970703,5862.03282568991,-44.4708569875629 
810000,67128354.1889648,-68038688.1196289,5833.89994917258,-45.385874416543 
820000,67130791.855957,-68041590.9960938,5834.13057539661,-45.3860563517327 
830000,65447252.6542969,-68979853.5917969,5803.83520942295,-46.5053255058635 
840000,63038115.2568359,-69573422.7524414,5730.41888480577,-47.8213445705919 
850000,63037003.1044922,-69578441.1049805,5730.60030020312,-47.8239038303381 
860000,61355984.0991211,-69126726.1645508,5641.57114849003,-48.4081563783021 
870000,60452476.3955078,-69577601.1445313,5625.86004053405,-49.0142664716322 
880000,60452289.1728516,-69576607.5166016,5625.80676404707,-49.013949215585 
890000,60060865.1713867,-70246966.5678711,5641.20224850323,-49.469694708447 
900000,59842310.0952148,-69692456.425293,5606.82101235171,-49.348544926172 
910000,59855922.0546875,-69679334.5717773,5606.75473564857,-49.3367714885588 
920000,58168847.1572266,-69162402.0688477,5516.02202885992,-49.9345793091923 
930000,56512132.9458008,-69227935.2641602,5454.58172463616,-50.7745579807036 
940000,56482353.7890625,-69224427.5087891,5453.26659397872,-50.7879294227962 
950000,54910357.0385742,-69435759.7319336,5403.23191733532,-51.6627692225161 
960000,54911259.7211914,-69430467.1069336,5403.01271016216,-51.6601860030072 
970000,53709497.9169922,-69609451.7236328,5366.46479472695,-52.3468181120822 
980000,52332586.6430664,-69771072.1308594,5323.42965531285,-53.127851660734 
990000,52332708.4516602,-69753670.7138672,5322.58447585627,-53.1209271955006 
1000000,51111532.4033203,-69912450.3496094,5286.01004295414,-53.8302420539246 
1010000,49820011.8999023,-69942245.894043,5241.35346368495,-54.5376475940305 
1020000,49818765.5444336,-69941599.0161133,5241.27716905198,-54.5380745275942 
1030000,48602394.4570313,-70072896.1030273,5205.13860435744,-55.2549149408456 
1040000,48604051.4047852,-70074077.4360352,5205.25549252237,-55.2544525489307 
1050000,46034656.9956055,-70102913.8764648,5118.96782972421,-56.7081941205449 
1060000,46036575.0883789,-70100663.0317383,5118.91725726751,-56.7062546952873 
1070000,46044924.9145508,-70109484.1132813,5119.64706249698,-56.7047948181913 
1080000,43776671.0732422,-70120015.0131836,5045.51855445273,-58.023028451556 
1090000,43779778.8378906,-70122198.6962891,5045.73207118801,-58.0220028367269 
1100000,43783062.0029297,-70125203.0830078,5045.99375076271,-58.0211754329029 
1110000,41565547.1040039,-70062640.0410156,4972.35153235162,-59.3209270512526 
1120000,41562575.3496094,-70060719.1474609,4972.15814862473,-59.3220353386624 
1130000,41598671.6738281,-70107755.8823242,4975.75145683667,-59.3170832060328 
1140000,41561231.128418,-70037587.2041016,4970.90202284503,-59.3145455174835 
1150000,39344699.3330078,-69959048.3647461,4899.06164574037,-60.6467667434919 
1160000,39401355.2446289,-69949847.0273438,4900.26837040622,-60.6083053832713 
1170000,39379354.0727539,-69927866.7148438,4898.44041195506,-60.6142894704476 
1180000,37259547.6474609,-69702757.1162109,4824.14459032662,-61.873307204674 
1190000,37258043.8134766,-69706638.8818359,4824.31027403179,-61.8755951442213 
1200000,37266643.7314453,-69712228.6674805,4824.8586200894,-61.8720076109133 
1210000,35231901.1455078,-69440646.7661133,4752.77762562024,-63.0982608498842 
1220000,35221931.0341797,-69452293.0556641,4753.13628924605,-63.1086797034056 
1230000,35234600.2416992,-69446282.1103516,4753.15890841519,-63.0983658919762 
1240000,33300212.1928711,-69154084.7548828,4684.84133847685,-64.2874897168593 
1250000,33305618.8774414,-69164634.7958984,4685.56469566443,-64.2872701867884 
1260000,33308555.4443359,-69147897.3964844,4684.72205662036,-64.2798742242236 
1270000,31365861.2387695,-68823808.9521484,4616.48679295903,-65.4992799991539 
1280000,31372077.0893555,-68832609.1948242,4617.13290661467,-65.4977600991833 
1290000,31371878.5,-68832204.8139648,4617.10542011351,-65.4977699435896 
1300000,29518168.8847656,-68453447.152832,4550.10270774401,-66.6735587804755 
1310000,29521362.2207031,-68454518.4794922,4550.23993517726,-66.6716311286274 
1320000,29519517.4658203,-68458037.9169922,4550.39260497302,-66.6740041105442 
1330000,27726243.359375,-68018469.1572266,4483.31621706924,-67.8228073801314 
1340000,27729543.5561523,-68023347.9204102,4483.66800877031,-67.8218601325945 
1350000,27724720.2636719,-68019290.1337891,4483.32752938506,-67.8241492897973 
1360000,25984382.8037109,-67534242.003418,4416.67765866889,-68.9553393355458 
1370000,25984035.8188477,-67536660.6445313,4416.80783407712,-68.9562834322447 
1380000,25988515.4570313,-67537415.2485352,4416.94900854133,-68.9531877194236 
1390000,25988210.0336914,-67537244.5019531,4416.93258701122,-68.953364858497 
1400000,24346007.3383789,-67022252.4477539,4352.37618925028,-70.0363160535056 
1410000,24271675.1875,-67030466.2290039,4351.30062129021,-70.0947212183718 
1420000,24273276.1079102,-67065792.7006836,4353.36134026539,-70.1031739577653 
1430000,22653130.0991211,-66515297.5112305,4288.8872627028,-71.1926856464694 
1440000,22647428.5834961,-66518610.8764648,4288.96652927813,-71.1979573500755 
1450000,22629335.2631836,-66547398.8701172,4290.27426542342,-71.2194820147181 
1460000,21074746.7558594,-66003859.4248047,4229.05697425286,-72.2919422866787 
1470000,21023401.1381836,-66003531.6201172,4228.08570934841,-72.3323169107268 
1480000,21096773.6030273,-65993158.2807617,4228.84395325223,-72.2718978772717 
1490000,19600215.6577148,-65449596.5576172,4170.13657235418,-73.3285991785651 
1500000,19605150.371582,-65451118.3291016,4170.3119696915,-73.3250010444388 
1510000,19603734.2578125,-65455005.5551758,4170.51445762547,-73.3270739052723 
1520000,18169447.7856445,-64890050.2509766,4113.02899152768,-74.3575621826368 
1530000,18168936.9887695,-64889697.7626953,4112.99986711517,-74.3578996007146 
1540000,18166056.8374023,-64896295.9887695,4113.34029771194,-74.3617701781195 
1550000,16861796.1689453,-64280499.7094727,4056.23152952291,-75.3015655251198 
1560000,16801555.5771484,-64318266.7646484,4057.53044658279,-75.3600467142678 
1570000,16841994.1289063,-64235363.1342773,4053.26003859363,-75.3082103485039 
1580000,15432437.1245117,-63670726.3579102,3998.79664188806,-76.3754618591588 
1590000,15414710.0410156,-63703795.8735352,4000.50372269974,-76.3973321568809 
1600000,15450234.9570313,-63696135.0957031,4000.55982713113,-76.3655734701496 
1610000,14151725.7856445,-63057595.0478516,3944.58394021142,-77.3509563207674 
1620000,14144803.0185547,-63089265.0161133,3946.3776253208,-77.3630878112826 
1630000,14150908.0927734,-63091332.762207,3946.58231358634,-77.3582098547583 
1640000,14153928.0668945,-63087522.7114258,3946.39574549809,-77.3548596043103 
1650000,12888650.2553711,-62463530.3496094,3892.90352054281,-78.3412789204313 
1660000,12885522.6704102,-62463092.9467773,3892.83880072578,-78.3439512373529 
1670000,12886091.6625977,-62472132.324707,3893.38617693782,-78.3450911133743 
1680000,11664362.0327148,-61841443.9418945,3841.17435714953,-79.3185185486653 
1690000,11661662.2094727,-61840200.6650391,3841.06924546755,-79.3207242463614 
1700000,11665546.9580078,-61842266.3222656,3841.23708877937,-79.31759722775 
1710000,10447913.730957,-61159544.8618164,3787.07470010288,-80.3057151768616 
1720000,10444303.9438477,-61159437.0439453,3787.03111764909,-80.3089842958946 
1730000,10446878.1289063,-61161581.0527344,3787.18656530419,-80.3069744356479 
1740000,8989991.19042969,-60292894.6376953,3720.78237457174,-81.5193744919927 
1750000,8990947.22265625,-60292906.2998047,3720.79168471443,-81.5184873611762 
1760000,8990759.68798828,-60295644.7729492,3720.95531685373,-81.5190412954877 
1770000,8169356.71582031,-59834524.9375,3686.00367411617,-82.2253361752201 
1780000,8168987.22314453,-59829807.6254883,3685.71533934352,-82.2250780428537 
1790000,8170040.65625,-59835958.4125977,3686.09601225524,-82.2248772327223 
1800000,7085479.03125,-59140729.5024414,3635.58840135582,-83.1681225476401 
1810000,7086808.89257813,-59144435.5185547,3635.82265554322,-83.1672765272379 
1820000,7087999.19726563,-59149751.2939453,3636.15345394548,-83.1667481014227 
1830000,6038364.70166016,-58437900.4077148,3585.86645043964,-84.1005867650617 
1840000,6038009.30224609,-58439105.934082,3585.93741298704,-84.1010523699098 
1850000,6038225.90136719,-58442988.0874023,3586.17447205718,-84.101231347805 
1860000,4968430.51513672,-57794696.0136719,3540.62704343368,-85.0865400172298 
1870000,4985443.70849609,-57801987.8984375,3541.15956593645,-85.0704167393223 
1880000,5037891.16601563,-57810881.0595703,3541.97685098423,-85.0195789211324 
1890000,5064660.87695313,-57817676.9589844,3542.53229524077,-84.9938342542796 
1900000,3959386.33837891,-57028119.8452148,3489.20572924172,-86.0284037066452 
1910000,3963282.50585938,-57028353.5078125,3489.23643626974,-86.0245242860788 
1920000,3965690.62451172,-57028790.8530273,3489.27325964129,-86.0221469188878 
1930000,2656718.30078125,-55947763.9394531,3418.73265631721,-87.2813124672381 
1940000,2661478.26123047,-55947644.2138672,3418.73914986654,-87.2764429866164 
1950000,2666003.19238281,-55951465.8823242,3418.98528355941,-87.2720055638892 
1960000,2141571.58349609,-55560520.0883789,3393.76678006285,-87.7926358437798 
1970000,2145125.734375,-55558073.7954102,3393.6259392358,-87.7888788787888 
1980000,2145555.94921875,-55560480.5864258,3393.77374638938,-87.7885315748466 
1990000,1290707.61279297,-54880717.1010742,3350.68164330554,-88.6527423012694 
2000000,1315456.84912109,-54870292.2041016,3350.08137930865,-88.6266577434308 
---------------------------------------------------------- 

