Barrido en frecuencia desde 10000 hasta 2000001 con incrementos 10000
Metodo usado: LI de 64 ciclos
Formato: frecuencia,X,Y,R,phi 

10000,121754758.874512,-12840.5083007813,7431.54756624683,-0.00264469662335457 
20000,121739598.125,-38232.6166992188,7429.93875236531,-0.0197046246321708 
30000,121723664.719727,-110238.928710938,7429.28890945293,-0.0608424744171519 
40000,121687697.140625,-268857.354492188,7427.68675833062,-0.0742592617937898 
50000,121638298.110352,-627252.932617188,7423.49287184457,-0.327992259301619 
60000,121562377.529785,-1150020.62744141,7425.17081036317,-0.15929957482479 
70000,121468100.65625,-1913518.37695313,7418.8407373218,-0.460672130103069 
80000,121353861.143555,-2762841.43896484,7401.58894541113,-1.93512956110914 
90000,121199851.469727,-3648690.28955078,7413.48686989241,-0.851948558683652 
100000,121027111.212891,-4689641.23583984,7377.43759392308,-3.33438094155957 
110000,120826827.827637,-5936808.69091797,7388.28653733197,-2.0663813957082 
120000,120591093.099121,-7164292.21142578,7401.61892417174,-2.00149025718841 
130000,120358852.762207,-8146558.77294922,7312.76591256123,-5.77225652841681 
140000,120089900.664063,-9532548.60351563,7341.82265822193,-5.99235284739326 
150000,119786360.561035,-10678123.9785156,7339.27453825982,-5.16824837766822 
160000,119438513.414063,-12045578.3818359,7328.230585695,-4.62442882586668 
170000,119044538.060059,-13664442.4331055,7331.59490153589,-4.27151143916473 
180000,118759329.530273,-14510395.4936523,7372.14076208813,-4.50024496949222 
190000,118265115.785156,-16002079.527832,7216.05470686598,-8.90827214371729 
200000,117864154.257813,-17277087.4829102,7191.33513753654,-10.9369496758421 
210000,117428975.213379,-18806009.5668945,7254.42538383214,-10.7286600415494 
220000,116931358.197754,-20107209.1040039,7259.66877685864,-10.4611602042161 
230000,116450768.086914,-21140528.402832,7243.8591344022,-10.2287474884778 
240000,115895328.072266,-22379715.9707031,7221.14954634379,-10.5895289853262 
250000,115377188.174316,-23794642.9277344,7193.13010394112,-11.2546265144809 
260000,114678990.160645,-25236304.4995117,7164.15819896879,-11.8843625252492 
270000,114084805.311523,-26673212.9946289,7139.77617109757,-12.5700794980571 
280000,113515972.792969,-28321776.9921875,7117.38562593084,-13.3795364827935 
290000,112660638.529785,-29549579.4174805,7087.40282832868,-13.890276706073 
300000,112440251.270508,-30049240.9829102,7087.67723253586,-13.9100994490617 
310000,111548008.981445,-31522160.425293,7069.78230542744,-14.3284210170993 
320000,110996217.911133,-32478895.3774414,7072.34029705911,-14.4955582213241 
330000,110133908.916992,-33812997.6020508,7093.79504569849,-14.554338784206 
340000,109701888.959961,-34684811.4379883,7130.93672557161,-14.6324482688509 
350000,108649637.27832,-36215011.4033203,7240.25104088531,-15.6324898158459 
360000,108153338.59375,-37121876.5048828,7281.13902711303,-17.548101125017 
370000,107329353.934082,-38212944.0727539,7103.29815298846,-21.1577824313257 
380000,106323426.510254,-39726678.3344727,6535.93221954232,-25.880545891235 
390000,105761078.253418,-40699509.3569336,6393.73660556129,-28.2380828535256 
400000,104880457.144531,-41793142.2900391,6435.75491283977,-30.3039041046374 
410000,104481757.232422,-42467530.9492188,6513.26799900048,-30.8891482648928 
420000,103005110.293457,-44572128.6650391,6679.49000554882,-31.3267356743277 
430000,101812940.689941,-45455777.0493164,6694.94490196567,-31.2990566734888 
440000,101454613.922363,-46054828.2167969,6734.99230456178,-30.8948128711657 
450000,101268264.535645,-46260382.3413086,6767.44657529674,-30.3038570263647 
460000,99941466.5224609,-47187651.5874023,6738.65529697576,-29.9845454017797 
470000,99202085.5927734,-47878042.3535156,6725.82496090349,-29.9628109560488 
480000,98188500.8105469,-48763513.7270508,6708.39137015511,-30.0673044273444 
490000,97237591.1259766,-49657435.3754883,6684.92747125149,-30.2194622074816 
500000,96360433.3569336,-50564800.9458008,6662.12104855061,-30.3416965087959 
510000,95330985.2441406,-51365441.3457031,6639.29231597998,-30.585784267587 
520000,94318625.5288086,-52161162.1171875,6609.04942643635,-30.871821941678 
530000,93551872.3691406,-52992304.2246094,6586.13927164974,-31.103343372221 
540000,92411430.1494141,-53721720.3071289,6557.50743850414,-31.5018469435105 
550000,91425051.6728516,-54461753.4296875,6528.2061053496,-31.8907512631784 
560000,90711787.4506836,-55217903.9858398,6502.36335968109,-32.2443238285574 
570000,89448449.5737305,-55872375.1723633,6469.70722301485,-32.7068400980631 
580000,89276393.8720703,-56250675.2348633,6460.78515177245,-32.8349739662752 
590000,87829053.8745117,-57255454.7944336,6418.11262461372,-33.4188538082043 
600000,86486370.5170898,-57854712.6621094,6382.09547993631,-33.8825634320056 
610000,86400520.4243164,-58206542.5795898,6375.05189038765,-34.0054282371093 
620000,84943351.9516602,-59130177.0625,6329.75619497217,-34.5750397954344 
630000,84889316.1533203,-59150397.3540039,6327.37796959347,-34.6293710795502 
640000,83489975.1987305,-60014048.6035156,6288.88504766304,-35.0549050053416 
650000,82049213.2856445,-60550516.2592773,6254.14948156796,-35.4037036125431 
660000,82032774.7792969,-60873257.159668,6246.76769003387,-35.4754573641295 
670000,80544067.3076172,-61692886.8759766,6208.42259738858,-35.8035824910601 
680000,79568648.105957,-61908380.5820313,6189.95245056911,-35.9532139311354 
690000,79090589.0126953,-62486742.7617188,6168.74125214988,-36.1091392084353 
700000,77582549.7524414,-63244272.1767578,6125.70471183733,-36.4610531125434 
710000,77585686.8569336,-63245429.6669922,6126.08228301254,-36.4606337487663 
720000,76133443.2050781,-63981130.1123047,6082.91727345312,-36.8510199411725 
730000,74630192.5327148,-64674926.9008789,6039.34481940735,-37.2856694433667 
740000,74630145.7011719,-64673359.0766602,6039.22678003262,-37.2832838863022 
750000,73194829.2836914,-65346969.7719727,5995.67843709995,-37.738343652777 
760000,71736314.050293,-66000009.8881836,5955.44609881489,-38.2018581551211 
770000,71760093.6000977,-66060013.5317383,5958.78403135627,-38.2160880937266 
780000,70294022.8876953,-66615740.6982422,5917.22519175228,-38.7170932863469 
790000,68857441.6113281,-67334354.6289063,5881.9735337792,-39.2444861985206 
800000,68856023.9604492,-67327175.9223633,5881.71675850259,-39.2495414133773 
810000,67444795.730957,-68098443.9614258,5848.86959660003,-39.9174435420481 
820000,67442577.6206055,-68097048.0498047,5848.58191224589,-39.9178828436927 
830000,65760927.9584961,-69044495.0395508,5818.22199243941,-40.7964791297832 
840000,63329030.2036133,-69655306.6152344,5740.79104627384,-41.9188092247837 
850000,63348521.2231445,-69649778.0166016,5741.5930729434,-41.9091325554601 
860000,61660397.6933594,-69200247.5493164,5654.34405183567,-42.2811669755188 
870000,60763572.9423828,-69657223.9926758,5636.67691852183,-42.7004958287117 
880000,60762336.284668,-69658230.3017578,5636.71393191429,-42.701810065117 
890000,60385531.0112305,-70329692.8237305,5653.2712127596,-42.9864840063494 
900000,60156114.8017578,-69781691.5644531,5615.90767882516,-42.7319342233971 
910000,60147724.4575195,-69772566.6083984,5615.29219544396,-42.7307581453977 
920000,58475657.5180664,-69257593.0791016,5525.71081747492,-43.1863897418665 
930000,56837450.4814453,-69327094.3081055,5464.84043896217,-43.9046830281597 
940000,56799816.2929688,-69336357.3496094,5463.22358198588,-43.9326781405986 
950000,55212629.0913086,-69540730.5791016,5411.93822042899,-44.7040553790515 
960000,55207569.640625,-69543716.5161133,5411.66226381189,-44.7063962440186 
970000,54007564.8300781,-69720473.3144531,5371.52361814127,-45.3271304797017 
980000,52616748.9448242,-69891212.8994141,5329.08219509556,-46.0126827751588 
990000,52601996.8369141,-69885191.484375,5328.5700332957,-46.0233119269063 
1000000,51394055.9365234,-70040245.3530273,5293.4364716316,-46.6423089191572 
1010000,50047745.6308594,-70126838.0126953,5253.57794927698,-47.2701334573344 
1020000,50052695.0878906,-70105835.2236328,5253.49770700822,-47.2629975837627 
1030000,48866458.8442383,-70206021.3129883,5215.6992653433,-47.8425399678655 
1040000,48836814.9702148,-70218795.7529297,5215.06663233344,-47.8653090377834 
1050000,46278211.8886719,-70264406.0625,5131.05156029732,-49.2187956495485 
1060000,46301018.012207,-70255618.6967773,5131.29026758284,-49.2012772540591 
1070000,46301267.128418,-70255263.4482422,5131.57637094124,-49.2001043351973 
1080000,44013125.4379883,-70307911.3022461,5052.84458706818,-50.5813685461864 
1090000,44009299.9013672,-70297851.4863281,5052.5070057401,-50.5798890541651 
1100000,44042305.5952148,-70352475.3310547,5056.36842817872,-50.5794358048081 
1110000,41799048.9052734,-70225186.5107422,4969.15149654389,-51.9511295415449 
1120000,41798353.0605469,-70222181.9072266,4969.15705815902,-51.9493214846241 
1130000,41803858.0126953,-70223100.15625,4968.97724948519,-51.9562670284453 
1140000,41809461.9394531,-70223045.2763672,4969.13657393625,-51.9418773504968 
1150000,39604391.0932617,-70093247.9052734,4889.55139072295,-53.2556828303743 
1160000,39599879.1660156,-70105736.8227539,4889.936342935,-53.260648623054 
1170000,39600579.7314453,-70096050.5927734,4889.68576669364,-53.2578800989173 
1180000,37483954.734375,-69874046.9111328,4810.20093774618,-54.4537407970342 
1190000,37485320.6586914,-69878318.4394531,4810.20849234667,-54.4632818433624 
1200000,37486636.6669922,-69879829.9887695,4810.76904515741,-54.4572250441481 
1210000,35440981.6318359,-69620397.7558594,4730.64974898999,-55.6020400984061 
1220000,35444890.5322266,-69620765.6245117,4731.01130642749,-55.6019297669816 
1230000,35443712.1425781,-69620664.4130859,4731.06564208354,-55.6008887754381 
1240000,33507098.9975586,-69340259.2587891,4658.48189904204,-56.6174990777099 
1250000,33474584.7915039,-69327639.7915039,4653.39449324358,-56.6374267966177 
1260000,33502809.0332031,-69372415.1762695,4658.38602952714,-56.630234268124 
1270000,31558645.565918,-69013206.9233398,4588.97919426201,-57.4736954957315 
1280000,31560492.4643555,-69013903.3540039,4588.96480354184,-57.4732222365572 
1290000,31564669.6777344,-69011565.9926758,4589.32424564551,-57.469645092399 
1300000,29702716.5351563,-68636570.6181641,4525.61639117601,-58.174257161955 
1310000,29703296.3945313,-68640499.090332,4526.02458902303,-58.175703064853 
1320000,29702098.4941406,-68643145.6875,4526.29967604467,-58.1758910917329 
1330000,27902605.972168,-68208604.2001953,4466.38869578494,-58.748240550362 
1340000,27901197.2260742,-68211022.1186523,4466.36214899462,-58.7456177851413 
1350000,27906409.5620117,-68210647.0195313,4466.73713079393,-58.7472654352749 
1360000,26150656.4604492,-67732001.3862305,4407.70958995222,-59.230803054246 
1370000,26143881.28125,-67808010.878418,4411.71660751834,-59.2333248718696 
1380000,26173643.2192383,-67729308.0136719,4407.69353128118,-59.2165469104165 
1390000,26084684.5205078,-67766864.9033203,4408.02462403412,-59.2928144065234 
1400000,24449635.1630859,-67226832.2094727,4346.76790769876,-59.6864827810228 
1410000,24453732.9873047,-67228760.8837891,4347.41556655441,-59.6795812552403 
1420000,24454979.1445313,-67228253.2915039,4346.75769792667,-59.6815210656632 
1430000,22798340.0849609,-66715732.7666016,4283.20538975919,-60.1552177544804 
1440000,22797523.340332,-66718751.3813477,4283.44895049156,-60.1388654729494 
1450000,22800566.6625977,-66718125.4814453,4283.46729457097,-60.1517247866119 
1460000,21233855.0180664,-66185814.2158203,4219.43270827219,-60.6425954847615 
1470000,21233864.4887695,-66186663.0732422,4219.08628591948,-60.6422375705163 
1480000,21233694.5996094,-66194554.6098633,4219.82877431278,-60.6445587965063 
1490000,19732620.6660156,-65648087.6479492,4155.78912404005,-61.1726665029989 
1500000,19733083.0957031,-65645439.6044922,4155.98210690812,-61.1584282455162 
1510000,19715063.171875,-65648951.2963867,4155.61412610547,-61.1853367244788 
1520000,18289969.5175781,-65091759.3276367,4093.31271607913,-61.7397046441798 
1530000,18288195.4570313,-65085092.7529297,4092.36105358996,-61.7337012318477 
1540000,18290895.793457,-65083923.5644531,4092.777600548,-61.7365607893713 
1550000,16906675.8134766,-64521117.0488281,4035.19186781441,-62.3097472910318 
1560000,16905917.1894531,-64550351.6132813,4035.67212902452,-62.2927050592747 
1570000,16937647.8857422,-64500182.7436523,4032.72193399345,-62.2997794124221 
1580000,15581425.6567383,-63895173.0170898,3972.45947058406,-62.9256989463588 
1590000,15554280.6166992,-63888453.9868164,3972.2653449022,-62.9407461714064 
1600000,15552815.6943359,-63885396.0541992,3971.63924407954,-62.9506413075414 
1610000,14243919.0024414,-63277159.7773438,3913.70265063762,-63.5789080789845 
1620000,14247132.2138672,-63272125.4321289,3913.45788031672,-63.5745594242109 
1630000,14248047.7651367,-63276930.4155273,3913.61903465814,-63.571329929455 
1640000,14248572.4736328,-63275007.1328125,3913.62565719069,-63.5735012258996 
1650000,12977492.0454102,-62657067.2163086,3856.68907142902,-64.2142619699124 
1660000,12981540.5,-62659041.4838867,3856.68097017124,-64.2091531558484 
1670000,12981295.4482422,-62657619.2636719,3856.90574858813,-64.2129892591663 
1680000,11747173.2680664,-62031193.9775391,3800.71527083562,-64.859185241496 
1690000,11746339.4614258,-62029055.9365234,3800.68995224958,-64.8585894059515 
1700000,11748637.7280273,-62032173.2314453,3801.00104267176,-64.8568927474054 
1710000,10525700.2163086,-61350426.7250977,3743.96581178333,-65.5159349846952 
1720000,10520305.953125,-61346749.5776367,3743.74028351977,-65.5216071855609 
1730000,10523860.230957,-61351125.8129883,3744.15763904882,-65.5204708223964 
1740000,9057042.140625,-60484175.4990234,3677.11555309383,-66.3381898579833 
1750000,9060214.92285156,-60486335.1547852,3677.3431200722,-66.3364353946254 
1760000,9060189.33398438,-60486301.5732422,3677.26608488931,-66.3361533457955 
1770000,8240187.56347656,-60020270.4541016,3638.00821152389,-66.8167845740887 
1780000,8235709.70263672,-60019796.3657227,3637.89362839375,-66.8218228637162 
1790000,8237502.51220703,-60020377.2294922,3637.97034549509,-66.817510376465 
1800000,7145548.41503906,-59327539.9042969,3586.62338861057,-67.4586867684623 
1810000,7145888.76416016,-59327398.2539063,3586.77292141979,-67.4590607496763 
1820000,7147003.98828125,-59341260.0463867,3587.49184287789,-67.4586956227011 
1830000,6092085.640625,-58614751.3295898,3535.9810878308,-68.0943195215754 
1840000,6097338.05517578,-58618405.7099609,3536.15363104786,-68.0880364228993 
1850000,6097476.3359375,-58619209.8901367,3536.34434533188,-68.0887391676928 
1860000,5040008.01904297,-57982223.8139648,3486.92113393437,-68.7696237017361 
1870000,5068762.34277344,-57984165.5576172,3486.56631805893,-68.7431585682325 
1880000,5029844.69921875,-57972985.2319336,3485.6474737655,-68.8105601221185 
1890000,5018857.25292969,-57971649.0878906,3485.1992043958,-68.8321656268329 
1900000,4004595.91113281,-57201339.7109375,3428.46652165364,-69.431016859904 
1910000,4002853.37744141,-57199833.0498047,3428.28078117716,-69.4323032723793 
1920000,4004973.47607422,-57206200.8154297,3428.62073141679,-69.4319950347574 
1930000,2688719.84130859,-56118013.1567383,3361.3729341683,-70.2241259590008 
1940000,2699036.10009766,-56121845.4453125,3361.5484376804,-70.2097715009243 
1950000,2691790.31347656,-56121918.6357422,3361.72690629537,-70.2211936731103 
1960000,2175332.35986328,-55736414.1289063,3336.97322386139,-70.5139547277592 
1970000,2179559.99560547,-55732045.7055664,3336.93669461644,-70.5128586093598 
1980000,2175273.16992188,-55732858.987793,3337.13212701308,-70.5123447251111 
1990000,1344028.73632813,-55044356.6362305,3291.08851158805,-71.0043793865424 
2000000,1324110.27099609,-55039387.5258789,3290.05959863667,-71.0064719773896 
---------------------------------------------------------- 

