Barrido en frecuencia desde 100000 hasta 2000000 con incrementos 10000
N: 1 | Fuente: Highspeed_ADC 
 
Formato: frecuencia,X,Y,R,phi 

100000,121578983.125,500844.5,7420.88166355376,0.236028571538707 
110000,121450197.46875,1250182.625,7413.35074043764,0.589769795841599 
120000,122555600.75,1748348.40625,7481.18966473845,0.8173122203398 
130000,120431776.84375,-4259206.6875,7355.39226361528,-2.02548618611762 
140000,121732054.5625,246301.46875,7430.17693009066,0.115926864463456 
150000,123412043.28125,10796545.34375,7561.47368556664,4.9997192329425 
160000,118287832.0625,-14466093.625,7273.72781473791,-6.97240489881372 
170000,120925916.78125,-8969850.78125,7401.23515171693,-4.24222636266696 
180000,122516721.96875,8396377.3125,7495.59601435075,3.92049291019107 
190000,123493093.25,18529745.46875,7622.02949366658,8.53338893909945 
200000,120471562.75,-1683456.46875,7353.94295445601,-0.800592861472945 
210000,117439248.40625,-19850414.28125,7269.81798277392,-9.59385866512646 
220000,119814734.25,-19113271.25,7405.60108022046,-9.06365753656989 
230000,122169599.25,-5814633.71875,7465.30924691943,-2.72492301328776 
240000,123280775.65625,6985754.34375,7536.76212693136,3.24321988430417 
250000,122559943.5625,13205299.375,7523.99044559794,6.14964624151792 
260000,118884410.34375,6450096.53125,7267.02214915611,3.10554872605523 
270000,119756197.8125,3156456.6875,7312.09988805873,1.50981566994352 
280000,124533785.1875,6280527.84375,7610.83134940736,2.88711309587255 
290000,124028278.9375,3623941.6875,7573.54722894938,1.67363046027512 
300000,120565089.8125,-5334802.78125,7366.13422830657,-2.53358938291729 
310000,115581993.03125,-15561357.8125,7118.43248169513,-7.66789653669313 
320000,115642508.84375,-17319496.3125,7137.19692871233,-8.51774035885897 
330000,119307188.59375,-13447295.25,7328.26499151394,-6.43075450634903 
340000,120626287.21875,-8053969.75,7379.06196767261,-3.81985214808773 
350000,123435973.53125,1900414.125,7535.0567342284,0.882053290838681 
360000,124118522.0625,4923514.96875,7581.78266581256,2.27160942334877 
370000,123898490.84375,3457278.1875,7565.33815168371,1.59837346264219 
380000,120934306.3125,-4466232.96875,7386.50163795315,-2.11503305422121 
390000,116823264.125,-10984898.53125,7161.99730815854,-5.37173107980432 
400000,116419816.375,-15451625.34375,7168.23240254806,-7.56030032707508 
410000,117688887.84375,-16561735.78125,7254.15800869817,-8.01033151535369 
420000,119665473.40625,-16841413.15625,7376.00458903959,-8.01104653031564 
430000,119818024.21875,-15206605.59375,7371.9984353902,-7.23297759345918 
440000,120802423.34375,-13156697.78125,7417.02108983824,-6.21563506027543 
450000,120299544.6875,-10408881.375,7370.16007875257,-4.94518362686723 
460000,120819814.9375,-5209985.25,7381.33458116951,-2.46917565395125 
470000,120817020.125,-1654218.53125,7375.00194212755,-0.784440950834648 
480000,120618583.40625,3090907.65625,7364.61561233086,1.46790991583679 
490000,120980245.8125,8911932.15625,7404.28160016086,4.21304720586382 
500000,122196310.4375,14757582.21875,7512.69369637669,6.88623032558539 
510000,123364571.875,22518687.46875,7654.22442861673,10.3447485677079 
520000,125491575.34375,29111406.03125,7863.02972358068,13.0604075332717 
530000,127257867.28125,32597318.5,8018.21783940984,14.3674931984546 
540000,127606189.65625,32719357.96875,8040.66206852675,14.3813196658723 
550000,128818326.09375,29499699.21875,8066.22008101188,12.8984633858146 
560000,128682477.375,23738866.46875,7986.9251219196,10.452202234692 
570000,127175440.09375,16501357.0625,7827.48006193076,7.39297807176686 
580000,125580559.59375,12357257.6875,7702.08309829035,5.61987226624493 
590000,119447381,1079014.1875,7291.00952030417,0.517560761203928 
600000,114160340.25,-5132809.84375,6975.04630736481,-2.57436524062807 
610000,111569567.375,-7413874.5625,6824.89239663428,-3.80175477282327 
620000,105735359.71875,-12104411.21875,6495.92279377762,-6.53069733735571 
630000,106079847.875,-11728421.15625,6514.25144304119,-6.30912302033862 
640000,104671716.78125,-13919039.03125,6445.08954125338,-7.57464082559627 
650000,107744086.625,-13556204.90625,6628.22651110346,-7.17118969903261 
660000,110383416.375,-13563477.375,6788.14707856362,-7.00516361140355 
670000,115677224.5625,-11219286.6875,7093.72346551467,-5.53966861274225 
680000,117319015.5,-10136259.40625,7187.4802877017,-4.93804197320321 
690000,121851931.28125,-9445709.53125,7459.79118438106,-4.43258591911341 
700000,125422250,-9018981.34375,7675.16736899498,-4.11299935727985 
710000,126360209.25,-9094934.3125,7732.60268408754,-4.11683608078985 
720000,127050888,-10024935.46875,7778.91064077548,-4.51156929967236 
730000,126475668.40625,-11870422.59375,7753.62398629921,-5.36181051194451 
740000,126264693.65625,-11940500.375,7741.20468297468,-5.4022365082178 
750000,123002968.65625,-12570331.59375,7546.83767312402,-5.83510485214636 
760000,117810192.4375,-14984510.71875,7248.71510115774,-7.24864139442386 
770000,117589570.40625,-16312238.8125,7246.04697493083,-7.89777110944925 
780000,113296815.125,-19125624.125,7013.13961691851,-9.58175992375599 
790000,110706388.9375,-22165832.28125,6891.30073513834,-11.3221512882567 
800000,111414495.78125,-22093910.84375,6932.83029499512,-11.2164513668025 
810000,111697948.34375,-25072837.8125,6987.36023293083,-12.651476372404 
820000,112276155.4375,-25077519.09375,7021.86192698582,-12.5906800663826 
830000,113031065.34375,-27168375.96875,7095.57442507017,-13.5153445787387 
840000,115617626.90625,-27010802.40625,7246.9782613874,-13.1496978559627 
850000,115329862.90625,-27363459.375,7234.81448273274,-13.3473402457756 
860000,117112474.46875,-26741929.15625,7332.18541972527,-12.8626164395262 
870000,118089588.96875,-25626322.75,7375.60069035865,-12.243772304171 
880000,118815853.96875,-25134720.84375,7412.65919185005,-11.9444531550097 
890000,120196802.4375,-23800471.875,7478.89902791563,-11.200396362416 
900000,121090279.78125,-21180533.65625,7503.20277688929,-9.92153257865519 
910000,121200111.34375,-21439976.0625,7512.54865664281,-10.0316901188179 
920000,121843303.09375,-18730424.15625,7524.31218844158,-8.73940969479474 
930000,122675386.21875,-16510094.71875,7555.24731883925,-7.66501536485504 
940000,122428632.46875,-16267042.9375,7538.35273760782,-7.56853570164008 
950000,123138407.71875,-13551383.09375,7561.37751562738,-6.28012962248032 
960000,122833969.5,-13637094.0625,7543.48276952927,-6.33506583915733 
970000,123547072.375,-11847699.875,7575.53924817163,-5.47769974383276 
980000,124342094.125,-10032867.46875,7614.13626816795,-4.61306621734618 
990000,124324851.125,-9749236.6875,7611.71424737087,-4.48381267431398 
1000000,125220154.6875,-8227828.625,7659.54625842108,-3.7593243069016 
1010000,124550897.1875,-7175701.53125,7614.82170308854,-3.29731412404705 
1020000,124809383.625,-6365360.84375,7627.8937352321,-2.91959292751919 
1030000,124285188.46875,-6135967.28125,7595.23684334527,-2.82640123548624 
1040000,124587550.78125,-6391193.15625,7614.45194114414,-2.93663115852582 
1050000,124082287.15625,-5780248.25,7581.82608801614,-2.6671379488915 
1060000,124372198.125,-6373188.71875,7601.26842991367,-2.93343456374327 
1070000,123855982,-5701703.875,7567.80610783055,-2.63574746016262 
1080000,123077059,-6792792.09375,7523.68958010114,-3.15902788461961 
1090000,122860196.4375,-6459282.90625,7509.37682736856,-3.00951196541076 
1100000,122902316.84375,-6707617.75,7512.75496510786,-3.12392229490122 
1110000,121416124.125,-8268853.71875,7428.0444971471,-3.89602281728019 
1120000,121078490.15625,-8522563.5,7408.55530504992,-4.0263374297267 
1130000,121087257.40625,-8897301.03125,7410.7301380423,-4.20245140657688 
1140000,121314499.46875,-8632901.15625,7423.40012513113,-4.0703824220507 
1150000,119677791.78125,-10659393.40625,7333.69282715152,-5.08975718948222 
1160000,120043991.34375,-10686355.15625,7356.10242782201,-5.08707948756678 
1170000,119659247.9375,-11068663.09375,7334.82415959458,-5.2849078123587 
1180000,118316727.78125,-13828278.59375,7270.85650550721,-6.6662063666778 
1190000,117707443.34375,-13919968.65625,7234.57543164007,-6.74441931227704 
1200000,118416180.15625,-13940728.25,7277.68506918513,-6.71432904801382 
1210000,117726789.40625,-16417815.3125,7255.23031220803,-7.93909001629626 
1220000,117637507.59375,-16362466.78125,7249.36689819418,-7.91859416667911 
1230000,117421077.5,-16622291.5,7238.48865454726,-8.05733311080815 
1240000,117494638.90625,-18498303.1875,7259.85947067677,-8.94717898512977 
1250000,117336138.71875,-18927483.34375,7254.42856801753,-9.16344151424597 
1260000,117667524.375,-18540283.5,7270.68204548949,-8.95419270813228 
1270000,117643776.625,-20359970.46875,7287.36676355564,-9.81861384729008 
1280000,117869149.59375,-20093860.5,7298.17459869754,-9.67454967056103 
1290000,118016219.5625,-19998812.28125,7306.05227701207,-9.61786988376539 
1300000,117959139.8125,-21093461.96875,7314.08225595841,-10.1384770829802 
1310000,118229152.15625,-21431730.25,7333.96078416835,-10.2745958038604 
1320000,117874961.65625,-21318907.03125,7311.46101013925,-10.2517140561744 
1330000,118224435.40625,-22161887.84375,7341.75794731359,-10.6172236448374 
1340000,118042703.96875,-22317457.0625,7332.61384076492,-10.7061188462648 
1350000,118101391.59375,-22159439.71875,7334.3488678196,-10.6268860276552 
1360000,118248640.78125,-22821498.9375,7350.73303628287,-10.9235455093155 
1370000,118347581.21875,-22966060.84375,7358.33855424188,-10.9820951099596 
1380000,118097657.90625,-22997736.875,7343.73323124015,-11.0195761669347 
1390000,118244210.34375,-23028297.28125,7352.8699700263,-11.0205199171135 
1400000,118347603.6875,-23522916.1875,7364.8904224756,-11.2416702333564 
1410000,117923255.90625,-23627770.375,7340.74284472418,-11.3300757409339 
1420000,117980629.03125,-23753320.96875,7345.68518035898,-11.383317298782 
1430000,118049043.53125,-24030997.25,7353.14097349146,-11.506360650833 
1440000,118074960.1875,-24134091.15625,7355.94860006775,-11.5519306954888 
1450000,117734572.21875,-24042510.5625,7334.47391116698,-11.5416502703207 
1460000,117845963.71875,-24815350.46875,7350.71046321071,-11.8912995417053 
1470000,118246242.4375,-25080387.71875,7377.95925990106,-11.9751361923218 
1480000,118369475.40625,-25065821.53125,7385.13327000506,-11.9562805186819 
1490000,117912681.8125,-25319764.84375,7361.0976418868,-12.1192670272332 
1500000,118183679.875,-25512095.71875,7379.7388805365,-12.1814168735317 
1510000,118293677.875,-25782976.28125,7389.80511995854,-12.2957384493477 
1520000,118011026.09375,-26216699.59375,7378.64543764513,-12.5251188920895 
1530000,117745800.625,-26358548.9375,7364.72950589914,-12.6181864503477 
1540000,117786528.375,-26231635.65625,7365.46759592093,-12.5551583493171 
1550000,117654683.0625,-26832669.15625,7365.68296732305,-12.8473090514504 
1560000,117660720.5625,-27124618.28125,7370.02481349685,-12.981737430044 
1570000,117440576.59375,-26907722.5,7353.96400465065,-12.9047466206089 
1580000,117282266.84375,-27734097.125,7355.98903601584,-13.3045082448739 
1590000,117494084.96875,-27701209.4375,7368.110485957,-13.2661814936213 
1600000,117236592.9375,-27759098.0625,7353.62753557416,-13.3210774312977 
1610000,117142457,-28326512.9375,7356.09952152544,-13.5938866949529 
1620000,116900605.09375,-28012923.25,7337.26797939579,-13.4757012289167 
1630000,117266636.75,-27965435.40625,7358.32329972548,-13.4132141969618 
1640000,117264969.125,-28456072.4375,7365.22886718786,-13.6400084034366 
1650000,116773860.90625,-29161834.5,7346.42005924736,-14.0216356652759 
1660000,116929742.6875,-29105768.59375,7354.82414320205,-13.9778125091668 
1670000,116913075.625,-29087908.75,7353.57369114536,-13.971484940565 
1680000,116812288.5,-29428339.9375,7352.65264885727,-14.1401892348577 
1690000,116717218.6875,-29591126.75,7349.46132358834,-14.2263540937442 
1700000,116517412.375,-29657560.75,7338.63953394968,-14.2804413697834 
1710000,116752911.59375,-30035899.75,7358.28987558225,-14.4270895069861 
1720000,116704345.1875,-30172825.25,7357.50656675586,-14.4958719238001 
1730000,116769157.40625,-30304207.75,7363.34697918563,-14.5485795178314 
1740000,116680294.96875,-30682530.9375,7363.93583847763,-14.7330870120122 
1750000,116663790.21875,-30776549.75,7364.42327648119,-14.7782592837703 
1760000,116632101.125,-30540985.1875,7358.89770404224,-14.6738566179865 
1770000,116933138.9375,-30942830.875,7382.91069234499,-14.8218739011206 
1780000,116776161.3125,-31390477.28125,7380.69413432637,-15.045950755166 
1790000,116774912.28125,-30988763.625,7374.29338262164,-14.8621276728492 
1800000,116795601.71875,-31586148.375,7384.94894569006,-15.1330449614269 
1810000,116893948.71875,-31441199.65625,7388.44083171261,-15.0546631560653 
1820000,116990421.59375,-31097500.46875,7388.71034022138,-14.8857091569326 
1830000,116851755.03125,-31881628.5625,7392.98426760057,-15.261036955779 
1840000,116528963.25,-31880996.09375,7373.96842330251,-15.3010425841307 
1850000,116558989.4375,-32016956.03125,7377.92992046836,-15.3594478117831 
1860000,116615089.375,-32579975.875,7390.40447285516,-15.6093241270764 
1870000,116572044.34375,-32549612.78125,7387.37543835692,-15.600963524924 
1880000,116934197.96875,-32395112.0625,7406.14494139759,-15.4847061560781 
1890000,116414252.90625,-32655938.09375,7379.84977980551,-15.6696021668081 
1900000,116124128.75,-33191758.375,7371.72207896226,-15.9515246671225 
1910000,115997479.59375,-33457823.1875,7368.77388904335,-16.0894537157205 
1920000,116060047.1875,-33426996.5,7371.92234456928,-16.0671768250171 
1930000,115387281.6875,-34793432.09375,7356.11499994895,-16.7799555938064 
1940000,115211178.59375,-34730150.4375,7344.70879596749,-16.775314706365 
1950000,115165533.46875,-34535204.875,7338.6147040327,-16.6926462435179 
1960000,114854831.75,-34895579.53125,7326.81568222104,-16.9000061973853 
1970000,114915297.875,-35113405.34375,7334.22123176587,-16.9910046309465 
1980000,114849982.9375,-35034293.34375,7328.99836192265,-16.9640101002006 
1990000,114437778.0625,-35837903.78125,7319.44580785569,-17.3887285631397 
---------------------------------------------------------- 

