Barrido en frecuencia desde 100000 hasta 2000000 con incrementos 10000
N: 1 | Fuente: Highspeed_ADC 
 
Formato: frecuencia,X,Y,R,phi 

100000,121828033.9375,1050.78125,7436.020016604,0.000494182897557671 
110000,121681466.9375,2663.4375,7427.07400534986,0.0012541246548325 
120000,121649328.75,-820.5625,7425.11238458006,-0.000386477825723231 
130000,121816466.875,-85823.15625,7435.31584261118,-0.0403664951888489 
140000,121811532.75,-14455.28125,7435.0128853846,-0.00679924621843157 
150000,121812941.28125,-13744.25,7435.09885290916,-0.00646472785196688 
160000,121778692.1875,-14488.09375,7433.00839560101,-0.00681651778515013 
170000,121790674.125,-20022.125,7433.73978519835,-0.00941930289236366 
180000,121765145.875,-20099,7432.18161771338,-0.00945745068261897 
190000,121761482.0625,-51941.5,7431.95856448292,-0.0244414612950533 
200000,121696431,-86162.5,7427.98922708983,-0.0405660768917504 
210000,121753374.03125,-40610.03125,7431.46341159418,-0.0191106269435817 
220000,121816949.09375,12912.59375,7435.34347228109,0.00607335126330978 
230000,121754246.4375,14261.96875,7431.51629827598,0.00671147526344816 
240000,121687767.78125,-167616.78125,7427.46563442865,-0.0789210636575239 
250000,121652267.75,-153823.75,7425.29770815289,-0.0724478641440331 
260000,121616317.46875,-191870.40625,7423.10671240824,-0.0903937530705167 
270000,121679571.375,-117792.53125,7426.96178410094,-0.055465455000274 
280000,121780453.65625,46323.03125,7433.11639554806,0.0217942533237839 
290000,121764008.6875,100274.46875,7432.11462607195,0.0471839143228267 
300000,121749512.875,100214.4375,7431.2298421728,0.0471612812460997 
310000,121631372.40625,-59889.5625,7424.01728267065,-0.0282116268438152 
320000,121745141.46875,-179019.84375,7430.96854080772,-0.0842503773009598 
330000,121627981.25,-432072.59375,7423.85623934588,-0.203537308394315 
340000,121661760.53125,-494350.15625,7425.9324855806,-0.232809566047508 
350000,121554540.84375,-608363.21875,7419.41973448801,-0.286754847421012 
360000,121580740.46875,-591589.90625,7421.01380932066,-0.278788706150704 
370000,121583419.90625,-543677.125,7421.163699088,-0.256204317032958 
380000,121573658.96875,-367282.71875,7420.52758941404,-0.173094121128772 
390000,121528598,-166818.375,7417.75032764913,-0.0786480136110086 
400000,121599050.40625,-116362.46875,7422.04694246869,-0.0548283584103081 
410000,121741345.5625,87548.5625,7430.73073776358,0.0412034403414644 
420000,121803589.90625,344025.03125,7434.55767947186,0.161827167314343 
430000,121781241.75,386601.59375,7433.20141563225,0.181888154095147 
440000,121802118.3125,385750.125,7434.47548757902,0.181456451839013 
450000,121609369.65625,221944.625,7422.68576234741,0.10456822706323 
460000,121731610.34375,81912.375,7430.13628973587,0.038553935627713 
470000,121714521.75,-124832.75,7429.09547809781,-0.0587636307428502 
480000,121400498.4375,-605932.90625,7410.01682125888,-0.285971724617203 
490000,121348896.75,-963143.84375,7407.00820440229,-0.454745943694452 
500000,121416635.1875,-1203791.9375,7411.27369436889,-0.568043559311695 
510000,121276282.125,-1603282.125,7402.98955783544,-0.7574106538739 
520000,121343825.84375,-1889930.71875,7407.36367636219,-0.892309916223221 
530000,121314379.6875,-1981024.125,7405.65528411128,-0.935538181286777 
540000,121127710.15625,-2365265.5625,7394.68375329593,-1.11867477002316 
550000,121090274.21875,-2572445.34375,7392.656983473,-1.21701016318616 
560000,121272235.46875,-2523768.28125,7403.69844070936,-1.19219705006326 
570000,121025593.34375,-2757204.75,7388.95819484516,-1.30508654135811 
580000,121292079.125,-2631688.875,7405.04933629699,-1.24295841834421 
590000,121269917.84375,-2781351.125,7403.90082018749,-1.31386043729515 
600000,120934422.125,-2843610.25,7383.51691275178,-1.34698496933405 
610000,121267040.875,-2739731.4375,7403.66745101611,-1.29423747383148 
620000,121132896.15625,-2608170.9375,7395.30453182729,-1.23347253195164 
630000,121267293.25,-2713948.28125,7403.64747311688,-1.2820590377365 
640000,121209894.96875,-2544960.90625,7399.9212270183,-1.20282339409624 
650000,120797326.8125,-2567604.21875,7374.77410511081,-1.21766549077978 
660000,121240652.09375,-2413723.9375,7401.63436194449,-1.14052444671224 
670000,121145189.84375,-2203322.6875,7395.56411042807,-1.04194953454746 
680000,120770579.4375,-2316325.53125,7372.83183918747,-1.09877262942973 
690000,121212166.625,-1996350.53125,7399.43268183486,-0.943569629881289 
700000,121207552.21875,-1817888.40625,7398.97970085005,-0.85926596638257 
710000,121210826.375,-1786118.125,7399.15069736935,-0.844228417415687 
720000,121211069.3125,-1481083.4375,7398.91462061897,-0.700064834024319 
730000,121247686.9375,-1355972.6875,7401.06014930444,-0.640740251310614 
740000,121252112.625,-1280458.40625,7401.28015671229,-0.605037998107228 
750000,121267830.8125,-1135405.6875,7402.15130958899,-0.536432891354165 
760000,121242955.1875,-748258.75,7400.44948449244,-0.353600124626368 
770000,121234545.40625,-741416.6875,7399.93362058161,-0.350391196988139 
780000,121201469.6875,-653489.9375,7397.88393243444,-0.308922430120782 
790000,121344393.75,-381548.59375,7406.53667462109,-0.18015708331957 
800000,121332611.25,-439319.6875,7405.82943749286,-0.207454975982275 
810000,121425758.53125,-294010.5625,7411.48805062954,-0.138731119712448 
820000,121378212.71875,-281152.78125,7408.58414505656,-0.1327160665247 
830000,121355623.65625,-278582.15625,7407.20501787446,-0.131527104243973 
840000,121425848,-342762.53125,7411.50131390717,-0.161734874221423 
850000,121494513.78125,-350050.75,7415.69372016994,-0.165080500081658 
860000,121383934.0625,-518398.625,7408.98104977864,-0.24469360767481 
870000,121349850.75,-834918.3125,7407.00845013678,-0.394203539850503 
880000,121364819.09375,-893456.75,7407.94749285596,-0.42178925152452 
890000,121255944.6875,-1378934.875,7401.57995101756,-0.651545317390723 
900000,121188375.78125,-1715005.625,7397.71783707441,-0.810771039115289 
910000,121120890.875,-1763785.1875,7393.64192510886,-0.834292945389987 
920000,120977136.90625,-2396005.75,7385.5318800752,-1.13461993852935 
930000,120792759.21875,-2929823.84375,7374.99834456582,-1.38943455597829 
940000,120803978.6875,-2902889.625,7375.64326991703,-1.37653845093697 
950000,120590313.96875,-3643081.34375,7363.83134780052,-1.73040198609381 
960000,120577603.15625,-3669382.84375,7363.10452808662,-1.74307069084824 
970000,120451693.65625,-4309043.15625,7356.71528935783,-2.04882752700581 
980000,120320203.96875,-5084929.96875,7350.54199601499,-2.41997395627476 
990000,120219675.53125,-5067931.75,7344.36774502404,-2.41390834269007 
1000000,120195493.375,-5964263.9375,7345.40115620885,-2.84076448840545 
1010000,120047563.40625,-6705996.1875,7338.76887600896,-3.1972858115419 
1020000,120058570.65625,-6672485.03125,7339.32589285882,-3.18105018498642 
1030000,119746612.59375,-7266228.15625,7322.41996559908,-3.47245191726935 
1040000,119667475.5,-7243425.78125,7317.5143249867,-3.46386504818668 
1050000,119618215.53125,-8650625.03125,7320.20680997646,-4.1363510820945 
1060000,119629327.875,-8730154.875,7321.23501563333,-4.17385859616571 
1070000,119649818.15625,-8467114.625,7321.33152701213,-4.04783353453559 
1080000,119511956.625,-9833834.46875,7319.30626244156,-4.70388718768119 
1090000,119406591.46875,-9667221.15625,7312.06909321563,-4.62860151108853 
1100000,119431698.25,-9837629.9375,7314.44305550121,-4.70884257162993 
1110000,119356342.15625,-10880143.9375,7315.36093435026,-5.2085057671562 
1120000,119371478.4375,-10875161.65625,7316.25339666794,-5.20547726573421 
1130000,119330025.09375,-10897850.0625,7313.85946303345,-5.21807944327455 
1140000,119355889.4375,-10892578,7315.40235186913,-5.21444503430665 
1150000,119272078.71875,-11865945.1875,7315.95051459039,-5.68145374172714 
1160000,119272905.65625,-11914488.40625,7316.29465595991,-5.70450411887547 
1170000,119256971.9375,-11892734.03125,7315.19504521591,-5.69491269816207 
1180000,119136665.34375,-12821304.84375,7313.73539340599,-6.14244315991673 
1190000,119088682,-12822379.65625,7310.83047669488,-6.14541033572339 
1200000,119170502.71875,-12756362.78125,7315.36591621893,-6.10984450854236 
1210000,118992350.84375,-13640625.25,7310.50397990259,-6.53952566201511 
1220000,118972513.5625,-13638412.125,7309.28566512288,-6.53955461568228 
1230000,119010896.5,-13676560.125,7311.87867219575,-6.5555907498094 
1240000,118875892.46875,-14440002.40625,7309.16491983256,-6.92585827050171 
1250000,118898553.59375,-14425878.125,7310.43410922602,-6.91784358933766 
1260000,118847536.71875,-14394643.90625,7307.11339501234,-6.90594468272129 
1270000,118844582.53125,-15234259.125,7313.27350819456,-7.30470380288147 
1280000,118796314.5625,-15249251.5,7310.46774857037,-7.31475345213055 
1290000,118799608.34375,-15195367.53125,7310.24914940179,-7.28898496606227 
1300000,118738246.8125,-15963055.28125,7312.62981464519,-7.6568797642025 
1310000,118742486.8125,-15954612.0625,7312.81765916996,-7.65260785013114 
1320000,118748665.09375,-15999894.9375,7313.55996177657,-7.6736747384624 
1330000,118617857.59375,-16709623.34375,7311.56426102907,-8.01845847513265 
1340000,118668016.375,-16683625.875,7314.3747971389,-8.00280473598219 
1350000,118652563.34375,-16639219.75,7313.06387275956,-7.9828050034598 
1360000,118457145.65625,-17416260.5,7308.00015297868,-8.36403590317158 
1370000,118538385.84375,-17388105.96875,7312.65649968212,-8.34506317970665 
1380000,118518432.96875,-17352572.4375,7311.13701930543,-8.32963143852062 
1390000,118516755.5,-17354965.9375,7311.05687749951,-8.33088050714451 
1400000,118298860.125,-18063421.5625,7304.29970233599,-8.68161439385844 
1410000,118302857.625,-18025527.71875,7304.19215008875,-8.66339023266157 
1420000,118316831.53125,-18066390.28125,7305.41140654715,-8.6817206840513 
1430000,118208263.46875,-18793823.03125,7305.70061706011,-9.0337923464186 
1440000,118187240.21875,-18738436.34375,7303.90319363972,-9.0091822826256 
1450000,118093241.90625,-18912920.03125,7299.91323264551,-9.0987924912936 
1460000,118069376.15625,-19389908,7303.13635451986,-9.3261356787979 
1470000,118086392.65625,-19383729.65625,7304.10017034947,-9.32189630277138 
1480000,118036096.15625,-19432626.25,7301.55500799435,-9.3489087418551 
1490000,118020989.75,-19973416.875,7306.08053448235,-9.605503371344 
1500000,117919915.71875,-19951875.5,7299.77837908302,-9.60340797815414 
1510000,117880964.34375,-20023920.03125,7298.16935927782,-9.64056055889382 
1520000,117866170.71875,-20599661.03125,7303.24708063278,-9.91354836296054 
1530000,117807445.875,-20778851.25,7301.60807340747,-10.0029338657863 
1540000,117894705.4375,-20581854.84375,7304.77576579646,-9.90279902442636 
1550000,117578873.28125,-21275976.28125,7293.21085043732,-10.2567251002231 
1560000,117537835.03125,-21275287.5625,7290.73855212615,-10.2599050951456 
1570000,117733636.71875,-21102135.6875,7300.62692804736,-10.1615818176617 
1580000,117554281.09375,-21811493.09375,7297.62596780713,-10.5113533950203 
1590000,117376150.375,-21841468.15625,7287.27060880936,-10.5410920976831 
1600000,117605181.5,-21917185.53125,7301.85981124805,-10.5566770740048 
1610000,117261926.96875,-22475305.78125,7287.59995984579,-10.8501532265813 
1620000,117309690.5625,-22520047.875,7290.97757330665,-10.8669177732761 
1630000,117324953.90625,-22424217.6875,7290.7921610667,-10.8203950485286 
1640000,117260162.0625,-22350046.71875,7286.05882348839,-10.7912656232733 
1650000,117204273.3125,-23061778.21875,7290.97022575832,-11.1316365351321 
1660000,117192650.875,-22976476.625,7289.27067162134,-11.0925579954132 
1670000,117194027.125,-22984817.5625,7289.45106968212,-11.0963578256873 
1680000,117034411.1875,-23671517.03125,7288.08437816112,-11.4344507706437 
1690000,117066937.0625,-23576419.3125,7288.8820758281,-11.3866352484058 
1700000,117071542.84375,-23612601.78125,7289.59398625706,-11.4032157905076 
1710000,116864496.75,-24197731.15625,7284.36374893312,-11.6982405087156 
1720000,116867226.375,-24225358.75,7284.86898678146,-11.7109621997914 
1730000,116897060.5,-24212154.71875,7286.48857500898,-11.7018504355827 
1740000,116607875.75,-24936181.09375,7278.31832194999,-12.0706922456317 
1750000,116598882.15625,-24901505.625,7277.33918290703,-12.0553009833847 
1760000,116580293.0625,-24905302.625,7276.27800113119,-12.0589516696055 
1770000,116525680.90625,-25332327.90625,7278.51061009761,-12.2650827341839 
1780000,116506724.875,-25255108.46875,7276.38004771518,-12.2307521466956 
1790000,116482887.34375,-25255272.65625,7274.96023034258,-12.2332568634698 
1800000,116279221.59375,-25843531.8125,7270.51733333661,-12.5305473014269 
1810000,116330549.96875,-25817259.125,7273.22806729295,-12.5128610008574 
1820000,116335225.28125,-25832695.40625,7273.71083936077,-12.5196193828823 
1830000,116076859.4375,-26426398.6875,7266.27492715394,-12.8255235161676 
1840000,116067583.40625,-26399981.15625,7265.36508006565,-12.8141159187792 
1850000,116051556.0625,-26358284.625,7263.84707623784,-12.796252573901 
1860000,116006722.4375,-26896463.84375,7268.52733210392,-13.0535384746194 
1870000,115891357.0625,-27091421.65625,7264.36736301412,-13.1575125460574 
1880000,115949639.21875,-27046827.0625,7267.21257992941,-13.1302316194135 
1890000,115842640.21875,-27107107.71875,7261.69001042511,-13.170209029942 
1900000,115752708.375,-27615124.84375,7263.47824706134,-13.4182380901881 
1910000,115805399.9375,-27546756.0625,7265.63979592828,-13.3803430847396 
1920000,115797117.4375,-27586014.90625,7265.70291646455,-13.3996489600992 
1930000,115139832.96875,-28311718.625,7237.13093367839,-13.8143894863887 
1940000,115147307.34375,-28304812.34375,7237.4733156069,-13.8102865076486 
1950000,115137022.875,-28304734.21875,7236.86259233404,-13.8114361991429 
1960000,115005821.71875,-28633141.59375,7233.90288329875,-13.9807535085779 
1970000,114986161.375,-28581667.125,7231.9798909183,-13.958896282266 
1980000,115055148.71875,-28627786.90625,7236.7455815878,-13.9724835067243 
1990000,114881913.03125,-29206133.1875,7235.10180768413,-14.2639816114077 
---------------------------------------------------------- 

