Barrido en frecuencia desde 100000 hasta 2000000 con incrementos 10000
N: 1 | Fuente: Highspeed_ADC 
 
Formato: frecuencia,X,Y,R,phi 

100000,113821353.03125,-40891.71875,6947.31653045294,-0.0205842114701259 
110000,120920370.40625,-61931.53125,7380.61990819543,-0.029345056066381 
120000,120953944.09375,16296.34375,7382.66824497622,0.00771956400194692 
130000,120982379.4375,-21183.28125,7384.40389977917,-0.0100321435658929 
140000,120957943.03125,-108118.59375,7382.91521056509,-0.0512139782118776 
150000,120905977.0625,7725.71875,7379.74042843905,0.00366111823610519 
160000,120948858.0625,-32599.28125,7382.35800993276,-0.0154429005405761 
170000,120982192.59375,-51036.46875,7384.39303925561,-0.0241702851012555 
180000,120956180.15625,46789.59375,7382.80521293259,0.0221637795590488 
190000,120949159.1875,82730.125,7382.37784853708,0.0391907334758694 
200000,121077014.125,-166129.03125,7390.18696232555,-0.0786151396341709 
210000,121022492.71875,-388308.78125,7386.8902050554,-0.183836718824771 
220000,121025496.4375,-298071.40625,7387.0579237744,-0.141112406422933 
230000,121115101.5,182442.4375,7392.51313281871,0.0863077653976499 
240000,120530742.4375,335586.4375,7356.86572546031,0.159524752421664 
250000,121249888.0625,986952.59375,7400.9768856191,0.466367188084807 
260000,120639655.6875,758557.5,7363.6305118684,0.360259404383973 
270000,120683395.8125,335881.1875,7366.18324638328,0.159462904096317 
280000,121072037.65625,-402777.0625,7389.91714986374,-0.190608344241037 
290000,120686271.0625,-1270914.65625,7366.73865212998,-0.603344139411791 
300000,120626620.96875,-1915893.96875,7363.6179652182,-0.909943496130967 
310000,120754156.125,-2246245.5625,7371.74879798186,-1.06568215188867 
320000,120639833.1875,-2167099.75,7364.68372697846,-1.02911545359487 
330000,120593321.3125,-1589071.1875,7361.29584882239,-0.754948966156626 
340000,120541531.28125,-897000.4375,7357.69943629702,-0.426354221035339 
350000,120800932.0625,558961.5625,7373.40771198828,0.265113102474074 
360000,120670270,1404765.0625,7365.85262032662,0.666970196424845 
370000,121101043.25,2293285.375,7392.97190637616,1.08487810295825 
380000,121281776.40625,3132510.78125,7405.14685432963,1.47952773905888 
390000,121049645,3368610.65625,7391.36981414501,1.59403502519001 
400000,121417779.28125,3512206.84375,7414.07921436015,1.65691162036304 
410000,120902685.0625,3312901.3125,7382.30937174134,1.56959109492794 
420000,120959239.78125,2893815.71875,7385.10394580508,1.37047658250986 
430000,120906964.5,2537324.53125,7381.42554466927,1.20221900816956 
440000,120836917.53125,1998492.1875,7376.53387174504,0.947514481255595 
450000,122229801.90625,1631088.40625,7461.2069706397,0.764534782446491 
460000,120870077.71875,493404.5,7377.61069242542,0.233886160672136 
470000,120916859.875,-106894.90625,7380.40755177374,-0.0506515418147385 
480000,122315585.125,-737481.78125,7465.91438749859,-0.345451329655222 
490000,122302840.40625,-1547432.9375,7465.59828109923,-0.724894413244541 
500000,120866955.71875,-2694301.65625,7379.19137890339,-1.27699544252097 
510000,122281756.40625,-3241194.53125,7466.33529707734,-1.518323751707 
520000,122246882.125,-4090181.59375,7465.76057578484,-1.91630860959808 
530000,120935600.84375,-5063808.90625,7388.01661316625,-2.39768516552165 
540000,122097705.84375,-5628927,7460.39545128551,-2.63957099836941 
550000,121978799.125,-6359120.90625,7455.33290686655,-2.98429928481807 
560000,120875956.84375,-7172811.65625,7390.88644720797,-3.3959646061009 
570000,121741893.4375,-7528603.75,7444.95732656775,-3.53870463850423 
580000,121106918.875,-7764015.0625,7407.18005304612,-3.66814191519232 
590000,121016542.875,-8217762.78125,7403.49986968348,-3.88476968097934 
600000,121453064,-8380626.90625,7430.76051339767,-3.94732419228954 
610000,121345608.84375,-8057357.71875,7422.88395164499,-3.79886766444284 
620000,121310381.34375,-7658718.375,7419.16567298657,-3.61247419919108 
630000,121222995.28125,-7607914.4375,7413.64761733158,-3.59115388943251 
640000,121976729.8125,-6381595.34375,7455.27831820314,-2.99487795834288 
650000,121447415.3125,-6100432.6875,7422.13412241818,-2.87561095488656 
660000,122239844.3125,-4747898.6875,7466.78156427554,-2.22429833291905 
670000,122545092.71875,-2650070.71875,7481.53591216159,-1.23884361060167 
680000,121482740.5625,-2931902.84375,7417.10349723338,-1.38252606286336 
690000,122850469.25,-391059.6875,7498.46441006638,-0.182384276506567 
700000,123293182.34375,1939944.0625,7526.37979221352,0.901440241508987 
710000,123070269.1875,1904763.8125,7512.7419879965,0.886698431552636 
720000,123292347.40625,4193627.59375,7529.74926987056,1.94808980380817 
730000,123478776.9375,6173476.40625,7546.19012841908,2.86219118263702 
740000,123472273.84375,6193925.8125,7545.85612641399,2.87180723155049 
750000,123556438.28125,7999642.1875,7557.30675652701,3.70443581608031 
760000,123499843.78125,9509755.1875,7560.37711794154,4.40321001121966 
770000,123503711.34375,9482136.84375,7560.48325394217,4.39033527764396 
780000,123494065.53125,10458991.5625,7564.69447819882,4.84095676643876 
790000,123297069.3125,11480248.1875,7558.23734665331,5.3194998177209 
800000,113237675.59375,7175136.59375,6925.55124367684,3.62561468250328 
810000,112659787.78125,7674611.40625,6892.35451510342,3.89708293815491 
820000,113535217.59375,7814943.125,6946.248472048,3.93761610932762 
830000,113629653.4375,8384986.1875,6954.47290640978,4.22033444684174 
840000,121076492.3125,11838959.3125,7425.39304632332,5.58467521936944 
850000,121566480.25,12106203.65625,7456.75780694558,5.68705251589795 
860000,120475316.125,11809083.5,7388.69596205002,5.59829265272715 
870000,120554380.625,11926114.75,7394.19863157219,5.64973186212656 
880000,120736354.5625,12012827.875,7405.77404925905,5.68202101198582 
890000,120475626.21875,11901884.6875,7389.26951951397,5.6419894229683 
900000,120537972.15625,11795027.75,7392.41846733322,5.58878338160303 
910000,120530186.625,11784363.125,7391.88215160308,5.58412055840229 
920000,120172667.625,11570250.875,7368.90016834915,5.49949882686522 
930000,120009238.59375,11328186.5625,7357.56773163334,5.39241617663485 
940000,120013512.6875,11319391,7357.77702450484,5.38806322079297 
950000,119840069.34375,11026587.6875,7345.57836246797,5.25703187701299 
960000,119834549.90625,11003895.59375,7345.1161089822,5.24651392177988 
970000,119928439.6875,10761456.6875,7349.48557298031,5.12755028303813 
980000,119619013,10421523.28125,7328.84487844716,4.97918659917302 
990000,119628124.3125,10386066.78125,7329.21140289272,4.96195489112705 
1000000,119660600,10045580.90625,7329.41837865694,4.79876358550207 
1010000,119390022.40625,9704149.09375,7311.24332354065,4.64684708149173 
1020000,119380834.5625,9715798.78125,7310.74201312821,4.65275756716931 
1030000,119435853.6875,9380137.21875,7312.45652631108,4.49062267171894 
1040000,119447045.15625,9402288.71875,7313.24349868853,4.50076389423266 
1050000,119238859.78125,8689715.65625,7297.28560369307,4.1681496470197 
1060000,119241272.40625,8582430.21875,7296.95944471758,4.11678364187324 
1070000,119192955.34375,8570358.28125,7293.96504626714,4.11267365148333 
1080000,119079664.9375,7991391.625,7284.61643393683,3.83934141718722 
1090000,119154174.09375,8018429.4375,7289.26467068619,3.8498906140023 
1100000,119182916.75,7952787.53125,7290.74722619299,3.81754941565581 
1110000,119165243.75,7299704.65625,7287.12505785108,3.50538705666017 
1120000,119172987.40625,7287528.15625,7287.55142192154,3.4993275003447 
1130000,119164713,7317609.0625,7287.15962332819,3.51397901565523 
1140000,119161124.6875,7302935.5,7286.88617337343,3.50705558936585 
1150000,119107018.03125,6624266.40625,7281.1721364466,3.18328769510776 
1160000,119112885.3125,6611138.28125,7281.48525489295,3.17683574537673 
1170000,119143228.09375,6617354.78125,7283.3554744925,3.17900866116623 
1180000,119025415.9375,5982736.53125,7274.1282572235,2.87751405070331 
1190000,119056121.9375,5969302.8125,7275.95899158968,2.87032442049095 
1200000,119054742.59375,6000566.71875,7275.97071405888,2.88536562745211 
1210000,118986118.65625,5358105.25,7269.91783855409,2.57836427417339 
1220000,118980819.28125,5329196.40625,7269.51554035615,2.56458579128002 
1230000,118995653.75,5362535.125,7270.51141068592,2.58028659128816 
1240000,119201803.84375,4757930.5,7281.51629756276,2.28574310543544 
1250000,118681867.15625,4720018.3125,7249.71394639167,2.27747244375838 
1260000,118726648.09375,4671862.40625,7252.32891743059,2.25341128678254 
1270000,118833711.625,4117188.0625,7257.60756779456,1.98431214962292 
1280000,118978881.84375,4171322.9375,7266.57804102937,2.00793069434426 
1290000,119042712.34375,4135295,7270.39499744661,1.9895356038266 
1300000,119108332.1875,3556602.78125,7273.25790298332,1.71035722023472 
1310000,119139376.3125,3592783.8125,7275.21813101442,1.72729612694296 
1320000,119191573.875,3610866.78125,7278.4360057749,1.73522476178485 
1330000,119235304.90625,3096399.53125,7280.22113973986,1.48756914245417 
1340000,119210514.9375,3073225.75,7278.67195427918,1.47674785592555 
1350000,119259940.90625,3098739.34375,7281.72804919013,1.48838534033552 
1360000,119241415.84375,2573833.0625,7279.83585796129,1.23654079605318 
1370000,119232772.65625,2544019,7279.26938042457,1.22231023573694 
1380000,119247927.84375,2543863.625,7280.19399516052,1.22208031975819 
1390000,119230697.5,2589122.46875,7279.20199509184,1.24399573476455 
1400000,119255325.25,2079630.625,7280.09623472733,0.999049572425474 
1410000,119261815.625,2079672.8125,7280.49237254631,0.999015475499237 
1420000,119259420.8125,2081537.6875,7280.3482080683,0.99993120127292 
1430000,119305312.96875,1629520.34375,7282.71985684466,0.782520332634743 
1440000,119277621,1592208.03125,7280.99902499726,0.764782040122765 
1450000,119295175.03125,1612388.84375,7282.0869182659,0.774360327007182 
1460000,119384230.9375,1157581.84375,7287.20010493281,0.555537989601127 
1470000,119355159.40625,1138129.8125,7285.41433090766,0.546336318744554 
1480000,119360511.0625,1081812.96875,7285.70900099445,0.519280787673149 
1490000,119424488.125,670432.125,7289.42960695621,0.321646994600623 
1500000,119428796.875,670402.96875,7289.69258607795,0.321621403245071 
1510000,119447757.625,737002.90625,7290.87382359829,0.353515386197449 
1520000,119541606.65625,293817.53125,7296.4853503897,0.140825199349827 
1530000,119465980.375,244383.71875,7291.86256505686,0.117206053898775 
1540000,119507281.625,304761.28125,7294.39193197957,0.146112413277769 
1550000,119663594.125,-262234.40625,7303.92660047274,-0.125559496849886 
1560000,119408735,-229894.65625,7288.36672902712,-0.110309997513719 
1570000,119622757.96875,-282205.6875,7301.43686320372,-0.135167965748878 
1580000,119556808.5,-557413.34375,7297.47049870478,-0.267129919520419 
1590000,119575084.0625,-614541.78125,7298.60306002414,-0.294462183924835 
1600000,119504808.84375,-576638.90625,7294.30219703104,-0.276463512556456 
1610000,119658859.84375,-1030949.15625,7303.89116820316,-0.493633100843538 
1620000,119513180.875,-1071928.375,7295.02169297455,-0.513879093153315 
1630000,119580195.09375,-1020644.40625,7299.0844893665,-0.489020751466944 
1640000,119582666.03125,-946202.96875,7299.19793746302,-0.453345849440535 
1650000,119581861.375,-1337244.5625,7299.37669752933,-0.640693121844266 
1660000,119635096.21875,-1329595.125,7302.620587037,-0.636745029548775 
1670000,119664258.125,-1375872.3125,7304.43236160927,-0.658744760961863 
1680000,119727553.84375,-1735352.625,7308.58054990103,-0.830397150749106 
1690000,119734946.65625,-1778307.46875,7309.07020290913,-0.850896290327706 
1700000,119777980.03125,-1779482.4375,7311.69760728065,-0.851152550671991 
1710000,119877538.78125,-2185569.09375,7318.1835642947,-1.04448268108343 
1720000,119859972.875,-2201663.40625,7317.12954735422,-1.05232658939431 
1730000,119820331.90625,-2181502.78125,7314.68788540895,-1.04303746012893 
1740000,119923485.25,-2605235.03125,7321.49907908421,-1.24450599767945 
1750000,119935644.40625,-2590214.875,7322.2212103886,-1.23720778861305 
1760000,119963352.6875,-2627502.34375,7323.96153003435,-1.25472259093147 
1770000,120036230.125,-2844119.34375,7328.70994922064,-1.35730312859386 
1780000,120077974.1875,-2861351.375,7331.28214844704,-1.36504915831216 
1790000,116839332.90625,-3216729.0625,7134.22679842976,-1.57702419161052 
1800000,117059902.46875,-3568169.15625,7148.30601121704,-1.74592449724322 
1810000,117309654.59375,-3527721.875,7163.46844215581,-1.72247271954572 
1820000,117427664.4375,-3496492.15625,7170.61117429033,-1.70551863661756 
1830000,117644174.90625,-3808615.78125,7184.41168722486,-1.85424753751375 
1840000,117693062.625,-3797385.5625,7187.37194841008,-1.84801641668499 
1850000,117698331.21875,-3759745.59375,7187.61964207855,-1.82962940496743 
1860000,117756145.53125,-4037392.9375,7191.70740855156,-1.96367667066836 
1870000,117751445.78125,-4045049,7191.43674666171,-1.96747590692018 
1880000,117768835.8125,-4099223.28125,7192.61182317432,-1.99351049724692 
1890000,117791023.65625,-3986819.8125,7193.72993516811,-1.93852446116537 
1900000,117840271.59375,-4452301.5,7197.7508570243,-2.16374928334273 
1910000,117845267.25,-4461625.96875,7198.07706927375,-2.16818468025181 
1920000,117838198.5625,-4447330.09375,7197.61296523631,-2.16137353637522 
1930000,117597336.5625,-4903971.9375,7184.0292587586,-2.38792985746861 
1940000,117365099.84375,-4942059.3125,7169.96398350337,-2.41121049268234 
1950000,117363770.34375,-4948341.40625,7169.89904882244,-2.41429919264847 
1960000,117443017.5625,-5132738.8125,7175.21438425721,-2.50246675776416 
1970000,117338231.84375,-5116175.6875,7168.78057190456,-2.496626362862 
1980000,117453932.59375,-5121053.625,7175.84886691489,-2.49654512986829 
1990000,117586890.0625,-5392372.25,7184.69609631021,-2.62566568261693 
---------------------------------------------------------- 

