Barrido en frecuencia desde 10000 hasta 500001 con incrementos 1000
Metodo usado: LI de 64 ciclos
Formato: frecuencia,X,Y,R,phi 

10000,121359564.298828,-4996372.63635254,7413.70104504832,-2.35413773119867 
11000,121273584.671509,-5706477.11755371,7410.36825881527,-2.69064363257669 
12000,121178522.872437,-6431618.92932129,7406.78632481513,-3.0347575022848 
13000,121074123.615601,-7164651.72412109,7402.93131302799,-3.38317341378184 
14000,120959429.671509,-7872820.15283203,7398.62458403561,-3.72052862456832 
15000,120839608.505127,-8600321.39135742,7394.34615814897,-4.06755735259775 
16000,120708611.744263,-9336125.36853027,7389.01825869208,-4.42440874537537 
17000,120572064.634155,-10066473.1724854,7384.28433342005,-4.77422498864432 
18000,120427779.932861,-10772571.8568115,7379.22365891854,-5.11335916955481 
19000,120251272.801147,-11596127.7259521,7373.1488173876,-5.50985283138084 
20000,120102855.810181,-12224048.9229736,7367.91435469777,-5.81325338579497 
21000,119930564.589111,-12965937.190918,7362.18237498345,-6.17210813941045 
22000,119747287.370483,-13657386.7189941,7355.72403358316,-6.5082793583835 
23000,119560720.402466,-14366523.8232422,7349.44871525106,-6.85357203536289 
24000,119366170.500366,-15094459.0559082,7343.10124378194,-7.20879986592756 
25000,119153229.633545,-15771167.4401855,7335.51295836714,-7.54157508610184 
26000,118928448.840576,-16506128.8498535,7328.26030546784,-7.91057992289514 
27000,118718697.200806,-17218236.949707,7321.69194078965,-8.26124277759348 
28000,118493347.822266,-17873766.0643311,7313.94116907289,-8.58689030281447 
29000,118246114.299683,-18569935.8575439,7305.49199940602,-8.93405905196172 
30000,117997987.955322,-19276101.6223145,7297.35621731919,-9.28681550687262 
31000,117809932.54895,-19797587.3153076,7291.23591174452,-9.54819862638949 
32000,117485031.411621,-20671593.7208252,7280.73498903798,-9.98805162557065 
33000,117236649.144775,-21278700.6966553,7272.33087261437,-10.2962687495868 
34000,116928835.150757,-22014682.7041016,7262.02345063708,-10.6714536673694 
35000,116719211.763428,-22511955.4178467,7255.1371869905,-10.925697234308 
36000,116369174.784668,-23309872.9639893,7244.13199676338,-11.2746626674244 
37000,116118993.855713,-23906186.9204102,7236.41103704173,-11.5809892413372 
38000,115793230.053101,-24639374.8205566,7226.11796541322,-11.960339964336 
39000,115469568.221558,-25282189.5839844,7215.08601478089,-12.297753018967 
40000,115167467.175781,-25887833.0638428,7205.09102001664,-12.6162871003006 
41000,114849823.704346,-26499016.7440186,7194.47093487991,-12.9400184939255 
42000,114533630.245361,-27109416.6011963,7184.15631169732,-13.2641627527881 
43000,114204177.634399,-27714112.4598389,7173.20367767955,-13.5880507987652 
44000,113720746.597534,-28588975.4313965,7157.36318148277,-14.0591849352572 
45000,113535170.102539,-28916329.2149658,7151.28354965741,-14.2365701568715 
46000,113158516.436401,-29599062.1210938,7138.22746428111,-14.6910693824752 
47000,112841995.621338,-30175721.3278809,7128.55152980934,-15.0040143551878 
48000,112436800.141479,-30832270.7084961,7115.15655672063,-15.3671613253971 
49000,112033588.012817,-31434952.8319092,7101.27619515518,-15.7058644349787 
50000,111693485.475708,-31938469.310791,7089.68083800956,-15.9902845389324 
51000,111244973.089233,-32626219.6533203,7075.06501944311,-16.3780346289583 
52000,110895972.963623,-33113696.9364014,7063.08390898948,-16.6582380089701 
53000,110538453.673584,-33655469.3181152,7051.73927186425,-16.9663744753953 
54000,110065084.935547,-34320550.0606689,7036.08370049563,-17.3510865477366 
55000,109884111.448364,-34580283.423584,7030.28263806215,-17.5012093089018 
56000,109379186.831299,-35266839.0739746,7019.38507082967,-17.4880183753531 
57000,108981769.432861,-35762368.9576416,7005.66422800396,-17.7845288743287 
58000,108527934.75647,-36352465.3601074,6990.69574024936,-18.136042910045 
59000,108073384.390625,-36943820.4918213,6975.97500438104,-18.489765780487 
60000,107735494.462891,-37326223.0480957,6964.06112550358,-18.7265206556231 
61000,107332951.316162,-37884786.1016846,6952.11458276629,-19.058532365685 
62000,107079904.139282,-38229843.4746094,6944.59995290593,-19.2649430463417 
63000,106236784.572021,-39264320.6575928,6917.77307087879,-19.9012138585741 
64000,105990689.873535,-39515831.8594971,6909.02754105822,-20.063921507635 
65000,105474990.716187,-39945693.848877,6888.77779706811,-20.3600551599982 
66000,105224993.192993,-40304219.9855957,6881.22655364381,-20.5164385546256 
67000,104736058.378052,-40814518.7712402,6864.60531614696,-20.8484807585833 
68000,104194045.968262,-41383938.69104,6846.53448730549,-21.2202077958148 
69000,103832629.80835,-41750878.1252441,6834.35506686918,-21.4631053936495 
70000,103247224.873047,-42327612.8566895,6814.48107147264,-21.8499994736422 
71000,102712417.644043,-42847756.7796631,6796.43939720511,-22.2022130977812 
72000,102515978.088257,-43000919.7189941,6788.98187313031,-22.3140463511727 
73000,101917273.405762,-43455414.2908936,6766.11828067767,-22.6505471407975 
74000,101474713.540039,-44013326.5334473,6754.75059375385,-23.0063081266962 
75000,101071935.54541,-44322326.8476563,6739.74795505134,-23.2366880297762 
76000,100579747.488037,-44823306.1030273,6714.39881933754,-24.6510273443176 
77000,100283325.188477,-45088758.1160889,6704.51466730401,-24.8402493250548 
78000,99684120.3414307,-45611612.4869385,6684.40981814274,-25.2179191489732 
79000,99011020.9451904,-46176240.6417236,6661.58890197641,-25.634069863657 
80000,98768723.0343018,-46370293.086792,6653.22200991249,-25.780196484179 
81000,98136673.4848633,-46780834.4973145,6629.08910547838,-26.1176132951166 
82000,97847987.4154053,-47102252.4101563,6621.6807994799,-26.3362350776366 
83000,97394858.6757813,-47357863.5213623,6603.59685022698,-26.5620661858947 
84000,96929259.53479,-47816784.0332031,6590.40873778877,-26.8887870142853 
85000,96621957.243042,-48049234.5766602,6579.90843986944,-27.0716597638573 
86000,96003337.8796387,-48506628.6535645,6576.30059805092,-25.9332303921747 
87000,94977422.9267578,-49133060.7808838,6537.88705238924,-26.4807102671561 
88000,95069289.2796631,-49170176.4215088,6543.9184265524,-26.4757616550031 
89000,94417381.0679932,-49522239.2746582,6518.51172365802,-26.8047586194404 
90000,94133901.5510254,-49817806.6209717,6511.60115819034,-27.0164082238554 
91000,93435017.4315186,-50220324.380249,6485.48003837241,-27.3851497262519 
92000,92927906.7930908,-50574469.9295654,6468.50934932616,-27.6841031065706 
93000,92241393.1539307,-51192274.1220703,6449.91819350399,-28.1570625068581 
94000,92239372.2435303,-51190484.133667,6449.75705166041,-28.1567450768059 
95000,91316828.1292725,-51681197.0301514,6415.22140034661,-28.6354942137541 
96000,91290762.170166,-51763955.6071777,6392.34146518965,-30.6695859568906 
97000,90309146.7792969,-52173834.4610596,6352.85051709941,-31.1314470590038 
98000,90373996.3756104,-52199719.6882324,6357.05958263362,-31.1259423808382 
99000,89715077.4814453,-52503692.4667969,6331.66848823971,-31.4526814502011 
100000,89148020.6818848,-52782658.6726074,6310.52234649247,-31.7442335384103 
101000,88514401.9880371,-53184436.6588135,6289.9124615676,-32.1151735181574 
102000,88514231.9014893,-53181861.3358154,6289.82279094314,-32.1139972837745 
103000,87563418.1403809,-53649815.2210693,6255.0942903102,-32.6110181909335 
104000,87239534.1578369,-53791838.2969971,6242.81700296082,-32.7733108990182 
105000,86629831.7019043,-54106542.2590332,6221.36936463587,-33.1030887630921 
106000,86631573.911499,-54106572.4400635,6238.09519126238,-31.2406541721278 
107000,86004634.3162842,-54389028.8015137,6214.85544883832,-31.562540636696 
108000,85704918.001709,-54538910.1832275,6204.30193790634,-31.7243386592333 
109000,84694795.7794189,-55005140.5168457,6167.80630069006,-32.2551829339317 
110000,84695683.2806396,-55006041.2408447,6167.88172099702,-32.2553372532171 
111000,83862915.2177734,-55364484.1320801,6137.32388660065,-32.6853539847286 
112000,83549719.2520752,-55482668.7205811,6125.3597898135,-32.8402756751985 
113000,82943257.6416016,-55743793.2358398,6103.42031733481,-33.1573436528325 
114000,82319730.9748535,-55977149.9674072,6079.85358122588,-33.4689988329308 
115000,82027348.6384277,-56103930.4639893,6069.46338115539,-33.6242307269581 
116000,82031494.6350098,-56107088.3145752,6089.23464043901,-32.9725161806249 
117000,81117471.6982422,-56455386.7545166,6055.25830169608,-33.4383433735739 
118000,81123485.5240479,-56457702.0137939,6055.6417664043,-33.4374535125855 
119000,80122040.1589355,-56826638.3370361,6018.43047846162,-33.9477666255524 
120000,79887878.2509766,-56870177.9799805,6008.28041949422,-34.0476665875421 
121000,79326528.3579102,-57108428.4197998,5988.81142075459,-34.3522693594498 
122000,78687768.9719238,-57275229.5058594,5963.10188574161,-34.6516687510264 
123000,78399647.2849121,-57420110.4609375,5954.07912114267,-34.820702665868 
124000,78404126.3491211,-57423002.9133301,5954.40523709168,-34.8205181058662 
125000,77560524.4180908,-57690103.1687012,5922.53701185061,-35.2437048516061 
126000,76680273.4265137,-57957650.7104492,5826.69750710963,-38.9833366626079 
127000,76681876.9423828,-57958917.923584,5826.82137171165,-38.9833629208579 
128000,76323242.0300293,-57998513.8560791,5810.94464158579,-39.1314959875867 
129000,75811499.0687256,-58209649.2287598,5794.06152968794,-39.4178699729796 
130000,75166387.7614746,-58314678.2072754,5766.99355222935,-39.7046573709091 
131000,75160440.2092285,-58310203.411499,5766.54241636547,-39.7047236915672 
132000,74102042.4591064,-58665844.7454834,5729.34189611495,-40.2683711318464 
133000,74106355.7606201,-58664805.3006592,5729.5077902292,-40.2662541030481 
134000,74108760.739624,-58664363.2110596,5729.60546413884,-40.2651391010637 
135000,72882395.5371094,-58871996.7077637,5679.4047556341,-40.8301992616252 
136000,72882093.9924316,-58872671.3153076,5709.8682217987,-40.3843913507774 
137000,72418822.8043213,-59063533.8630371,5695.27725427019,-40.6539068458637 
138000,71747225.2487793,-59110515.8520508,5665.43806697744,-40.9379673430549 
139000,71744105.5496826,-59110755.1737061,5665.30060187327,-40.9393038633822 
140000,70749142.0147705,-59407300.6237793,5630.23851770265,-41.4736416772693 
141000,70750960.5235596,-59407406.1890869,5630.32752964321,-41.4729665714712 
142000,69496949.8779297,-59494538.3258057,5575.46772715869,-42.0197952285182 
143000,69498277.5209961,-59493573.8917236,5575.49096976431,-42.0187956523638 
144000,69130047.6689453,-59701932.6186523,5566.75343657665,-42.2682910957025 
145000,69130657.076416,-59701309.1704102,5566.75671104867,-42.2677452711241 
146000,68144858.0878906,-59704518.0922852,5529.10693768688,-41.2971286223361 
147000,68140461.9251709,-59704673.1726074,5528.91138464798,-41.2990345494023 
148000,67520904.8526611,-59944190.8334961,5510.22326431859,-41.6724481896626 
149000,67526968.6184082,-59948073.3308105,5510.65730587373,-41.6717360329822 
150000,66290769.6437988,-59949666.5927734,5454.53466800441,-42.1986204400411 
151000,66288679.3820801,-59947951.8521729,5454.36986415233,-42.1987039216421 
152000,65953455.9354248,-60139166.8195801,5447.06960386228,-42.4340812802274 
153000,65247644.5383301,-60058497.8054199,5411.98347670665,-42.7028278965718 
154000,65249294.6223145,-60059936.6055908,5412.11703474464,-42.702789843187 
155000,64414467.7813721,-60302907.6311035,5384.86554073633,-43.1860042415725 
156000,64403180.5006104,-60283929.8325195,5385.18598226058,-41.9733482215758 
157000,64411036.3347168,-60290341.4694824,5385.80357532781,-41.9729017209588 
158000,63082646.0943604,-60238843.6835938,5324.71637520015,-42.5445128503426 
159000,63089529.5251465,-60228484.0893555,5324.58357468134,-42.536468488833 
160000,62897521.932251,-60399573.7327881,5323.34033677702,-42.7048934811963 
161000,61704575.6586914,-60310611.6462402,5267.25697823609,-43.2109756535773 
162000,61713742.913208,-60304196.0192871,5267.38347435253,-43.2036741484496 
163000,61419433.3988037,-60485668.7818604,5262.31570100096,-43.426659808089 
164000,61427903.800415,-60476248.071167,5262.28065320788,-43.4182479455796 
165000,61429764.4903564,-60476560.4996338,5262.3749774121,-43.4175282824256 
166000,60190186.1043701,-60347664.3135986,5215.01397159412,-42.7983682142855 
167000,60191478.1118164,-60349217.3234863,5215.13707449887,-42.7984905078385 
168000,59979917.4295654,-60512411.5740967,5213.09096597652,-42.9767201851464 
169000,59285974.4956055,-60353692.4953613,5176.35619154567,-43.2348330928665 
170000,59289668.7930908,-60352950.2397461,5176.48219573145,-43.2326960202402 
171000,58582143.8271484,-60528558.2595215,5153.95267213676,-43.6597131854249 
172000,58584798.5087891,-60528642.5544434,5154.06934099667,-43.6584555874632 
173000,58586621.0134277,-60529603.6854248,5154.1891496211,-43.6580195258112 
174000,57204609.2073975,-60509997.2349854,5094.8706740284,-44.3319377484372 
175000,57204307.9200439,-60509010.5147705,5094.8141386892,-44.3316219736273 
176000,57208124.1132813,-60512737.1650391,5131.18399975249,-44.1421528494941 
177000,57205131.0811768,-60509061.3070068,5130.89271212732,-44.1419118033716 
178000,55876561.8061523,-60492231.7194824,5074.23993294647,-44.8055889109069 
179000,55874963.8724365,-60493522.975708,5074.23157205242,-44.8070151910287 
180000,55877826.7529297,-60491806.0823975,5074.27355460636,-44.804741476444 
181000,55878279.9521484,-60494193.223999,5074.40055164276,-44.805636794371 
182000,54554712.6933594,-60491739.2878418,5019.30816975452,-45.4883461088256 
183000,54556362.7712402,-60490593.1503906,5019.3238201662,-45.4869443151742 
184000,54557238.1586914,-60490776.7978516,5019.36834919107,-45.486573598984 
185000,54557830.4813232,-60493725.3637695,5019.52771154332,-45.4876531929688 
186000,53166403.8668213,-60619615.2895508,4875.36545730912,-49.9501932166595 
187000,53165033.6871338,-60616787.1134033,4875.18226555459,-49.9496000538956 
188000,53171267.6816406,-60615210.5354004,4875.35915712147,-49.9455309802847 
189000,53171344.6706543,-60619766.8187256,4875.56933625788,-49.9476247946908 
190000,51892074.9206543,-60478127.0809326,4818.41090878214,-50.5719603405043 
191000,51893500.3015137,-60478551.6335449,4818.48651329287,-50.5713813509728 
192000,51893438.395874,-60479355.7028809,4818.52097297441,-50.5717915831786 
193000,51891274.5915527,-60477572.8485107,4818.35396425432,-50.5721375618234 
194000,50762000.5335693,-60134706.6560059,4758.31134683775,-51.0335705558349 
195000,50759879.1781006,-60126129.6040039,4757.83232037154,-51.0307223826457 
196000,50756457.6838379,-60127549.4407959,4750.18683875855,-52.4283869300265 
197000,50764523.3204346,-60135540.7059326,4750.86955915152,-52.4276526599905 
198000,49577022.5396729,-59874737.1789551,4692.80816173521,-52.9724760358417 
199000,49579806.9226074,-59873308.4371338,4692.84893295314,-52.970223740052 
200000,49577420.098999,-59873581.0795898,4692.76971231699,-52.9717068881469 
201000,49579590.2661133,-59875894.7335205,4692.9608458615,-52.9715624810465 
202000,48427110.1784668,-59661982.0280762,4638.86385389398,-53.531715993994 
203000,48430609.8729248,-59665113.1416016,4639.14376055702,-53.5311613065754 
204000,48429411.9750977,-59663570.6812744,4639.0258889367,-53.5311299717408 
205000,48428416.8911133,-59663710.1546631,4638.99456787464,-53.5317715646302 
206000,47276561.9278564,-59426264.7198486,4632.19574891849,-53.1261165670361 
207000,47279496.8508301,-59426282.032959,4632.30803596141,-53.1243918099221 
208000,47280631.5291748,-59428242.5675049,4632.44471536171,-53.1246428041252 
209000,46192299.977417,-59215267.9050293,4581.15579361393,-53.6732456993086 
210000,46190275.9594727,-59214894.3657227,4581.06188908047,-53.6742879645679 
211000,46193426.6773682,-59215716.2249756,4581.21962923846,-53.6727783239317 
212000,46195206.394043,-59217479.7342529,4581.37122186481,-53.6725352998807 
213000,45085841.4609375,-58947974.6737061,4526.99258304916,-54.2198683743975 
214000,45086864.7294922,-58947781.2641602,4527.02113301793,-54.2191501564105 
215000,45088493.4764404,-58945358.0682373,4526.9640872011,-54.2170147719427 
216000,45089213.6936035,-58947694.9522705,4540.98190400132,-53.2917023719969 
217000,43987441.9486084,-58691117.7905273,4487.77089665908,-53.8535619767939 
218000,43988635.690918,-58693510.6049805,4487.93185844904,-53.8539367790298 
219000,43989222.3121338,-58695375.3814697,4488.04468819236,-53.8544436821734 
220000,43990358.8815918,-58696074.3642578,4488.12061841814,-53.8540606979641 
221000,43015653.5379639,-58439331.8967285,4439.94818253326,-54.3483450573015 
222000,43016519.7595215,-58438503.7403564,4439.93879324383,-54.3474065920745 
223000,43016233.5692139,-58438513.2512207,4439.92888116559,-54.3475930306366 
224000,43014157.0655518,-58439550.717041,4439.90468688024,-54.3493990957233 
225000,42029736.331543,-58179747.1716309,4391.57069415497,-54.8593600320326 
226000,42032090.8193359,-58179849.7473145,4392.95991976641,-54.0930369948965 
227000,42032747.34375,-58180559.2751465,4393.01865239886,-54.0929438658405 
228000,42030961.3376465,-58181502.2879639,4393.00142413273,-54.0945403669016 
229000,41056168.5792236,-57894279.3703613,4343.98058131421,-54.5966540000206 
230000,41059667.9484863,-57896283.1276855,4344.20451565781,-54.5952854516644 
231000,41061091.0020752,-57896617.1481934,4344.27157665229,-54.5945044256508 
232000,41064693.0820313,-57899102.3919678,4344.52318900046,-54.5932932921545 
233000,40121974.071167,-57612255.5775146,4296.98171667048,-55.085415246487 
234000,40120198.7921143,-57610622.4289551,4296.83759579312,-55.0858424869068 
235000,40126069.3735352,-57613354.7487793,4297.18017082606,-55.0831853494441 
236000,40129207.9135742,-57615387.8217773,4295.45362626026,-54.8028032262501 
237000,39109917.0524902,-57294433.642334,4243.89004343314,-55.3421274026727 
238000,39113387.3551025,-57296339.1628418,4244.1060201058,-55.3406474783185 
239000,39113097.7310791,-57294317.472168,4243.99388113882,-55.3399036216981 
240000,39113321.9525146,-57293194.2873535,4243.9448650275,-55.3392276348031 
241000,38329021.6191406,-57039884.8364258,4204.20645340071,-55.7602067704434 
242000,38330242.9377441,-57039893.791748,4204.24858149861,-55.7593657746083 
243000,38331696.6148682,-57042035.2663574,4204.40692262731,-55.7593556528201 
244000,38332668.9211426,-57042566.7860107,4204.46708902455,-55.7589300052406 
245000,37418959.7060547,-56717750.8901367,4156.94588387143,-56.2456484272247 
246000,37418458.6484375,-56718535.2937012,4148.96163885757,-56.1879822369793 
247000,37418530.6958008,-56718797.7131348,4148.97743622287,-56.1880533785871 
248000,37420969.7937012,-56720434.0811768,4149.14285094383,-56.1870965089743 
249000,36621251.378418,-56430465.8505859,4107.59055791865,-56.6196363395323 
250000,36621439.802002,-56431790.4084473,4107.66466395243,-56.6201158406916 
251000,36621499.6708984,-56430466.3156738,4107.59883483919,-56.6194591643686 
252000,35770732.0733643,-56090192.0754395,4062.01934195586,-57.0745698880386 
253000,35771445.7337646,-56090142.7491455,4062.04023336902,-57.0740288166473 
254000,35770872.2662354,-56090319.067749,4062.03048247281,-57.0745268956597 
255000,35773983.9588623,-56091192.2058105,4062.1775970753,-57.0726717328884 
256000,34992420.5931396,-55794857.0275879,4018.22101493794,-57.3792641239762 
257000,34992822.4389648,-55793821.168457,4018.18050080321,-57.3784891513786 
258000,34992949.7702637,-55795625.2774658,4018.27787781695,-57.3792292197167 
259000,34992736.5672607,-55794824.8857422,4018.22959638899,-57.3790163914496 
260000,34994464.880127,-55797634.2757568,4018.43083221007,-57.3790411883174 
261000,34993527.6201172,-55797269.272583,4018.38158356473,-57.3795632216699 
262000,33345639.9610596,-55057707.8096924,3927.21420076614,-58.2724958011325 
263000,33347488.1384277,-55058232.4555664,3927.29999578237,-58.2713306049072 
264000,33344146.1793213,-55056912.9509277,3927.12550672764,-58.2732666122949 
265000,33350450.677124,-55061749.4671631,3927.5771734654,-58.2706969316113 
266000,33352173.1070557,-55060826.3734131,3922.95223204365,-58.2059309314562 
267000,33351374.4880371,-55062384.6539307,3923.00824085625,-58.2072574429325 
268000,33352977.7185059,-55063380.2214355,3923.11075019107,-58.2064960296975 
269000,33354096.6973877,-55064587.7061768,3923.20901690235,-58.2062009928056 
270000,31924293.5788574,-54407320.4381104,3844.18399090072,-59.0077089495588 
271000,31922932.5091553,-54409190.331665,3844.24029849915,-59.0096346662024 
272000,31926170.618042,-54409946.6022949,3844.37990959821,-59.0074456705237 
273000,31925887.8688965,-54410699.5332031,3844.41076340729,-59.0080132298101 
274000,31923830.1236572,-54406233.1855469,3844.11255218971,-59.0075722426865 
275000,31928777.4938965,-54416090.9456787,3844.78325114629,-59.0082277070323 
276000,31929385.9968262,-54413812.3563232,3838.0539103994,-58.9665664751928 
277000,31929512.8115234,-54411339.5162354,3837.92806930693,-58.965330555837 
278000,30549235.3752441,-53743780.2607422,3760.76287052142,-59.75555280387 
279000,30548184.7602539,-53741965.9960938,3760.63533440862,-59.7555683908698 
280000,30550770.0911865,-53744233.897583,3760.83300029234,-59.7545239955141 
281000,30550073.3671875,-53743226.3276367,3760.75876701358,-59.7546238861563 
282000,30548182.3250732,-53743074.9875488,3760.6939131779,-59.7560782879539 
283000,30550136.1600342,-53743536.2755127,3760.77704701011,-59.7547152533234 
284000,30547708.3032227,-53746427.3706055,3760.8569654049,-59.7579955748564 
285000,30550709.3389893,-53745836.3757324,3760.9159244677,-59.7553068835663 
286000,29240015.7423096,-53067827.302124,3686.97399546615,-60.338846764097 
287000,29240757.5343018,-53071784.119751,3687.20666312214,-60.340037999864 
288000,29240045.9732666,-53067637.6153564,3686.96477364038,-60.3387351627104 
289000,29238997.9985352,-53068842.37146,3686.99820887113,-60.3401529019274 
290000,29240023.6687012,-53071140.9707031,3687.15083557294,-60.3403523104705 
291000,29241698.2828369,-53072600.677124,3687.27780800461,-60.3396314912123 
292000,29242441.6433105,-53072433.7971191,3687.29074301304,-60.3389397218361 
293000,27996545.4761963,-52387258.6027832,3614.48304483876,-61.0725922327315 
294000,27998363.7885742,-52389367.5438232,3614.64837844939,-61.0720041827367 
295000,27999929.6052246,-52392091.6074219,3614.83948246811,-61.0719106124495 
296000,28002473.4572754,-52394275.6416016,3617.81484021439,-60.8251055178204 
297000,28004765.6320801,-52396302.4770508,3617.98949516244,-60.8240772783196 
298000,28006349.4781494,-52396849.9365234,3618.06436417703,-60.8229790543223 
299000,28004945.5693359,-52396491.6490479,3618.00482041625,-60.8240102319687 
300000,28006207.6241455,-52396937.0722656,3618.06497184318,-60.8231393145996 
301000,26824426.0891113,-51712070.4249268,3547.62814686142,-61.530710839005 
302000,26824061.6948242,-51712088.4053955,3547.61890084948,-61.5310371198244 
303000,26826323.1843262,-51714455.9470215,3547.81029986499,-61.530134946461 
304000,26826044.5129395,-51715088.928833,3547.83670298947,-61.5306648791088 
305000,26826299.4731445,-51714564.2547607,3547.81548980867,-61.5302046950192 
306000,26827097.4844971,-51716723.364502,3553.34346160729,-61.1315553982815 
307000,26829194.4681396,-51717525.0002441,3553.44575483998,-61.1300878387682 
308000,26829215.7990723,-51717912.418335,3553.46732838571,-61.1302446591273 
309000,25718858.543335,-51055205.9266357,3486.65133267006,-61.8122504774314 
310000,25718880.112793,-51058721.99646,3486.84344466906,-61.8138164788339 
311000,25719810.6108398,-51061803.5515137,3487.03682856128,-61.8143729200057 
312000,25718490.7425537,-51058507.1387939,3486.8210580472,-61.8140681199857 
313000,25719845.2878418,-51057760.7532959,3486.81756817224,-61.8125192067528 
314000,25721722.6234131,-51060627.9852295,3487.0252569734,-61.8121316760158 
315000,25723352.8967285,-51070566.4044189,3487.6113357899,-61.815152846819 
316000,25722397.8041992,-51059794.0582275,3496.27911408205,-61.4478163901965 
317000,24654210.0300293,-50387294.4686279,3430.39354875218,-62.1131813848009 
318000,24650650.9219971,-50388607.8265381,3430.37004143963,-62.1170363260724 
319000,24655906.8164063,-50387532.9633789,3430.45225460341,-62.1117317385443 
320000,24654275.2861328,-50388074.2689209,3430.43813697998,-62.1134715695494 
321000,24654108.55896,-50390212.864502,3430.55112957612,-62.1145845063942 
322000,24654944.6605225,-50388389.1079102,3430.47342168446,-62.1129987871668 
323000,24655843.1270752,-50390148.2955322,3430.59420153783,-62.1129642016208 
324000,24654869.9864502,-50388275.2218018,3430.46515893168,-62.1130161724666 
325000,23639184.6955566,-49721405.4935303,3366.74854846485,-62.7574705658173 
326000,23638665.6237793,-49722046.8048096,3389.96557192822,-62.0597844659948 
327000,23639774.1533203,-49721414.9772949,3389.9597441503,-62.0584602462511 
328000,23640175.6060791,-49722454.9897461,3390.02819200637,-62.0585476677456 
329000,23640093.3618164,-49723347.9083252,3390.07567187631,-62.0590239596749 
330000,23640959.1789551,-49722566.9332275,3390.05513404981,-62.0578612459095 
331000,23640758.5823975,-49723365.6452637,3390.09424575391,-62.0584066802785 
332000,23641896.0544434,-49725951.934082,3390.26813977775,-62.0584932988832 
333000,22662446.1818848,-49041316.4438477,3326.49956645345,-62.6848595796673 
334000,22662851.9498291,-49042788.732666,3326.59234015113,-62.685123928739 
335000,22662504.6953125,-49041994.7745361,3326.53899284003,-62.6851050243294 
336000,22663271.2161865,-49043942.401123,3348.53567660325,-62.2851615148214 
337000,22664722.3018799,-49044578.3920898,3348.60918595986,-62.2840475270392 
338000,22664617.0628662,-49045575.831665,3348.66256749499,-62.2845925549126 
339000,22665420.605957,-49045733.5639648,3348.69233368029,-62.283889202796 
340000,21725765.0900879,-48363064.6115723,3286.04085297969,-62.8962058669865 
341000,21727269.9031982,-48362811.111084,3286.06474052448,-62.8946102184773 
342000,21726532.0081787,-48363053.2674561,3286.05968958444,-62.8954448416008 
343000,21727684.9935303,-48362941.8974609,3286.08267749797,-62.8942589635286 
344000,21729616.8079834,-48366009.3123779,3286.30516165465,-62.8937131563283 
345000,21730595.1710205,-48366402.6463623,3286.35224935726,-62.8929230045708 
346000,21728590.1832275,-48369012.5958252,3352.21904602447,-63.0074409944461 
347000,21730851.9764404,-48367706.7322998,3352.20233749414,-63.0046334399737 
348000,20832147.6627197,-47686891.199585,3289.83570253607,-63.6000276212277 
349000,20829990.2202148,-47688040.536499,3289.84768959897,-63.6027109505497 
350000,20831133.0911865,-47686930.4155273,3289.81229824293,-63.6010685665952 
351000,20829910.3868408,-47687387.6866455,3289.80784747287,-63.6025037771961 
352000,20822541.0131836,-47696029.8411865,3290.12209602679,-63.6137470414148 
353000,20831598.1033936,-47687956.6373291,3289.88351823779,-63.6010516903516 
354000,20821669.0871582,-47697507.9366455,3290.18568125291,-63.6152778339354 
355000,20830785.319458,-47687763.4354248,3289.85175672542,-63.6017865996148 
356000,19993140.2414551,-47067999.7004395,3256.27826740865,-65.5897531559147 
357000,19994976.1049805,-47068480.6876221,3256.35216205633,-65.5880706834884 
358000,19995733.5693359,-47069754.0910645,3256.44565080551,-65.5878474207107 
359000,20008370.6107178,-47061243.5705566,3256.2616370841,-65.5710875755288 
360000,20007213.3469238,-47062972.0474854,3256.33409507052,-65.5730385033001 
361000,20007982.262085,-47064487.399292,3256.44205068994,-65.5729099154526 
362000,20011798.3917236,-47065331.9388428,3256.58661533529,-65.5693456258689 
363000,20011235.4255371,-47066400.569458,3256.63520972489,-65.5703944649198 
364000,19220779.1416016,-46442654.3145752,3200.53809725238,-66.1214201214527 
365000,19217441.0321045,-46445461.2952881,3200.62197747376,-66.126159564169 
366000,19221145.4086914,-46443459.6015625,3133.86907311871,-69.0775377261519 
367000,19221557.9940186,-46444377.1135254,3133.93176767435,-69.0775031137322 
368000,19222352.3520508,-46446156.3795166,3134.05320994713,-69.0774420410901 
369000,19224646.4926758,-46448458.4729004,3134.24053160252,-69.0760293737267 
370000,19224817.3703613,-46446699.9274902,3134.14329835946,-69.0750828721927 
371000,19223902.4893799,-46447588.9267578,3134.17269803888,-69.0764338939028 
372000,18476243.5061035,-45842800.7913818,3081.63773856583,-69.6091532792069 
373000,18475592.0662842,-45840420.2125244,3081.48489059808,-69.6088220891753 
374000,18475677.8543701,-45842864.6411133,3081.62824752321,-69.6097891281922 
375000,18477243.15271,-45843798.1182861,3081.71871116649,-69.6085106713613 
376000,18477662.4622803,-45843757.4998779,2846.22598895743,-73.4405892917676 
377000,18477030.0461426,-45844623.2426758,2846.25861383236,-73.4416443820511 
378000,18478090.6228027,-45844696.8648682,2846.28537626205,-73.4405360275269 
379000,17762792.3804932,-45242817.9156494,2798.85548771576,-73.9573709179372 
380000,17763991.932373,-45242931.989502,2798.88684648669,-73.956103842962 
381000,17763167.4101563,-45244644.21521,2798.96127110495,-73.9577461636759 
382000,17763728.3013916,-45244400.9824219,2798.96003714297,-73.9570259571746 
383000,17763880.5174561,-45243846.4554443,2798.93351751045,-73.9566200532622 
384000,17763651.2803955,-45245651.9764404,2799.02547056129,-73.957649367605 
385000,17765002.8066406,-45246974.8538818,2799.12481981085,-73.9567363513197 
386000,17767606.3964844,-45248736.723877,2742.74357966425,-75.7518981112473 
387000,17091598.7821045,-44652904.5557861,2697.6114796895,-76.244978864051 
388000,17089274.6068115,-44652259.4317627,2697.53061210356,-76.2473037184833 
389000,17073347.8990479,-44653168.6356201,2697.25746558176,-76.2655204886944 
390000,17096476.9381104,-44660475.4488525,2698.10880160203,-76.2427630089318 
391000,17097178.7960205,-44649173.7733154,2697.52746272007,-76.2371354583444 
392000,17086779.6043701,-44656301.1312256,2697.69327619726,-76.2518271471056 
393000,17083159.5582275,-44650279.6881104,2697.30298532827,-76.2533002857504 
394000,17094674.5081787,-44651709.8642578,2697.61056877285,-76.2410248280516 
395000,16422356.5974121,-44056576.7324219,2652.79305234455,-76.7468635651624 
396000,16421461.5487061,-44055640.2999268,2680.12000477617,-78.134811080973 
397000,16422562.6445313,-44057970.649292,2680.26639979656,-78.1345456390238 
398000,16424769.6162109,-44058893.6859131,2680.3596448785,-78.1324186093207 
399000,16425064.3221436,-44061810.1503906,2680.5212900992,-78.1333234311874 
400000,16422888.3682861,-44058949.024292,2680.32514345687,-78.1345901283964 
401000,16423024.0633545,-44058675.4956055,2680.3132349929,-78.1343187774857 
402000,16423128.5723877,-44059853.182251,2680.37822024013,-78.1347006734659 
403000,15801009.7637939,-43484053.8764648,2637.3262716329,-78.6075634892574 
404000,15802042.9189453,-43483028.3944092,2637.29144501658,-78.6059272139229 
405000,15800660.7834473,-43485795.3076172,2637.41277732291,-78.6087061754998 
406000,15795807.8051758,-43490239.199707,2672.11814800184,-78.8082318880317 
407000,15802555.9239502,-43485199.3754883,2671.97766088813,-78.7982467144372 
408000,15802343.6619873,-43487620.9033203,2672.10490985739,-78.7995179085885 
409000,15802220.8153076,-43488017.6707764,2672.12402276524,-78.7998286784905 
410000,15802865.3566895,-43486418.980835,2672.04996176599,-78.7984024069648 
411000,15211371.2547607,-42933581.170166,2630.46168950139,-79.2601911320505 
412000,15208071.9440918,-42935249.2098389,2630.48886619558,-79.2648037480738 
413000,15210227.4157715,-42934707.1948242,2630.50092555512,-79.2620203659108 
414000,15210994.7172852,-42933019.810791,2630.42386988672,-79.2604017692586 
415000,15212097.7418213,-42935590.5413818,2630.58508092433,-79.2601738613824 
416000,15210523.4782715,-42934390.8735352,2710.78072568868,-78.4198540493836 
417000,15213292.3319092,-42935045.7382813,2710.87249274141,-78.4168462523907 
418000,14645142.5463867,-42392923.097168,2669.25204458796,-78.8696646894243 
419000,14646591.4312744,-42394373.2109375,2669.3617716519,-78.8685201726389 
420000,14645163.5986328,-42396170.4858398,2669.43512428146,-78.8709937450774 
421000,14648230.6383057,-42395208.6867676,2669.44062506233,-78.8668895744803 
422000,14646630.6550293,-42395755.7852783,2669.44030511692,-78.869049514589 
423000,14646899.9683838,-42396179.5303955,2669.46937490155,-78.8689011081159 
424000,14646656.4510498,-42395489.1362305,2669.42580712361,-78.8689071474442 
425000,14648106.5655518,-42397471.7803955,2669.5655139992,-78.8679833786591 
426000,14095914.6112061,-41843064.9613037,2651.18750537511,-78.6226072767633 
427000,14096309.9906006,-41842012.8314209,2651.13521581869,-78.6216851763942 
428000,14096718.4155273,-41842809.8989258,2651.18840035786,-78.6215131387819 
429000,14096989.0119629,-41844401.913208,2651.28417703641,-78.6218399272871 
430000,14096754.2149658,-41843032.1697998,2651.20173436141,-78.6215612002436 
431000,14096870.2559814,-41843980.6949463,2651.25793217201,-78.6218114614151 
432000,14096843.6850586,-41845035.916748,2651.3174675323,-78.6222812793765 
433000,14096576.8623047,-41844816.9107666,2651.29989071414,-78.6225186629892 
434000,13432299.890625,-41156963.8804932,2599.54211478738,-79.1650260019429 
435000,13434307.0349121,-41155043.1226807,2599.46987151141,-79.161712002816 
436000,13435764.1916504,-41156642.2537842,2617.03535544759,-78.3998748140996 
437000,13434997.4849854,-41155408.6358643,2616.95008516266,-78.4003327477685 
438000,13435530.4219971,-41155176.3591309,2616.94673517684,-78.3995668571899 
439000,13435369.119873,-41155625.5627441,2616.96952193427,-78.399954286239 
440000,13435555.6861572,-41154406.4866943,2616.90296990986,-78.399218863462 
441000,13436145.3530273,-41155873.0941162,2616.99830757233,-78.3990793830043 
442000,13070142.0966797,-40788189.2816162,2589.04250696235,-78.7118657967826 
443000,13070721.5407715,-40788722.7662354,2589.08390522839,-78.7113454204378 
444000,13071251.4379883,-40787612.2244873,2589.02975286521,-78.7102170288781 
445000,13071150.586792,-40789263.6798096,2589.12295697473,-78.7110196796674 
446000,13071616.7633057,-40789712.6838379,2603.60628317245,-77.9836884542326 
447000,13071320.8334961,-40789073.8731689,2603.56381587237,-77.9838046487616 
448000,13071372.8006592,-40789561.7106934,2603.59301852575,-77.9839375952728 
449000,13072576.2769775,-40790305.2207031,2603.65838185765,-77.982708089795 
450000,12579761.5239258,-40261035.8994141,2563.94760350778,-78.4007749379449 
451000,12579119.1943359,-40261015.2883301,2563.93476361587,-78.401599391753 
452000,12582159.6870117,-40262188.1077881,2564.05793057361,-78.3981325298999 
453000,12581519.5297852,-40264066.3659668,2564.15529767789,-78.3997233800722 
454000,12568447.6435547,-40270745.2518311,2564.30596278537,-78.4193744485814 
455000,12569211.2412109,-40270885.5043945,2564.32792956476,-78.4184412179082 
456000,12568998.4820557,-40270346.6470947,2572.16037769733,-77.3761206597076 
457000,12569274.697998,-40271043.6806641,2572.20596447805,-77.3760446082499 
458000,12094280.5909424,-39748800.2093506,2533.24647732273,-77.7867543837585 
459000,12108111.3441162,-39743984.9844971,2533.21122907939,-77.7665741559184 
460000,12107974.8533936,-39744561.6159668,2533.24243583902,-77.766985951236 
461000,12108309.2687988,-39745736.6791992,2533.31691347416,-77.7670170319835 
462000,12108350.2293701,-39745551.6085205,2533.30684702863,-77.7668886254931 
463000,12109086.3887939,-39746637.9304199,2533.38328732875,-77.7663541078019 
464000,12109262.8613281,-39746941.9553223,2533.40415528779,-77.7662435037817 
465000,11661795.7984619,-39269901.3752441,2497.69190087891,-78.1704822131253 
466000,11668306.7265625,-39275741.7368164,2501.76121220632,-77.653402074559 
467000,11653927.1451416,-39267198.6566162,2501.01122517819,-77.6692803709106 
468000,11670873.7172852,-39276841.569458,2501.87022746655,-77.6503991674143 
469000,11658970.1585693,-39268161.1026611,2501.15518921288,-77.6629010633309 
470000,11655646.2637939,-39266889.927002,2501.02302126345,-77.6668521592335 
471000,11665882.8751221,-39277618.1791992,2501.82890090169,-77.6573984092703 
472000,11653956.9494629,-39268229.2519531,2501.07207011321,-77.6696505621351 
473000,11188058.3287354,-38722654.6977539,2461.1067638393,-78.0839093604441 
474000,11188958.5612793,-38722622.7832031,2461.12014999575,-78.0826673792483 
475000,11190354.1518555,-38723274.7614746,2461.18205115684,-78.0810188363185 
476000,11189644.322876,-38723934.8477783,2466.49455189427,-77.5397105162799 
477000,11188753.5480957,-38723862.6269531,2466.47517551946,-77.540898446454 
478000,11188771.0860596,-38722485.7966309,2466.39453491434,-77.5403312219788 
479000,11189112.7955322,-38724250.8537598,2466.50409993752,-77.5405610473992 
480000,11188996.020752,-38724265.0102539,2466.50294863405,-77.5407260979216 
481000,10586869.604126,-37975010.9312744,2412.33618799358,-78.0791751975257 
482000,10586422.1942139,-37974010.8452148,2412.26988771296,-78.0794112397884 
483000,10586201.2130127,-37975712.1103516,2412.36653492568,-78.0803845724454 
484000,10587324.8389893,-37975869.543457,2412.39427799238,-78.0788729984323 
485000,10588260.8686523,-37975580.6169434,2412.39263009778,-78.077449854064 
486000,10586200.3745117,-37976697.5148926,2413.83291229878,-77.5908172443678 
487000,10587946.8613281,-37976839.5648193,2413.87000522377,-77.5884277580895 
488000,10588647.4558105,-37978760.6585693,2413.99482607046,-77.5881967974317 
489000,10374178.7218018,-37723082.4818115,2395.40396836787,-77.7901848292907 
490000,10376501.1304932,-37726493.0814209,2395.64301870013,-77.7882300806911 
491000,10375875.3598633,-37726603.8381348,2395.63939674535,-77.7891566212532 
492000,10375899.5355225,-37727632.3054199,2395.70050446711,-77.7895218479059 
493000,10376093.1872559,-37726722.8867188,2395.64996143862,-77.7888952975987 
494000,10374824.2225342,-37726474.5111084,2395.61469627995,-77.7905905303199 
495000,10374833.2242432,-37725875.3240967,2395.57946943397,-77.7903451619803 
496000,10376440.9621582,-37726856.2860107,2395.42846760245,-77.2751632326074 
497000,9995981.61047363,-37267696.1102295,2362.19565643681,-77.6390773167027 
498000,9996086.40844727,-37267764.692749,2362.20137386517,-77.6389533957275 
499000,9995798.11804199,-37269820.7803955,2362.31837954133,-77.6401577712496 
500000,9995848.08935547,-37268722.2962646,2362.25421783787,-77.6396635661001 
---------------------------------------------------------- 

