Barrido en f -> f_inicial:10000, f_final:500000, step: 10
Parametros -> M:128,	N:256, Modo:0,	Fuente:1
Formato -> f,x,y,r,phi

10000.000000,121751884.294983,-5594.877686,7431.372077,-0.002633
10009.765625,121750149.604187,-5648.057800,7431.266197,-0.002658
10020.380435,121749732.238922,-5564.182526,7431.240722,-0.002619
10044.642857,121750113.363251,-5419.970886,7431.263984,-0.002551
10069.444444,121747703.670288,-5079.192535,7431.116903,-0.002390
10080.645161,121747011.554047,-5307.815369,7431.074659,-0.002498
10091.145833,121746703.253601,-5732.774414,7431.055842,-0.002698
10099.085366,121746178.450714,-5433.221985,7431.023809,-0.002557
10110.294118,121745125.478577,-5170.292023,7430.959538,-0.002433
10120.738636,121745287.106628,-4772.826416,7430.969402,-0.002246
10127.314815,121743645.552704,-5422.545227,7430.869208,-0.002552
10139.627660,121743615.174316,-4947.910004,7430.867353,-0.002329
10156.250000,121744102.225800,-5271.360382,7430.897082,-0.002481
10174.418605,121741747.743622,-3591.970703,7430.753368,-0.001691
10179.924242,121741406.813080,-5102.153748,7430.732561,-0.002401
10190.217391,121742418.820679,-4707.784607,7430.794330,-0.002216
10199.652778,121741280.744354,-4943.194458,7430.724866,-0.002327
10204.081633,121740327.414307,-4101.686584,7430.666676,-0.001930
10216.346154,121741654.184479,-4878.126617,7430.747660,-0.002296
10230.654762,121740751.855316,-3655.728088,7430.692582,-0.001721
10237.068966,121739296.789612,-4367.262054,7430.603770,-0.002055
10253.906250,121739848.941956,-3859.634857,7430.637471,-0.001817
10267.857143,121737635.107880,-3843.646271,7430.502345,-0.001809
10279.605263,121737293.071686,-3156.679688,7430.481467,-0.001486
10289.634146,121738597.385376,-3440.347229,7430.561079,-0.001619
10298.295455,121739591.412323,-3293.732086,7430.621751,-0.001550
10312.500000,121736756.435394,-3503.497345,7430.448713,-0.001649
10323.660714,121739191.965363,-2774.698029,7430.597369,-0.001306
10332.661290,121737672.838318,-3175.134094,7430.504647,-0.001494
10340.073529,121739498.869232,-3236.013092,7430.616102,-0.001523
10351.562500,121737983.115601,-2242.421204,7430.523584,-0.001055
10360.054348,121738154.236755,-2868.985962,7430.534029,-0.001350
10363.520408,121734886.612152,-3087.224762,7430.334584,-0.001453
10416.666667,121735029.262817,-2732.085510,7430.343290,-0.001286
10472.074468,121736452.120483,-2949.290070,7430.430137,-0.001388
10480.182927,121735452.836761,-2798.721924,7430.369144,-0.001317
10491.071429,121735436.167267,-2778.745056,7430.368126,-0.001308
10498.046875,121734920.065155,-3614.480591,7430.336626,-0.001701
10506.465517,121734999.627380,-3016.316162,7430.341482,-0.001420
10516.826923,121735850.298615,-3525.247437,7430.393405,-0.001659
10529.891304,121735377.291534,-3460.430023,7430.364534,-0.001629
10537.790698,121734803.162170,-3789.292694,7430.329491,-0.001784
10546.875000,121734755.149597,-3103.605774,7430.326560,-0.001461
10557.432432,121732873.324371,-3988.269226,7430.211700,-0.001877
10569.852941,121735361.793640,-4074.922729,7430.363589,-0.001918
10579.427083,121734487.838196,-4417.334595,7430.310246,-0.002079
10590.277778,121734457.825378,-4387.887543,7430.308414,-0.002065
10602.678571,121734613.629578,-4537.486755,7430.317924,-0.002136
10616.987179,121734842.811798,-5023.388123,7430.331914,-0.002364
10633.680556,121733451.136719,-4536.425751,7430.246969,-0.002135
10638.297872,121734066.102936,-5474.726776,7430.284507,-0.002577
10653.409091,121736619.665222,-5005.060608,7430.440368,-0.002356
10670.731707,121732881.584442,-5465.290863,7430.212208,-0.002572
10677.083333,121732596.959290,-5473.615753,7430.194835,-0.002576
10690.789474,121733706.848083,-5248.312561,7430.262579,-0.002470
10699.728261,121732195.013123,-5873.761139,7430.170303,-0.002765
10706.018519,121734411.781281,-5839.441498,7430.305608,-0.002748
10719.476744,121732431.400238,-6212.243622,7430.184732,-0.002924
10742.187500,121730544.035095,-6447.263580,7430.069534,-0.003035
10763.888889,121732300.290985,-6410.844330,7430.176730,-0.003017
10768.581081,121732072.179138,-6443.927094,7430.162807,-0.003033
10775.862069,121732152.131714,-6219.886047,7430.167686,-0.002928
10788.690476,121733627.529938,-6501.910156,7430.257741,-0.003060
10799.632353,121729354.334503,-4731.737091,7429.996913,-0.002227
10804.521277,121731879.466309,-6480.566681,7430.151045,-0.003050
10817.307692,121733726.333069,-6547.941559,7430.263772,-0.003082
10830.965909,121728761.717560,-6087.150635,7429.960745,-0.002865
10836.693548,121731097.391235,-6054.309418,7430.103308,-0.002850
10850.694444,121729233.437805,-6058.500275,7429.989538,-0.002852
10861.280488,121730173.535156,-6236.392395,7430.046919,-0.002935
10869.565217,121730883.481079,-6598.891144,7430.090253,-0.003106
10881.696429,121728641.842468,-6264.418365,7429.953429,-0.002949
10890.151515,121730878.242126,-6155.963196,7430.089932,-0.002898
10901.162791,121730399.840271,-5485.440613,7430.060730,-0.002582
10937.500000,121733441.629669,-5283.805817,7430.246391,-0.002487
10974.702381,121729211.753021,-4663.796112,7429.988210,-0.002195
10979.729730,121731173.724243,-4394.030853,7430.107962,-0.002068
10986.328125,121730481.634888,-4432.895905,7430.065720,-0.002087
10995.370370,121731882.802795,-4536.231262,7430.151243,-0.002135
11008.522727,121728607.036316,-4768.598480,7429.951300,-0.002245
11017.628205,121730085.620605,-3833.051971,7430.041547,-0.001804
11029.411765,121731832.556274,-3893.135834,7430.148175,-0.001832
11039.402174,121729553.707153,-3889.625031,7430.009080,-0.001831
11051.829268,121730915.746429,-3492.911072,7430.092215,-0.001644
11067.708333,121729746.218262,-3272.093628,7430.020830,-0.001540
11082.848837,121730843.909302,-3021.798157,7430.087829,-0.001422
11088.709677,121731322.402954,-2967.207825,7430.117035,-0.001397
11101.973684,121732662.741211,-2513.981628,7430.198844,-0.001183
11111.111111,121730494.516083,-2336.573151,7430.066502,-0.001100
11117.788462,121729699.784851,-1832.831390,7430.017994,-0.000863
11132.812500,121730339.143524,-2255.103516,7430.057019,-0.001061
11160.714286,121730913.863434,-1680.777039,7430.092097,-0.000791
11186.079545,121728372.609894,-1149.524933,7429.936986,-0.000541
11190.878378,121730204.296539,-1027.777069,7430.048787,-0.000484
11197.916667,121729161.806427,-1996.722168,7429.985157,-0.000940
11209.239130,121731516.166595,-2119.145172,7430.128860,-0.000997
11217.948718,121731067.719574,-2200.548767,7430.101489,-0.001036
11230.468750,121729672.685791,-1720.497101,7430.016339,-0.000810
11242.378049,121728392.983246,-1612.685547,7429.938230,-0.000759
11250.000000,121730116.220459,-1997.475708,7430.043412,-0.000940
11259.191176,121728739.511017,-2048.701385,7429.959382,-0.000964
11264.534884,121730038.385559,-3117.691193,7430.038662,-0.001467
11284.722222,121729736.357330,-2360.334778,7430.020226,-0.001111
11307.565789,121728105.868378,-2104.756592,7429.920706,-0.000991
11314.655172,121731089.101898,-2733.373627,7430.102794,-0.001287
11328.125000,121728519.486389,-2847.870331,7429.945953,-0.001340
11340.725806,121730935.505463,-2774.622864,7430.093419,-0.001306
11346.726190,121728002.528015,-3781.251038,7429.914401,-0.001780
11363.636364,121728993.561401,-4127.668121,7429.974891,-0.001943
11383.928571,121729506.752350,-3543.531006,7430.006214,-0.001668
11393.229167,121729020.529205,-3731.934631,7429.976537,-0.001757
11402.027027,121729763.983978,-3867.410858,7430.021915,-0.001820
11418.269231,121728478.324554,-4491.179169,7429.943444,-0.002114
11432.926829,121728669.119293,-4441.499023,7429.955089,-0.002091
11439.732143,121728706.036652,-5030.472900,7429.957344,-0.002368
11446.220930,121728950.408356,-5532.572205,7429.972261,-0.002604
11458.333333,121730057.469879,-4818.896362,7430.039831,-0.002268
11474.609375,121728444.647247,-5278.234009,7429.941390,-0.002484
11488.970588,121730122.143738,-6020.506683,7430.043781,-0.002834
11501.736111,121730498.931396,-5592.167816,7430.066778,-0.002632
11513.157895,121729697.417297,-6830.455719,7430.017860,-0.003215
11523.437500,121729319.335571,-6599.876526,7429.994782,-0.003107
11532.738095,121729468.355347,-6757.238922,7430.003878,-0.003181
11541.193182,121729154.371399,-6579.674774,7429.984713,-0.003097
11548.913043,121729681.484680,-7340.492096,7430.016889,-0.003455
11562.500000,121729585.955627,-7308.165161,7430.011058,-0.003440
11574.074074,121729222.943176,-7472.791443,7429.988902,-0.003517
11584.051724,121730093.976837,-6977.898804,7430.042065,-0.003284
11592.741935,121729470.595795,-7644.243683,7430.004018,-0.003598
11600.378788,121728524.902527,-6997.066650,7429.946294,-0.003294
11607.142857,121728206.777374,-7817.197205,7429.926879,-0.003680
11618.589744,121728564.896332,-7516.266571,7429.948737,-0.003538
11627.906977,121728256.466583,-7311.037964,7429.929910,-0.003441
11718.750000,121728672.244171,-7772.393585,7429.955290,-0.003658
11809.593023,121728945.495026,-5931.348236,7429.971962,-0.002792
11818.910256,121728130.182343,-5621.589966,7429.922197,-0.002646
11830.357143,121728106.591949,-5249.354401,7429.920756,-0.002471
11837.121212,121727660.268158,-5949.131165,7429.893516,-0.002800
11853.448276,121726757.973572,-5836.663910,7429.838442,-0.002747
11863.425926,121726584.984497,-5756.033936,7429.827883,-0.002709
11875.000000,121727742.583893,-4745.031158,7429.898537,-0.002233
11888.586957,121727120.325897,-4744.751434,7429.860556,-0.002233
11904.761905,121726151.426086,-3947.435577,7429.801415,-0.001858
11914.062500,121728167.734802,-3253.835602,7429.924484,-0.001532
11924.342105,121727415.400940,-3674.699432,7429.878564,-0.001730
11935.763889,121728367.968781,-2864.520569,7429.936705,-0.001348
11948.529412,121727065.572235,-3121.539856,7429.857211,-0.001469
11962.890625,121728873.905823,-2146.735931,7429.967585,-0.001010
11979.166667,121727554.136169,-2290.129028,7429.887030,-0.001078
11997.767857,121727940.177826,-1689.593994,7429.910592,-0.000795
12004.573171,121727275.155212,-1660.050110,7429.870001,-0.000781
12019.230769,121728061.937073,-1009.410156,7429.918024,-0.000475
12035.472973,121728223.050140,-1258.145355,7429.927858,-0.000592
12044.270833,121728011.369965,-836.447418,7429.914937,-0.000394
12053.571429,121726658.316040,-573.666718,7429.832351,-0.000270
12073.863636,121726627.835785,-1005.327881,7429.830490,-0.000473
12090.773810,121727990.436432,-520.997955,7429.913659,-0.000245
12096.774194,121728416.421936,-405.286469,7429.939660,-0.000191
12109.375000,121728953.960754,-581.299042,7429.972470,-0.000274
12122.844828,121728252.274078,610.050171,7429.929641,0.000287
12129.934211,121727427.980194,36.426971,7429.879329,0.000017
12152.777778,121728977.496277,9.108673,7429.973906,0.000004
12178.308824,121728070.921417,388.334961,7429.918572,0.000183
12187.500000,121728196.818390,-19.743256,7429.926256,-0.000009
12195.121951,121727173.853302,-221.050568,7429.863817,-0.000104
12207.031250,121726917.332153,194.133850,7429.848160,0.000091
12219.551282,121727491.624359,-307.874634,7429.883213,-0.000145
12228.260870,121726482.370270,60.635406,7429.821611,0.000029
12239.583333,121727696.519897,-632.354462,7429.895720,-0.000298
12246.621622,121727473.536102,-313.040985,7429.882109,-0.000147
12276.785714,121728308.771271,-636.044495,7429.933090,-0.000299
12304.687500,121727607.247101,-1656.171570,7429.890271,-0.000780
12310.606061,121726323.297028,-1812.186676,7429.811903,-0.000853
12319.711538,121726447.809753,-1536.654297,7429.819503,-0.000723
12335.526316,121726309.697083,-1855.391022,7429.811073,-0.000873
12348.790323,121725794.908752,-2893.748138,7429.779653,-0.001362
12369.791667,121727673.836609,-3076.073364,7429.894337,-0.001448
12385.670732,121726692.546082,-3945.390106,7429.834444,-0.001857
12392.241379,121725262.160004,-3979.896454,7429.747137,-0.001873
12408.088235,121726724.371704,-5382.872437,7429.836390,-0.002534
12419.871795,121725211.139893,-7585.082214,7429.744034,-0.003570
12428.977273,121726271.049225,-5376.575195,7429.808720,-0.002531
12442.129630,121727085.722534,-5798.185669,7429.858447,-0.002729
12451.171875,121725945.319397,-5919.335876,7429.788840,-0.002786
12457.770270,121725882.394623,-6511.231476,7429.785001,-0.003065
12500.000000,121721245.322876,-7481.247894,7429.501972,-0.003522
12541.118421,121724198.737701,-9039.872406,7429.682246,-0.004255
12547.348485,121723765.272461,-8685.203674,7429.655787,-0.004088
12555.803571,121724709.290527,-8940.675201,7429.713408,-0.004208
12567.934783,121723579.401703,-9254.899231,7429.644444,-0.004356
12586.805556,121724431.497375,-9011.308380,7429.696453,-0.004242
12600.806452,121724487.082520,-9667.446259,7429.699848,-0.004551
12620.192308,121725770.047455,-10480.505554,7429.778161,-0.004933
12637.867647,121724079.934357,-9996.868439,7429.674999,-0.004706
12648.809524,121725946.014313,-9796.312927,7429.788898,-0.004611
12661.637931,121725563.519806,-10172.404358,7429.765553,-0.004788
12668.918919,121723992.728302,-10310.114655,7429.669678,-0.004853
12695.312500,121724344.323944,-10337.655487,7429.691138,-0.004866
12723.214286,121723615.508545,-10398.209045,7429.646654,-0.004895
12731.481481,121724193.044678,-9993.467987,7429.681903,-0.004704
12746.710526,121725269.937927,-10238.451752,7429.747634,-0.004819
12760.416667,121723290.838226,-9742.767090,7429.626834,-0.004586
12784.090909,121725149.962646,-9978.828888,7429.740310,-0.004697
12803.819444,121723699.184631,-9347.947266,7429.651756,-0.004400
12812.500000,121725885.936859,-8259.867004,7429.785224,-0.003888
12820.512821,121725204.066650,-8383.278381,7429.743605,-0.003946
12834.821429,121723900.094788,-8238.738647,7429.664014,-0.003878
12852.822581,121725288.852600,-7527.452606,7429.748777,-0.003543
12867.647059,121726708.345398,-7579.008881,7429.835419,-0.003567
12880.067568,121727150.097107,-6287.124634,7429.862377,-0.002959
12890.625000,121725183.348663,-6451.267944,7429.742333,-0.003037
12907.608696,121727087.138611,-5647.006378,7429.858533,-0.002658
12920.673077,121725225.246552,-5796.964905,7429.744889,-0.002729
12931.034483,121725825.457703,-5278.052734,7429.781522,-0.002484
12939.453125,121726700.670502,-5325.871460,7429.834943,-0.002507
12952.302632,121726426.237366,-4281.055450,7429.818190,-0.002015
13020.833333,121725984.244080,-2356.536652,7429.791209,-0.001109
13091.216216,121726853.197357,2985.597473,7429.844248,0.001405
13097.426471,121727360.878235,659.270660,7429.875233,0.000310
13113.839286,121727492.978027,863.960632,7429.883296,0.000407
13125.000000,121729347.679291,958.361023,7429.996502,0.000451
13139.204545,121726191.734406,1638.636932,7429.803873,0.000771
13157.894737,121727809.849060,2048.386475,7429.902638,0.000964
13169.642857,121729199.260681,1783.536041,7429.987443,0.000840
13183.593750,121727581.152954,2360.005341,7429.888679,0.001111
13200.431034,121726989.517700,2942.047028,7429.852568,0.001385
13221.153846,121727363.490417,3112.052979,7429.875395,0.001465
13237.847222,121726543.405121,3794.961487,7429.825340,0.001786
13247.282609,121727402.944641,3154.082916,7429.877803,0.001485
13257.575758,121726846.920959,2653.778351,7429.843864,0.001249
13281.250000,121725465.973236,2920.430298,7429.759576,0.001375
13302.364865,121727609.175354,2564.609894,7429.890390,0.001207
13310.185185,121727188.004242,2267.231140,7429.864682,0.001067
13327.205882,121728140.831940,3204.189392,7429.922842,0.001508
13346.354167,121728902.514130,2453.981903,7429.969331,0.001155
13356.854839,121728033.946625,2458.031006,7429.916317,0.001157
13363.486842,121726661.961029,2300.142761,7429.832574,0.001083
13392.857143,121722133.013641,1427.746307,7429.556140,0.000672
13427.734375,121727629.253296,57.135193,7429.891614,0.000027
13437.500000,121729295.426361,166.474030,7429.993312,0.000078
13454.861111,121727993.852173,-872.838501,7429.913868,-0.000411
13469.827586,121728796.685455,-401.221069,7429.962870,-0.000189
13494.318182,121724748.741028,-1665.203461,7429.715797,-0.000784
13513.513514,121728267.651337,-3635.298004,7429.930583,-0.001711
13521.634615,121726568.212036,-3804.244110,7429.826855,-0.001791
13541.666667,121726517.191406,-4115.067902,7429.823741,-0.001937
13556.985294,121726668.388367,-4357.425903,7429.832970,-0.002051
13569.078947,121726310.966064,-6241.674957,7429.811159,-0.002938
13586.956522,121727019.584625,-6135.350067,7429.854411,-0.002888
13599.537037,121728226.744568,-6456.385284,7429.928093,-0.003039
13608.870968,121726627.516357,-7294.465088,7429.830484,-0.003434
13616.071429,121727601.509308,-8627.447052,7429.889939,-0.004061
13671.875000,121726781.946655,-10185.546509,7429.839923,-0.004794
13724.662162,121727329.324188,-12012.972198,7429.873343,-0.005655
13731.060606,121727459.195648,-12058.241058,7429.881270,-0.005676
13739.224138,121726548.691772,-11973.849609,7429.825695,-0.005636
13750.000000,121725563.380371,-12158.805328,7429.765556,-0.005723
13764.880952,121725070.938507,-12743.099457,7429.735503,-0.005998
13786.764706,121722511.392639,-14013.273407,7429.579284,-0.006596
13802.083333,121725197.781799,-13778.592865,7429.743252,-0.006486
13822.115385,121722064.228271,-14307.575134,7429.551993,-0.006735
13839.285714,121725346.633667,-14903.566711,7429.752345,-0.007015
13849.431818,121726906.655548,-14790.248993,7429.847563,-0.006962
13860.887097,121725243.572571,-15351.157532,7429.746058,-0.007226
13888.888889,121721000.394073,-14216.813385,7429.487059,-0.006692
13916.015625,121726297.284943,-14512.179932,7429.810367,-0.006831
13926.630435,121723244.619415,-14653.011047,7429.624043,-0.006897
13950.892857,121726018.606293,-14159.475464,7429.793355,-0.006665
13967.803030,121725968.974487,-13851.363861,7429.790323,-0.006520
13980.263158,121723810.873474,-13906.032349,7429.658600,-0.006546
13997.395833,121726231.035217,-13180.157440,7429.806314,-0.006204
14008.620690,121725684.942688,-13585.433929,7429.772985,-0.006395
14016.544118,121727633.886353,-11942.308289,7429.891932,-0.005621
14062.500000,121724980.369263,-11441.665619,7429.729967,-0.005386
14105.902778,121726334.247375,-9929.658600,7429.812595,-0.004674
14112.903226,121725298.313446,-6626.637604,7429.749351,-0.003119
14122.596154,121727052.924103,-9104.971069,7429.856457,-0.004286
14136.904762,121723230.180389,-8181.453461,7429.623124,-0.003851
14160.156250,121728307.168701,-6824.164429,7429.933003,-0.003212
14178.240741,121723109.111084,-6368.763306,7429.615728,-0.002998
14204.545455,121723280.073761,-4928.704956,7429.626159,-0.002320
14229.910714,121728526.983124,-3638.712738,7429.946412,-0.001713
14246.323529,121723462.570984,-2860.642639,7429.637294,-0.001347
14266.304348,121723112.672180,-2051.613800,7429.615936,-0.000966
14278.017241,121723941.275208,-904.451599,7429.666511,-0.000426
14285.714286,121725681.080994,-347.445343,7429.772703,-0.000164
14322.916667,121727692.726471,1239.268127,7429.895488,0.000583
14364.919355,121724586.126434,3583.238342,7429.705874,0.001687
14375.000000,121724674.990112,3598.955353,7429.711298,0.001694
14391.447368,121723665.426270,5059.810883,7429.649680,0.002382
14404.296875,121727207.457489,5025.522919,7429.865875,0.002366
14423.076923,121722483.383942,6390.227264,7429.577535,0.003008
14441.287879,121723848.709595,6685.705597,7429.660872,0.003147
14453.125000,121725761.149109,6504.602692,7429.777601,0.003062
14467.592593,121725103.742340,6990.933990,7429.737476,0.003291
14476.102941,121727299.245087,7521.608582,7429.871485,0.003540
14508.928571,121726602.863831,7888.050354,7429.828982,0.003713
14547.413793,121724157.839569,8700.328339,7429.679748,0.004095
14559.659091,121727934.475677,8753.214935,7429.910263,0.004120
14583.333333,121723628.918152,9583.769775,7429.647468,0.004511
14605.978261,121723800.172638,8849.100098,7429.657918,0.004165
14616.935484,121724999.851929,8651.698486,7429.731142,0.004072
14648.437500,121726128.159271,8131.636871,7429.800008,0.003828
14678.030303,121722181.195038,3911.303253,7429.559084,0.001841
14687.500000,121722887.994781,7009.736969,7429.602234,0.003300
14705.882353,121722339.766174,6757.580109,7429.568771,0.003181
14723.557692,121725076.647552,6795.082855,7429.735822,0.003199
14756.944444,121723032.808899,5442.770599,7429.611068,0.002562
14787.946429,121723686.751862,4603.868317,7429.650980,0.002167
14802.631579,121721540.318146,3836.569122,7429.519967,0.001806
14816.810345,121722549.905090,2633.771576,7429.581587,0.001240
14843.750000,121723510.224792,921.986725,7429.640201,0.000434
14868.951613,121722667.582947,-153.219971,7429.588768,-0.000072
14880.952381,121722756.629211,-1023.208374,7429.594204,-0.000482
14892.578125,121722501.050751,-3059.822235,7429.578606,-0.001440
14914.772727,121723514.323853,-3016.413574,7429.640453,-0.001420
14935.661765,121722381.908783,-4240.481415,7429.571336,-0.001996
14945.652174,121721860.716644,-4685.610718,7429.539525,-0.002206
14973.958333,121723024.251801,-6242.285431,7429.610548,-0.002938
15000.000000,121719023.618286,-8034.770264,7429.366368,-0.003782
15024.038462,121721139.726410,-9098.826935,7429.495533,-0.004283
15046.296296,121721336.473022,-11435.318665,7429.507554,-0.005383
15066.964286,121722023.201508,-13335.969116,7429.549482,-0.006278
15086.206897,121720660.489166,-16733.331482,7429.466331,-0.007877
15104.166667,121720094.620270,-13979.330902,7429.431771,-0.006581
15120.967742,121720976.274567,-15548.366119,7429.485596,-0.007319
15136.718750,121720842.788086,-15480.850586,7429.477448,-0.007287
15151.515152,121719954.616241,-17801.935547,7429.423256,-0.008380
15165.441176,121720516.766113,-16792.125519,7429.457559,-0.007905
15190.972222,121720282.508942,-17774.742950,7429.443270,-0.008367
15213.815789,121720832.439331,-19596.053436,7429.476853,-0.009224
15234.375000,121721237.549713,-20106.626892,7429.501585,-0.009465
15252.976190,121720632.930481,-20750.236969,7429.464687,-0.009768
15269.886364,121721281.591888,-20644.587921,7429.504278,-0.009718
15285.326087,121721639.636810,-21161.358002,7429.526138,-0.009961
15299.479167,121720547.226501,-21403.835693,7429.459463,-0.010075
15312.500000,121720054.833527,-21009.859619,7429.429404,-0.009890
15324.519231,121720267.317780,-21304.355530,7429.442377,-0.010029
15335.648148,121721022.532654,-22655.130157,7429.488488,-0.010664
15345.982143,121721539.506622,-22876.395355,7429.520045,-0.010769
15355.603448,121720873.272949,-21513.164917,7429.479365,-0.010127
15372.983871,121720164.476837,-21334.410126,7429.436100,-0.010043
15380.859375,121719295.194733,-21580.197662,7429.383044,-0.010159
15388.257576,121718589.621033,-21897.394379,7429.339982,-0.010308
15625.000000,121720483.050903,-13616.374786,7429.455477,-0.006410
15869.140625,121722466.606079,3808.275177,7429.576505,0.001793
15877.016129,121724027.946198,5145.373169,7429.671807,0.002422
15894.396552,121725131.997498,5783.411163,7429.739197,0.002722
15904.017857,121723235.971710,7394.858124,7429.623475,0.003481
15914.351852,121725410.557434,6892.018219,7429.756203,0.003244
15925.480769,121723479.204193,7508.996124,7429.638321,0.003535
15937.500000,121723767.117004,8327.914673,7429.655898,0.003920
15950.520833,121723485.330627,9137.442627,7429.638702,0.004301
15964.673913,121725142.173340,9261.651306,7429.739831,0.004360
15980.113636,121723731.844177,11032.320801,7429.653758,0.005193
15997.023810,121726489.385071,11473.346863,7429.822073,0.005401
16015.625000,121724866.145264,13493.679962,7429.723007,0.006352
16036.184211,121727960.637939,14364.053925,7429.911892,0.006761
16059.027778,121725247.132263,15151.146118,7429.746274,0.007132
16084.558824,121727261.235870,15479.973297,7429.869211,0.007286
16113.281250,121723453.356323,16732.927124,7429.636800,0.007876
16129.032258,121728297.136108,16842.292938,7429.932450,0.007928
16145.833333,121730709.924805,17664.889435,7430.079727,0.008315
16163.793103,121727348.877502,18009.449249,7429.874582,0.008477
16183.035714,121725947.015594,18196.507721,7429.789018,0.008565
16203.703704,121727044.315735,17990.935730,7429.855992,0.008468
16225.961538,121729451.433167,17786.726196,7430.002913,0.008372
16250.000000,121726228.591187,17882.489716,7429.806202,0.008417
16276.041667,121725366.730835,17439.568878,7429.753592,0.008209
16304.347826,121726462.719940,17879.684998,7429.820492,0.008416
16335.227273,121728881.011902,15593.704193,7429.968078,0.007340
16369.047619,121727832.008575,14842.773438,7429.904045,0.006987
16381.048387,121726908.919739,14688.177368,7429.847701,0.006914
16406.250000,121725035.617188,13709.460297,7429.733353,0.006453
16433.189655,121726596.864441,9948.111633,7429.828625,0.004683
16447.368421,121727294.983643,11131.672333,7429.871242,0.005240
16462.053571,121724430.601471,10216.528687,7429.696404,0.004809
16493.055556,121726947.858765,8441.978912,7429.850041,0.003974
16526.442308,121727097.878937,5502.175110,7429.859188,0.002590
16544.117647,121727650.642365,4266.112305,7429.892924,0.002008
16562.500000,121728070.470184,3004.262177,7429.918547,0.001414
16601.562500,121725511.161011,-369.503998,7429.762332,-0.000174
16644.021739,121726822.801117,-4547.024353,7429.842395,-0.002140
16666.666667,121727567.131927,-5380.855560,7429.887829,-0.002533
16690.340909,121724151.666718,-8187.267090,7429.679369,-0.003854
16702.586207,121726334.559021,-19966.284882,7429.812689,-0.009398
16741.071429,121724073.028900,-11726.373871,7429.674587,-0.005520
16782.407407,121725990.314697,-15314.410156,7429.791637,-0.007209
16796.875000,121724714.452209,-16853.940918,7429.713774,-0.007933
16826.923077,121726325.724152,-20745.886017,7429.812158,-0.009765
16858.552632,121726731.980774,-21338.272644,7429.836961,-0.010044
16875.000000,121725368.847473,-22743.665100,7429.753775,-0.010706
16927.083333,121725390.647156,-25726.332489,7429.755142,-0.012110
16971.982759,121726329.828827,-29233.187103,7429.812515,-0.013760
16983.695652,121726560.141937,-29443.345520,7429.826576,-0.013859
17003.676471,121727103.022034,-30317.855682,7429.859725,-0.014271
17020.089286,121725674.744263,-31966.928131,7429.772573,-0.015047
17045.454545,121724474.287018,-32054.489044,7429.699302,-0.015089
17071.759259,121724363.865753,-32185.777893,7429.692564,-0.015150
17089.843750,121723249.532349,-33748.291504,7429.624574,-0.015886
17113.095238,121724649.588196,-34677.374878,7429.710045,-0.016323
17127.403846,121724589.150330,-33792.304535,7429.706341,-0.015907
17187.500000,121727847.529419,-34661.598846,7429.905238,-0.016315
17241.379310,121725698.252716,-32838.061920,7429.774022,-0.015457
17252.604167,121725782.591187,-33059.792969,7429.779173,-0.015562
17269.736842,121724576.641937,-32782.392395,7429.705561,-0.015431
17299.107143,121725000.005310,-32536.390656,7429.731398,-0.015315
17323.369565,121726755.482178,-30955.289429,7429.838522,-0.014571
17361.111111,121725274.871613,-29844.149841,7429.748133,-0.014048
17400.568182,121726674.425323,-27441.135742,7429.833523,-0.012917
17427.884615,121724508.788147,-25789.864807,7429.701317,-0.012140
17463.235294,121725193.398163,-23707.403351,7429.743077,-0.011159
17485.119048,121724933.217560,-22128.381927,7429.727178,-0.010416
17500.000000,121726105.001740,-13257.367004,7429.798622,-0.006240
17510.775862,121726785.528290,-19716.806519,7429.840213,-0.009281
17578.125000,121727857.762878,-13225.061554,7429.905605,-0.006225
17650.462963,121725973.584412,-3735.817932,7429.790560,-0.001758
17663.043478,121725623.715027,-5430.419617,7429.769209,-0.002556
17680.921053,121726209.683197,-3977.237946,7429.804971,-0.001872
17708.333333,121725720.692963,1085.146820,7429.775121,0.000511
17728.365385,121728457.703491,1464.528534,7429.942180,0.000689
17755.681818,121725715.774353,4634.601593,7429.774826,0.002182
17795.138889,121728280.531769,7778.840790,7429.931381,0.003661
17812.500000,121725920.593842,9577.117065,7429.787345,0.004508
17857.142857,121729584.465759,13185.779480,7430.010998,0.006206
17903.645833,121730218.016296,17469.665741,7430.049701,0.008223
17922.794118,121728200.811981,19167.024384,7429.926592,0.009022
17939.814815,121729571.687988,30485.965912,7430.010407,0.014350
17968.750000,121730302.963745,22812.283600,7430.054939,0.010738
18002.717391,121728934.606750,25997.182190,7429.971458,0.012237
18028.846154,121728040.640289,27274.920258,7429.916910,0.012838
18066.406250,121730100.133392,29373.661926,7430.042645,0.013826
18092.105263,121727987.393463,31023.531799,7429.913715,0.014603
18110.795455,121731102.478149,32092.226349,7430.103867,0.015105
18125.000000,121729272.141510,32684.041962,7429.992159,0.015384
18136.160714,121729697.392517,32518.846497,7430.018112,0.015306
18229.166667,121726620.083679,35197.022736,7429.830328,0.016567
18329.326923,121730258.910706,32971.737396,7430.052393,0.015520
18342.391304,121726271.715424,33372.463867,7429.809033,0.015709
18359.375000,121728031.714722,33219.307098,7429.916455,0.015636
18382.352941,121729298.102295,32105.723480,7429.993734,0.015112
18415.178571,121731029.999969,31144.644409,7430.099428,0.014659
18437.500000,121728502.093567,29748.603943,7429.945111,0.014003
18465.909091,121729004.189697,27493.829590,7429.975725,0.012941
18503.289474,121728139.269897,24808.123444,7429.922898,0.011677
18518.518519,121726830.220215,22850.342407,7429.842974,0.010756
18554.687500,121727766.227722,21434.568085,7429.900089,0.010089
18601.190476,121727619.565979,17323.290894,7429.891098,0.008154
18629.807692,121727794.213531,14504.345306,7429.901735,0.006827
18663.194444,121728333.142395,10555.582458,7429.934605,0.004969
18682.065217,121726437.510864,9643.998688,7429.818897,0.004539
18750.000000,121731909.399750,1330.701813,7430.152862,0.000626
18807.870370,121725676.102966,-5324.646484,7429.772406,-0.002506
18821.022727,121725466.320587,-6820.775726,7429.759606,-0.003211
18841.911765,121726315.022980,-8985.834808,7429.811417,-0.004230
18880.208333,121724263.945587,-13788.036743,7429.686253,-0.006490
18914.473684,121723583.332977,-17512.200867,7429.644740,-0.008243
18930.288462,121722749.054535,-20511.885162,7429.593846,-0.009655
18973.214286,121728066.087738,-24047.924774,7429.918422,-0.011319
19021.739130,121721506.253662,-37042.238586,7429.518228,-0.017437
19042.968750,121722430.927307,-30955.693298,7429.574564,-0.014572
19062.500000,121723150.498932,-36169.705078,7429.618572,-0.017026
19097.222222,121727180.643158,-36123.821075,7429.864559,-0.017004
19140.625000,121721598.319733,-40581.542969,7429.523916,-0.019103
19176.136364,121726198.472595,-43343.139496,7429.804754,-0.020402
19205.729167,121723066.366119,-44513.677277,7429.613605,-0.020953
19230.769231,121725116.604187,-47279.551239,7429.738810,-0.022255
19270.833333,121723011.288147,-49344.664093,7429.610357,-0.023228
19301.470588,121722035.276245,-50278.621399,7429.550808,-0.023667
19325.657895,121722217.621521,-52403.805267,7429.561992,-0.024668
19345.238095,121722365.481293,-52713.442688,7429.571025,-0.024813
19361.413043,121721127.731201,-53148.967499,7429.495488,-0.025019
19375.000000,121721174.478027,-54286.865662,7429.498372,-0.025554
19531.250000,121721149.529144,-53689.274200,7429.496833,-0.025273
19687.500000,121721180.855316,-48041.171631,7429.498601,-0.022614
19701.086957,121722431.508179,-48299.958160,7429.574944,-0.022736
19717.261905,121723303.183899,-47133.488770,7429.628120,-0.022187
19736.842105,121722953.211731,-45582.759247,7429.606723,-0.021457
19761.029412,121722766.035706,-43712.531311,7429.595256,-0.020576
19791.666667,121725057.346222,-41858.556885,7429.735071,-0.019703
19831.730769,121724190.584778,-38325.689484,7429.682096,-0.018040
19856.770833,121719341.369598,-31684.122620,7429.385998,-0.014915
19886.363636,121725382.071442,-30914.863373,7429.754692,-0.014552
19921.875000,121721059.151703,-28459.269501,7429.490797,-0.013397
19965.277778,121727434.389679,-24577.031097,7429.879871,-0.011568
20000.000000,121722793.867096,-17630.650909,7429.596554,-0.008299
20019.531250,121722170.353394,-17293.875977,7429.558494,-0.008141
20040.760870,121723955.765564,-15108.693298,7429.667452,-0.007112
20089.285714,121728408.728851,-9312.237976,7429.939212,-0.004383
20148.026316,121726660.924652,-999.429565,7429.832510,-0.000470
20182.291667,121721905.395721,3571.953461,7429.542250,0.001681
20220.588235,121725440.426056,8625.951599,7429.758033,0.004060
20241.477273,121721514.191986,11018.942902,7429.518399,0.005187
20312.500000,121725197.049591,20698.991394,7429.743267,0.009743
20380.434783,121724115.913971,29672.762054,7429.677391,0.013967
20399.305556,121722013.069977,31393.010498,7429.549066,0.014777
20432.692308,121728529.898193,37823.386047,7429.946945,0.017803
20461.309524,121727483.907898,38797.569183,7429.883120,0.018262
20507.812500,121725931.004211,44560.674347,7429.788455,0.020975
20559.210526,121729482.691132,48579.202850,7430.005334,0.022866
20596.590909,121730688.315918,51531.623383,7430.078996,0.024255
20647.321429,121724750.853027,55739.602600,7429.716704,0.026237
20680.147059,121731302.455353,57415.055847,7430.116641,0.027025
20703.125000,121726722.682007,59230.195770,7429.837159,0.027880
20720.108696,121730801.680176,60551.968903,7430.086168,0.028501
20833.333333,121724739.382568,63165.833557,7429.716225,0.029733
20951.704545,121729416.317627,63334.787170,7430.001696,0.029811
20970.394737,121731525.721710,61411.655945,7430.130388,0.028906
20996.093750,121728082.171600,60609.089081,7429.920179,0.028529
21033.653846,121731592.726227,58631.813599,7430.134394,0.027597
21059.782609,121728054.377167,43287.909241,7429.918032,0.020376
21093.750000,121729729.160614,55770.466919,7430.020566,0.026251
21139.705882,121731274.726593,51877.338043,7430.114797,0.024418
21158.854167,121728512.876373,50856.491211,7429.946196,0.023938
21205.357143,121727372.141846,45769.864929,7429.876446,0.021544
21267.361111,121727383.373627,39293.468018,7429.876993,0.018496
21306.818182,121729118.197388,34809.310944,7429.982798,0.016385
21354.166667,121728042.795715,28509.970154,7429.917059,0.013420
21381.578947,121728115.553741,24679.175171,7429.921449,0.011616
21399.456522,121727624.065887,19545.449463,7429.891393,0.009200
21484.375000,121725419.651947,10926.162476,7429.756776,0.005143
21577.380952,121724784.511566,-3078.136902,7429.717982,-0.001449
21599.264706,121728409.305328,-5606.213409,7429.939234,-0.002639
21634.615385,121725044.736389,-11556.363708,7429.733896,-0.005440
21661.931818,121724781.057648,-20923.688538,7429.717878,-0.009849
21701.388889,121724175.016418,-23237.351776,7429.680913,-0.010938
21739.130435,121725514.541687,-28991.953735,7429.762749,-0.013647
21763.392857,121724025.591339,-30427.199402,7429.671889,-0.014323
21792.763158,121724575.839203,-34559.680054,7429.705542,-0.016268
21875.000000,121717584.331665,-49608.228577,7429.279119,-0.023353
21949.404762,121723875.015747,-54396.617096,7429.663208,-0.025605
21972.656250,121723492.254730,-57451.380920,7429.639931,-0.027043
22017.045455,121722712.807922,-62439.212097,7429.592506,-0.029391
22058.823529,121723071.886780,-66434.825348,7429.614552,-0.031272
22078.804348,121722660.465851,-69333.700592,7429.589539,-0.032637
22135.416667,121723231.308197,-73213.973511,7429.624520,-0.034463
22203.947368,121724033.019897,-79141.815643,7429.673681,-0.037253
22235.576923,121723325.678955,-81657.050293,7429.630608,-0.038438
22265.625000,121724138.581543,-83340.111023,7429.680295,-0.039229
22321.428571,121719993.775452,-85784.475891,7429.427412,-0.040381
22372.159091,121723147.986969,-87606.035004,7429.620015,-0.041238
22395.833333,121724375.195038,-88622.393646,7429.694965,-0.041716
22460.937500,121724911.532654,-88731.554871,7429.727706,-0.041767
22518.382353,121723250.029724,-89554.506561,7429.626330,-0.042155
22569.444444,121720921.646240,-88625.310333,7429.484171,-0.041718
22615.131579,121723871.707977,-88053.795410,7429.664208,-0.041448
22656.250000,121723479.529175,-85737.304474,7429.640170,-0.040358
22693.452381,121723797.402985,-82504.786041,7429.659436,-0.038836
22727.272727,121722850.726044,-82535.546326,7429.601655,-0.038851
22786.458333,121725584.149017,-78593.578644,7429.768335,-0.036995
22836.538462,121722546.211792,-74752.913666,7429.582761,-0.035188
22879.464286,121724763.604187,-71336.474640,7429.717979,-0.033579
22916.666667,121724093.701508,-66326.847504,7429.676917,-0.031221
22949.218750,121724539.384033,-63960.595123,7429.704043,-0.030107
22977.941176,121723397.314148,-60270.373901,7429.634220,-0.028370
23003.472222,121724500.836334,-57230.176239,7429.701486,-0.026939
23026.315789,121724397.876007,-40284.458984,7429.694787,-0.018962
23046.875000,121727079.723816,-52160.253510,7429.858754,-0.024552
23065.476190,121727635.360199,-22123.486115,7429.892109,-0.010414
23082.386364,121727467.866516,-47562.087555,7429.882330,-0.022388
23437.500000,121727932.155792,8892.989624,7429.910122,0.004186
23809.523810,121730035.949799,73331.983673,7430.039859,0.034517
23828.125000,121731503.829956,80026.250000,7430.129712,0.037667
23848.684211,121729244.217255,75611.242767,7429.991620,0.035590
23871.527778,121732931.625916,78558.135040,7430.216802,0.036976
23897.058824,121728910.470093,82573.890259,7429.971525,0.038867
23925.781250,121733205.240967,86140.603210,7430.233816,0.040545
23958.333333,121730052.018066,89365.808777,7430.041494,0.042064
23995.535714,121734066.853149,93632.031616,7430.286743,0.044070
24038.461538,121728653.036713,98045.649353,7429.956512,0.046150
24088.541667,121732080.585632,102265.851990,7430.165932,0.048135
24147.727273,121727270.294434,109026.016785,7429.872684,0.051319
24181.547619,121730967.151886,109212.933258,7430.098339,0.051405
24218.750000,121735583.597534,110416.908173,7430.380180,0.051970
24259.868421,121730689.506561,112246.072205,7430.081561,0.052833
24305.555556,121728378.564087,114160.291412,7429.940617,0.053735
24356.617647,121730211.852936,114329.527466,7430.052525,0.053814
24414.062500,121735306.972290,113826.377106,7430.363487,0.053575
24479.166667,121729457.512695,112132.436218,7430.006358,0.052780
24553.571429,121726360.367035,108258.351593,7429.817103,0.050958
24609.375000,121732827.677124,102812.085388,7430.211560,0.048392
24639.423077,121727835.513824,101922.722961,7429.906808,0.047975
24671.052632,121729169.910065,99175.330566,7429.988117,0.046681
24739.583333,121731518.745819,91832.775330,7430.131131,0.043225
24816.176471,121728579.616638,81873.377380,7429.951302,0.038538
24857.954545,121725503.263641,77347.129486,7429.763350,0.036408
24902.343750,121729337.582825,71423.664886,7429.997164,0.033619
25000.000000,121727841.905151,55458.621490,7429.905364,0.026104
25082.236842,121724023.925232,33582.965729,7429.671838,0.015808
25111.607143,121725100.216644,36895.194946,7429.737590,0.017367
25173.611111,121723500.510498,26313.068420,7429.639781,0.012386
25240.384615,121721879.350250,13716.949646,7429.540704,0.006457
25275.735294,121722093.888306,7519.461670,7429.553766,0.003540
25390.625000,121723719.134338,-13998.822845,7429.653001,-0.006589
25493.421053,121718768.510254,-67525.066101,7429.351924,-0.031787
25520.833333,121718389.462860,-36545.492432,7429.327979,-0.017203
25568.181818,121717315.150970,-45510.110107,7429.262591,-0.021424
25607.638889,121721964.092377,-52675.249756,7429.546525,-0.024796
25669.642857,121719803.173706,-62990.697723,7429.414928,-0.029652
25735.294118,121717176.478577,-89817.407227,7429.255630,-0.042281
25781.250000,121718448.350983,-80043.665710,7429.332845,-0.037680
25841.346154,121717792.865845,-89702.125092,7429.293247,-0.042226
25878.906250,121719221.814026,-94177.605865,7429.380673,-0.044333
25904.605263,121717295.562958,-99608.915161,7429.263364,-0.046890
26041.666667,121713329.636261,-115327.893982,7429.022143,-0.054291
26194.852941,121715685.936493,-129791.894379,7429.166853,-0.061099
26227.678571,121719108.566254,-132367.917328,7429.375929,-0.062310
26278.409091,121715987.059418,-135715.414154,7429.185627,-0.063888
26315.789474,121716437.406067,-139366.875305,7429.213367,-0.065606
26367.187500,121719902.409088,-141673.235107,7429.425023,-0.066690
26442.307692,121715305.512207,-144150.555939,7429.144619,-0.067859
26475.694444,121719468.536072,-146496.872162,7429.398889,-0.068961
26562.500000,121720978.869934,-147219.263428,7429.491128,-0.069300
26654.411765,121714130.678925,-147419.832092,7429.073150,-0.069399
26692.708333,121719453.446228,-146387.388031,7429.397960,-0.068909
26726.973684,121715640.003784,-145754.836121,7429.165152,-0.068614
26785.714286,121721008.120026,-144732.615387,7429.492732,-0.068130
26855.468750,121718685.904968,-141602.943848,7429.350766,-0.066658
26909.722222,121716400.087128,-138281.367249,7429.211013,-0.065095
26988.636364,121716857.141876,-132627.716583,7429.238527,-0.062434
27043.269231,121715293.710663,-128592.237000,7429.142835,-0.060535
27083.333333,121717866.359619,-124756.001099,7429.299618,-0.058728
27113.970588,121716697.224487,-122159.072083,7429.228097,-0.057506
27343.750000,121719511.981110,-90904.597900,7429.398232,-0.042792
27573.529412,121719509.363403,-57420.991486,7429.396827,-0.027030
27604.166667,121718363.462677,-52058.415741,7429.326737,-0.024506
27644.230769,121720692.838776,-44893.711365,7429.468741,-0.021133
27698.863636,121721293.321777,-34635.309753,7429.505188,-0.016304
27777.777778,121722236.062286,-19311.024384,7429.562523,-0.009090
27832.031250,121720435.159332,-8165.372925,7429.452524,-0.003844
27901.785714,121724794.641479,5637.377930,7429.718605,0.002654
27994.791667,121722684.747894,25376.353790,7429.589977,0.011945
28033.088235,121724013.862885,44066.872375,7429.671428,0.020743
28125.000000,121727478.654144,52708.159637,7429.883118,0.024810
28211.805556,121722294.261871,71388.054535,7429.567259,0.033604
28245.192308,121726584.345978,78427.186676,7429.829378,0.036916
28320.312500,121724068.793854,93946.525879,7429.676507,0.044222
28409.090909,121730478.493011,110878.208557,7430.068605,0.052189
28459.821429,121725354.902649,120974.570526,7429.756463,0.056944
28492.647059,121733354.614838,165697.532715,7430.247956,0.077990
28645.833333,121725233.060425,154112.280334,7429.751312,0.072542
28808.593750,121727410.572906,176792.304443,7429.886102,0.083217
28846.153846,121732504.653442,180858.383636,7430.197394,0.085127
28906.250000,121730320.779877,187728.911285,7430.064732,0.088362
28952.205882,121731319.334839,193682.536163,7430.126250,0.091164
29017.857143,121736588.515137,196491.969299,7430.448139,0.092482
29119.318182,121733046.511292,202366.377167,7430.232534,0.095250
29166.666667,121733657.396301,204462.263367,7430.270034,0.096236
29296.875000,121730885.783539,204790.157166,7430.100897,0.096393
29411.764706,121732816.147522,199477.057190,7430.218182,0.093890
29447.115385,121734333.115662,198656.050842,7430.310691,0.093503
29513.888889,121733732.051727,192660.213745,7430.273416,0.090681
29575.892857,121727782.542908,190020.601746,7429.910023,0.089443
29687.500000,121725401.190735,177943.599670,7429.763558,0.083760
29785.156250,121727618.666534,157522.618896,7429.897189,0.074146
29829.545455,121731661.184753,158251.569702,7430.143989,0.074487
29871.323529,121729961.158417,152100.110992,7430.039746,0.071592
29947.916667,121725779.065948,139645.318268,7429.783573,0.065732
30048.076923,121727676.418243,121696.054321,7429.898206,0.057283
30133.928571,121725612.825989,105103.581177,7429.771307,0.049473
30208.333333,121728253.303375,90842.933197,7429.931773,0.042760
30273.437500,121722005.551788,77155.204468,7429.549852,0.036319
30381.944444,121724943.909912,54412.282593,7429.728451,0.025613
30468.750000,121719733.046722,35963.706024,7429.409977,0.016929
30539.772727,121722359.204498,19821.274719,7429.570044,0.009330
30598.958333,121720846.547791,8324.934875,7429.477635,0.003919
30649.038462,121723267.669495,-3447.348572,7429.625399,-0.001623
30691.964286,121718199.377319,-12602.507935,7429.316082,-0.005932
30729.166667,121721156.975189,-20874.311188,7429.496674,-0.009826
30761.718750,121718226.514862,-30835.304626,7429.317937,-0.014515
31250.000000,121714337.539581,-121728.402344,7429.084043,-0.057304
31738.281250,121713555.544434,-192730.352600,7429.041910,-0.090729
31770.833333,121715338.716644,-203729.430298,7429.151843,-0.095905
31808.035714,121712383.148315,-201058.934479,7428.971173,-0.094651
31850.961538,121713996.837219,-205371.162109,7429.070107,-0.096679
31901.041667,121711354.554565,-209438.568604,7428.909253,-0.098596
31960.227273,121713486.980011,-215762.916046,7429.040084,-0.101572
32031.250000,121713606.494080,-221487.534821,7429.048007,-0.104267
32118.055556,121711706.594421,-227983.199951,7428.932775,-0.107326
32226.562500,121715123.214691,-234374.137543,7429.142056,-0.110332
32291.666667,121713933.692413,-243760.166901,7429.070576,-0.114751
32366.071429,121711259.055573,-240085.070374,7428.906879,-0.113024
32451.923077,121713216.005524,-242972.539459,7429.026675,-0.114381
32552.083333,121714845.346436,-243229.599274,7429.126156,-0.114501
32670.454545,121711496.744141,-242927.000153,7428.921731,-0.114361
32812.500000,121710544.830109,-240127.287659,7428.863290,-0.113044
32924.107143,121715514.263947,-235977.245758,7429.166113,-0.111086
32986.111111,121711104.642426,-233192.301422,7428.896636,-0.109779
33052.884615,121712286.700928,-229278.913971,7428.968331,-0.107936
33203.125000,121717228.768860,-218491.523010,7429.268769,-0.102853
33333.333333,121712796.907074,-203002.095734,7428.996625,-0.095565
33380.681818,121713257.940765,-201778.654602,7429.024640,-0.094989
33482.142857,121713160.949219,-190278.996155,7429.017590,-0.089575
33593.750000,121719125.622284,-175233.728363,7429.380277,-0.082489
33653.846154,121713445.603241,-144444.731689,7429.031118,-0.067998
33854.166667,121710952.734772,-137027.155212,7428.878437,-0.064508
34040.178571,121720013.671692,-91080.837524,7429.428861,-0.042875
34090.909091,121714870.730286,-93268.149261,7429.115053,-0.043906
34179.687500,121723083.249023,-75168.630249,7429.615556,-0.035383
34254.807692,121717550.771118,-59869.956116,7429.277352,-0.028183
34375.000000,121716587.820618,-33786.040802,7429.217964,-0.015905
34505.208333,121724239.324463,-3481.228546,7429.684706,-0.001639
34598.214286,121721101.360504,17019.295319,7429.493243,0.008011
34722.222222,121722334.539703,48099.370300,7429.569020,0.022641
34801.136364,121723846.895569,67705.400116,7429.661899,0.031870
34855.769231,121725400.061768,81100.045197,7429.757200,0.038175
35156.250000,121731906.641449,156802.355347,7430.158857,0.073805
35456.730769,121732072.231598,229374.020538,7430.175990,0.107963
35511.363636,121732172.956787,240322.310028,7430.183427,0.113116
35590.277778,121731494.018524,257606.530487,7430.144144,0.121252
35714.285714,121733048.854858,283067.641174,7430.242498,0.133234
35807.291667,121740122.316315,301547.519012,7430.676948,0.141924
35937.500000,121733273.407013,322219.395630,7430.262145,0.151662
36057.692308,121736674.714203,339728.968445,7430.472656,0.159899
36132.812500,121740933.827881,348756.455597,7430.734176,0.164142
36221.590909,121736810.853027,358155.540649,7430.484189,0.168571
36272.321429,121742036.078979,362460.159424,7430.803897,0.170590
36458.333333,121737636.624451,371990.959503,7430.537124,0.175082
36658.653846,121738331.982422,370478.488464,7430.579285,0.174369
36718.750000,121740654.969543,370322.098755,7430.721043,0.174292
36830.357143,121737214.421265,365366.861420,7430.510129,0.171965
36931.818182,121736889.054352,357854.276978,7430.488908,0.168430
37109.375000,121734921.776184,339194.382263,7430.365571,0.159650
37259.615385,121729108.503174,264138.136658,7429.999394,0.124329
37326.388889,121731393.320892,307027.212830,7430.144994,0.144514
37500.000000,121730405.218170,275439.298737,7430.080071,0.129647
37642.045455,121727819.637543,247213.333099,7429.918556,0.116364
37760.416667,121726095.987823,222803.862061,7429.810474,0.104875
37860.576923,121724845.647827,193593.867462,7429.731107,0.091127
37946.428571,121720569.457062,172369.004120,7429.468154,0.081139
38085.937500,121720974.650024,147002.711487,7429.490855,0.069198
38194.444444,121718422.522064,121404.881470,7429.333358,0.057150
38281.250000,121718513.450043,101848.958466,7429.337813,0.047944
38352.272727,121717837.850983,83695.215942,7429.295732,0.039399
38411.458333,121715673.100861,70077.845642,7429.163077,0.032989
38461.538462,121714178.786713,48394.526825,7429.071225,0.022782
39062.500000,121710590.214386,-78442.727722,7428.853144,-0.036928
39713.541667,121706368.223328,-211760.410950,7428.605148,-0.099693
39772.727273,121707737.795197,-237549.286102,7428.691648,-0.111833
39843.750000,121707100.028168,-220764.677307,7428.650792,-0.103932
39930.555556,121705673.564545,-234264.471802,7428.565265,-0.110289
40039.062500,121705618.101379,-249470.276947,7428.563725,-0.117447
40178.571429,121707609.385132,-269173.529968,7428.687829,-0.126721
40364.583333,121705550.973419,-290416.521942,7428.565171,-0.136724
40482.954545,121703686.148163,-303144.788727,7428.453242,-0.142719
40625.000000,121701661.474335,-317824.661713,7428.331948,-0.149632
40798.611111,121704038.332947,-332904.412842,7428.479485,-0.156729
41015.625000,121703125.973724,-348255.977692,7428.426419,-0.163957
41193.181818,121704410.599701,-359533.863312,7428.506831,-0.169265
41294.642857,121704913.683167,-365378.196259,7428.538599,-0.172016
41406.250000,121707136.353912,-369596.061798,7428.675041,-0.173998
41666.666667,121685618.248260,-380912.017059,7427.363776,-0.179357
41903.409091,121704219.573669,-382037.683777,7428.499356,-0.179860
41992.187500,121706467.684784,-383056.732483,7428.636768,-0.180336
42187.500000,121702557.545593,-383524.014984,7428.398196,-0.180562
42317.708333,121705167.704193,-381727.753815,7428.557167,-0.179713
42410.714286,121704138.419769,-380544.982635,7428.494117,-0.179157
42534.722222,121704770.982910,-377132.958801,7428.532078,-0.177550
42613.636364,121705593.950348,-374824.218781,7428.581874,-0.176462
42968.750000,121705929.296967,-358215.743469,7428.599290,-0.168643
43323.863636,121703124.267578,-328369.693298,7428.422941,-0.154595
43402.777778,121701197.502045,-328507.232697,7428.305360,-0.154662
43526.785714,121703392.404816,-318054.636230,7428.437635,-0.149739
43750.000000,121700244.924835,-291092.150848,7428.241405,-0.137048
43945.312500,121701670.543396,-272195.959534,7428.325751,-0.128150
44034.090909,121702635.890289,-210011.187378,7428.377153,-0.098873
44270.833333,121677989.095490,-231908.921570,7426.875216,-0.109204
44531.250000,121703861.623962,-188047.769196,7428.449776,-0.088532
44642.857143,121699731.451050,-169462.402435,7428.196016,-0.079785
44744.318182,121701944.372925,-144602.557983,7428.329129,-0.068079
44921.875000,121703749.308655,-117387.354004,7428.437509,-0.055265
45138.888889,121704964.746582,-73379.636139,7428.509590,-0.034546
45312.500000,121699482.889801,-36118.165039,7428.173971,-0.017005
45454.545455,121706244.615662,7966.155884,7428.586375,0.003750
45572.916667,121707132.003357,26420.585754,7428.640698,0.012438
45758.928571,121706164.969452,70181.253998,7428.582733,0.033040
45898.437500,121708174.909637,107010.546234,7428.707050,0.050378
46006.944444,121706766.743317,135566.284363,7428.622837,0.063822
46093.750000,121710085.556915,158688.314392,7428.827113,0.074706
46164.772727,121710749.099152,176936.152802,7428.869149,0.083296
46875.000000,121724936.037170,374242.830872,7429.762343,0.176160
47656.250000,121740760.989471,585934.048615,7430.779200,0.275769
47743.055556,121741835.089966,584898.601959,7430.844455,0.275279
47851.562500,121744625.195282,607336.912964,7431.021459,0.285833
47991.071429,121744183.052399,630814.901703,7431.001759,0.296883
48177.083333,121746903.632629,659122.002930,7431.176966,0.310198
48437.500000,121742481.802032,685947.790527,7430.916120,0.322834
48611.111111,121753637.268494,707034.001160,7431.604368,0.332728
48828.125000,121755946.946930,707265.550232,7431.745423,0.332830
49107.142857,121749552.684692,700117.851349,7431.352621,0.329484
49218.750000,121755081.066315,693306.227295,7431.687673,0.326264
49479.166667,121730108.595428,667267.408325,7430.154570,0.314075
49804.687500,121744908.873169,630801.583893,7431.046056,0.296875
50000.000000,121729057.205566,594737.046539,7430.067450,0.279939
50223.214286,121731869.578918,553892.637756,7430.227345,0.260708
50347.222222,121733262.501160,528580.589417,7430.305495,0.248791
50781.250000,121728806.774506,433085.532928,7430.010510,0.203852
51215.277778,121717956.217194,326043.485840,7429.327854,0.153481
51339.285714,121712019.737885,294243.958588,7428.960565,0.138519
51562.500000,121693069.753204,238386.682861,7427.796456,0.112241
51757.812500,121712578.880585,196409.854614,7428.982657,0.092462
52083.333333,121693208.471619,112752.974426,7427.793860,0.053088
52455.357143,121693956.858002,33140.668793,7427.836627,0.015604
52734.375000,121705140.866730,-23511.200378,7428.519128,-0.011069
52951.388889,121692030.236694,-90799.418701,7427.720823,-0.042752
53125.000000,121674847.207794,-113933.177124,7426.673211,-0.053652
53385.416667,121699385.338257,-150313.532532,7428.173355,-0.070769
53571.428571,121684923.685730,-186538.496521,7427.293720,-0.087835
53710.937500,121699097.768433,-206689.885437,7428.160850,-0.097312
53819.444444,121685610.826080,-295290.583130,7427.348803,-0.139042
54687.500000,121697004.719421,-358384.297119,7428.054593,-0.168734
55555.555556,121679550.260406,-464534.448486,7427.011138,-0.218743
55664.062500,121691713.106110,-467898.716675,7427.754303,-0.220305
55803.571429,121675175.644318,-485475.208862,7426.749116,-0.228612
55989.583333,121689736.255585,-500830.872772,7427.641644,-0.235814
56250.000000,121674742.595093,-528053.259796,7426.733508,-0.248662
56423.611111,121676480.038788,-540620.846375,7426.842924,-0.254577
56640.625000,121689893.841766,-556265.557648,7427.665958,-0.261915
56919.642857,121670797.893768,-578503.024231,7426.506740,-0.272428
57291.666667,121666580.040985,-607810.392944,7426.258019,-0.286239
57617.187500,121689143.834808,-618824.684021,7427.638617,-0.291372
57812.500000,121677746.826752,-631744.053314,7426.947039,-0.297483
58035.714286,121673594.625519,-640841.948761,7426.696508,-0.301777
58593.750000,121689791.022797,-655076.871674,7427.689700,-0.308439
59151.785714,121675186.646515,-668507.604370,7426.802764,-0.314800
59375.000000,121682620.867371,-670817.349182,7427.257296,-0.315869
59570.312500,121687406.446869,-665766.067108,7427.547696,-0.313478
59895.833333,121642692.811310,-672776.103302,7424.820904,-0.316895
60267.857143,121680679.330109,-661264.196747,7427.135601,-0.311376
60546.875000,121688805.563965,-650024.333649,7427.627898,-0.306063
60937.500000,121686392.853607,-641092.272369,7427.477743,-0.301863
61197.916667,121687442.005127,-624221.105865,7427.536426,-0.293917
61383.928571,121681194.458649,-619545.802765,7427.153641,-0.291730
61523.437500,121685901.569336,-605563.242035,7427.436649,-0.285135
62500.000000,121682544.899170,-539995.933624,7427.212932,-0.254270
63476.562500,121678032.313934,-446440.743591,7426.914354,-0.210225
63616.071429,121679556.165894,-435704.447205,7427.004989,-0.205167
63802.083333,121677545.247314,-410764.267151,7426.876954,-0.193427
64062.500000,121681160.822632,-383246.536682,7427.092157,-0.180463
64453.125000,121675472.713928,-327360.940277,7426.735013,-0.154155
64732.142857,121681632.450378,-291455.233002,7427.105411,-0.137240
65104.166667,121586911.054291,-243386.785004,7421.317463,-0.114695
65625.000000,121679924.555786,-149083.366180,7426.985436,-0.070201
65848.214286,121680640.837677,-108813.411652,7427.026551,-0.051238
66406.250000,121676504.598907,3830.475067,7426.771121,0.001804
66964.285714,121686021.177948,120418.799652,7427.355618,0.056701
67187.500000,121678758.798584,171047.654510,7426.916045,0.080545
67708.333333,121567468.520782,287413.719635,7420.136618,0.135464
68080.357143,121699761.583405,429601.729248,7428.236935,0.202260
68359.375000,121697015.288361,474902.149872,7428.079586,0.223593
68750.000000,121691943.978638,579865.869995,7427.797815,0.273022
69010.416667,121709048.876282,656373.608978,7428.865552,0.309001
69196.428571,121728965.287506,869619.400146,7430.162754,0.409320
70312.500000,121747905.861389,1032347.144012,7431.396381,0.485836
71428.571429,121774765.940308,1317999.416168,7433.204032,0.620121
71614.583333,121787155.709412,1343238.624237,7433.977052,0.631931
71875.000000,121746151.481384,1383627.013916,7431.502035,0.651149
72265.625000,121799909.784668,1438328.745728,7434.821745,0.676591
72544.642857,121788349.276306,1460485.962921,7434.132269,0.687078
72916.666667,121645349.920898,1470459.269196,7425.411976,0.692583
73437.500000,121742573.979889,1469870.392151,7431.345376,0.691753
74218.750000,121785973.940399,1392766.605438,7433.938880,0.655236
75000.000000,121691821.135498,1241632.759705,7428.092606,0.584591
75520.833333,121582869.100861,1105213.400940,7421.362487,0.520831
76171.875000,121720525.168121,944028.868256,7429.681443,0.444374
76562.500000,121626138.129761,830018.831085,7423.869763,0.391012
76822.916667,121702015.598846,759744.421295,7428.472975,0.357684
78125.000000,121671720.209229,399531.258911,7426.519130,0.188146
79427.083333,121653922.248291,59089.069672,7425.393634,0.027830
79687.500000,121548635.350616,30008.482056,7418.966586,0.014146
80078.125000,121652559.103333,-41732.536011,7425.309992,-0.019656
80729.166667,121493503.415558,-182104.371338,7415.609601,-0.085882
81250.000000,121531397.841125,-249442.731750,7417.929858,-0.117603
82031.250000,121646702.367645,-349771.707825,7424.982770,-0.164747
82812.500000,121521954.145020,-445722.185242,7417.387711,-0.210157
83333.333333,121501467.631287,-514175.993622,7416.153788,-0.242473
83984.375000,121644348.345764,-542831.026703,7424.882322,-0.255685
84375.000000,121516067.852661,-580701.103668,7417.063227,-0.273811
84635.416667,121645894.752441,-589169.669830,7424.989869,-0.277508
85937.500000,121641400.293488,-658661.736328,7424.737299,-0.310250
87500.000000,121516230.967590,-731807.417908,7417.122991,-0.345058
87890.625000,121638497.784668,-719717.941864,7424.581256,-0.339017
88541.666667,121545066.666779,-766441.826294,7418.896034,-0.361303
89062.500000,121516318.893890,-752759.370300,7417.136170,-0.354937
89843.750000,121632111.597473,-748308.286285,7424.201999,-0.352503
90625.000000,121519584.251495,-765775.567047,7417.340437,-0.361065
91145.833333,121562771.333252,-789224.745209,7419.985550,-0.371988
91796.875000,121628470.468719,-752457.713531,7423.981322,-0.354468
92187.500000,121522834.984314,-765888.721832,7417.538892,-0.361108
93750.000000,121646134.522461,-740337.095367,7425.054924,-0.348707
95312.500000,121535133.209808,-740334.036560,7418.279859,-0.349025
95703.125000,121614427.805115,-720432.914978,7423.112380,-0.339421
96354.166667,121582988.654266,-754464.845154,7421.206060,-0.355546
96875.000000,121539484.150879,-714285.662292,7418.535908,-0.336732
97656.250000,121607289.597870,-694695.780273,7422.667553,-0.327315
98437.500000,121542707.087646,-705457.841187,7418.729477,-0.332562
98958.333333,121589469.100983,-727323.472137,7421.591506,-0.342738
99609.375000,121594978.796356,-672048.044342,7421.908381,-0.316676
100000.000000,121547842.002686,-692369.216248,7419.038298,-0.326378
101562.500000,121611653.929718,-665981.041718,7422.924129,-0.313775
103515.625000,121571864.638885,-684683.512665,7420.501887,-0.322692
104166.666667,121577339.326385,-751965.134338,7420.860304,-0.354385
105468.750000,121552536.904114,-726399.488190,7419.336978,-0.342406
106770.833333,121558599.554138,-830028.725922,7419.747510,-0.391234
107421.875000,121535673.857056,-792975.274414,7418.333126,-0.373839
109375.000000,121526204.774597,-885746.092133,7417.794282,-0.417606
111328.125000,121505512.090546,-972326.383881,7416.571701,-0.458503
111979.166667,121502302.059723,-1071827.746002,7416.426863,-0.505434
113281.250000,121494238.173706,-1067022.705353,7415.932105,-0.503202
114583.333333,121471978.448364,-1191796.627228,7414.644297,-0.562144
115234.375000,121485140.225952,-1146534.192993,7415.421027,-0.540737
117187.500000,121477411.500214,-1202812.805939,7414.982525,-0.567314
119140.625000,121471009.933563,-1225285.961243,7414.605521,-0.577944
119791.666667,121403182.931976,-1286919.548431,7410.504694,-0.607352
121093.750000,121468770.912872,-1202415.526917,7414.454915,-0.567167
122395.833333,121371407.655457,-1218071.239746,7408.521972,-0.575012
123046.875000,121460066.834412,-1123473.132568,7413.877538,-0.529971
125000.000000,121444735.195465,-1008536.502930,7412.880203,-0.475815
126953.125000,121448571.725861,-821844.187469,7413.028499,-0.387727
127604.166667,121301314.172028,-799716.323700,7404.031515,-0.377746
128906.250000,121445804.454437,-579853.674286,7412.774360,-0.273570
130208.333333,121266064.328491,-426290.146088,7401.764800,-0.201419
132812.500000,121447761.479553,121760.846069,7412.813045,0.057445
135416.666667,121269325.892334,739083.338348,7402.055609,0.349199
136718.750000,121520407.555725,1152034.323700,7417.576719,0.543174
138020.833333,121328903.576050,1522039.087341,7406.137272,0.718744
140625.000000,121713873.668518,2371871.022095,7430.462485,1.116430
143229.166667,121561558.816681,3048304.159302,7422.087636,1.436503
144531.250000,121948878.933594,3348286.823059,7446.201139,1.572792
145833.333333,121616162.135468,3448077.474304,7426.070894,1.624070
148437.500000,121931454.450928,3457524.239868,7445.324008,1.624309
151041.666667,121406050.528046,2991327.516785,7412.512384,1.411469
152343.750000,121729553.596558,2846554.147247,7432.040242,1.339614
153645.833333,121243823.297211,2443628.674683,7401.864440,1.154655
156250.000000,121572661.715576,1987115.890564,7421.424019,0.936449
158854.166667,121039691.065796,1345514.283295,7388.358373,0.636910
160156.250000,121496173.852173,1320790.137451,7416.202449,0.622859
161458.333333,120993741.567932,845256.321136,7385.277504,0.400271
164062.500000,121483153.124756,837405.478790,7415.145682,0.394956
166666.666667,120960747.888184,470697.931244,7383.139360,0.222962
167968.750000,121457150.462128,532845.658081,7413.453736,0.251369
169270.833333,120934916.516907,314094.416748,7381.531687,0.148814
171875.000000,121483599.898804,341609.365448,7415.026105,0.161119
175781.250000,121449369.604736,208801.058533,7412.918430,0.098508
179687.500000,121476122.867981,123697.542877,7414.544258,0.058345
183593.750000,121422267.512421,34558.953583,7411.253544,0.016308
187500.000000,121445659.631531,-35485.075470,7412.681345,-0.016742
191406.250000,121397409.430786,-141496.128571,7409.741013,-0.066784
195312.500000,121365503.412476,-262939.768951,7407.805917,-0.124135
199218.750000,121344056.440948,-419596.641205,7406.523753,-0.198129
203125.000000,121357738.758759,-607687.132385,7407.407466,-0.286909
207031.250000,121280909.958252,-871575.909973,7402.816350,-0.411757
210937.500000,121285648.260101,-1160665.418915,7403.253379,-0.548302
214843.750000,121157741.786926,-1529813.719482,7395.696866,-0.723435
218750.000000,121133915.695770,-1932849.179871,7394.594273,-0.914178
222656.250000,121039934.644623,-2328467.421600,7389.283679,-1.102106
226562.500000,121015007.539551,-2737888.974762,7388.285476,-1.296098
230468.750000,120921137.602417,-3141947.203461,7383.156836,-1.488450
234375.000000,120871253.171570,-3513266.545807,7380.736779,-1.664950
238281.250000,120836056.011719,-3873512.921509,7379.261123,-1.836095
242187.500000,120863234.285767,-4107058.643829,7381.389521,-1.946279
246093.750000,120799357.695007,-4339474.657959,7377.988588,-2.057412
250000.000000,120817103.722778,-4503539.372650,7379.437289,-2.134814
253906.250000,120749331.796387,-4647096.560059,7375.635340,-2.204033
257812.500000,120797503.600067,-4743543.052521,7378.802073,-2.248833
265625.000000,120666386.867249,-4896503.694519,7371.177908,-2.323791
273437.500000,120660636.542419,-4965745.467255,7370.999790,-2.356727
281250.000000,120672195.479248,-4987224.200745,7371.758735,-2.366683
289062.500000,120677708.629608,-4991628.450592,7372.106060,-2.368662
296875.000000,120655344.928772,-4986104.765900,7370.728284,-2.366482
304687.500000,120628667.253815,-4978100.414185,7369.081186,-2.363209
312500.000000,120665236.377777,-4983135.797516,7371.324034,-2.364881
320312.500000,120647321.396362,-4996437.287781,7370.265038,-2.371538
328125.000000,120660211.770416,-5028708.264526,7371.132912,-2.386583
335937.500000,120624116.087830,-5080482.434296,7369.063956,-2.411846
343750.000000,120558999.316284,-5154093.316132,7365.283484,-2.448069
351562.500000,120505719.443024,-5232061.822113,7362.239301,-2.486154
359375.000000,120483597.097504,-5355131.419098,7361.220012,-2.545024
367187.500000,120488792.500824,-5480717.250214,7361.881147,-2.604515
375000.000000,120506019.258789,-5622988.234009,7363.331180,-2.671646
382812.500000,120518433.383301,-5777955.643829,7364.534972,-2.744882
390625.000000,120505655.036224,-5916333.661163,7364.165257,-2.810814
398437.500000,120462188.296906,-6133274.435303,7362.176800,-2.914756
406250.000000,120431526.772003,-6333109.859009,7360.938190,-3.010318
414062.500000,120424574.669769,-6549831.671661,7361.220994,-3.113313
421875.000000,120420048.800964,-6781963.323669,7361.728266,-3.223544
429687.500000,120404618.774414,-7023717.514679,7361.632531,-3.338623
437500.000000,120275277.582703,-7355757.639526,7354.960674,-3.499822
445312.500000,120308088.708527,-7567279.552521,7357.758819,-3.599222
453125.000000,120238051.714752,-7836380.409912,7354.542361,-3.729025
460937.500000,120148390.051788,-8102511.650024,7350.156368,-3.858159
468750.000000,120162099.604431,-8400722.181458,7352.238260,-3.999249
476562.500000,120183863.646667,-8628795.197723,7354.547237,-4.106718
484375.000000,119856637.426361,-8866794.714722,7335.683174,-4.231064
492187.500000,119814925.724945,-8981033.361084,7333.662061,-4.286861
500000.000000,119920595.019043,-9134468.975769,7340.799132,-4.355993
