Barrido en f -> f_inicial:10, f_final:40000, step: 10
Parametros -> M:512,	N:32, Modo:0,	Fuente:1
Formato -> f,x,y,r,phi

9.998933,121708933.352051,-17013.852783,7428.750544,-0.008010
19.997867,121699669.063354,-27767.099915,7428.185200,-0.013073
30.001920,121695286.383484,-82916.637451,7427.919225,-0.039039
40.003765,121701888.419861,-151921.880920,7428.326258,-0.071525
50.000000,121688330.941406,-265238.487366,7427.510605,-0.124888
60.000662,121689509.511108,-386561.738586,7427.602374,-0.182012
69.996387,121686414.607300,-529460.497314,7427.446300,-0.249301
80.000883,121689606.076111,-646095.081421,7427.675481,-0.304211
89.994552,121678612.563782,-791021.070007,7427.056716,-0.372480
100.000000,121668935.589478,-926519.194885,7426.524448,-0.436317
110.000782,121668967.290100,-1078240.535156,7426.602675,-0.507762
120.001324,121667337.467834,-1226993.526123,7426.589210,-0.577815
130.001981,121656298.306824,-1369353.865906,7426.008163,-0.644909
140.000734,121650148.431152,-1528742.890015,7425.748692,-0.720003
150.000000,121651270.652771,-1669749.473694,7425.930318,-0.786399
160.001766,121647112.566956,-1813487.305786,7425.802139,-0.854114
170.001209,121648816.808716,-1964283.500793,7426.049048,-0.925111
179.993873,121629665.971375,-2113890.480591,7425.033357,-0.995714
189.992704,121621839.581299,-2262558.343994,7424.718967,-1.065795
200.000000,121615888.105896,-2413739.289246,7424.533145,-1.137047
210.013441,121612564.736694,-2566332.251526,7424.520998,-1.208942
219.994849,121601267.226379,-2731779.971802,7424.051525,-1.286975
230.001207,121594556.623291,-2882082.599609,7423.853753,-1.357833
240.002648,121583979.594360,-3032572.869568,7423.431699,-1.428829
250.000000,121571132.086670,-3178907.956360,7422.875875,-1.497904
259.993912,121557948.622375,-3331042.054138,7422.320029,-1.569725
269.990809,121552124.207275,-3479955.062317,7422.219207,-1.639940
279.993444,121541345.018921,-3629020.520752,7421.827520,-1.710298
290.009470,121520296.155701,-3786664.878296,7420.836788,-1.784855
300.009796,121513975.061340,-3941330.610535,7420.751194,-1.857804
310.019841,121500599.238037,-4091535.576416,7420.238105,-1.928765
320.003531,121490180.678467,-4234733.720032,7419.901881,-1.996386
330.010776,121478042.444092,-4397256.315735,7419.513671,-2.073146
339.988426,121455050.467346,-4544789.690186,7418.442497,-2.143044
349.981936,121457335.122131,-4702663.052856,7418.948417,-2.217373
359.987745,121442561.336060,-4855687.036743,7418.414626,-2.289728
370.001941,121419122.057373,-5018497.797974,7417.388844,-2.366873
379.985409,121398549.924255,-5169526.237061,7416.520725,-2.438431
389.426764,121393691.808228,-5307930.840942,7416.588693,-2.503733
400.037651,121377162.340820,-5460553.968994,7415.993580,-2.575980
410.007156,121350716.401245,-5617420.361633,7414.817605,-2.650453
420.026882,121333245.658630,-5773984.036194,7414.200483,-2.724606
429.979011,121323630.170654,-5914009.734497,7414.025454,-2.790798
439.989698,121297103.993347,-6066307.649963,7412.866803,-2.863174
449.984681,121291306.434570,-6210332.877869,7412.957700,-2.931174
460.002413,121272366.708313,-6370321.633179,7412.309025,-3.007018
470.003342,121259355.290588,-6523794.262024,7412.013285,-3.079654
480.005297,121248592.276794,-6660188.584595,7411.809239,-3.144192
490.166506,121217169.130676,-6832356.086609,7410.478098,-3.226135
500.000000,121194479.931885,-6996204.803101,7409.665044,-3.303949
509.982639,121185065.869263,-7133535.032959,7409.579234,-3.368917
519.987825,121161332.323730,-7294263.518677,7408.716186,-3.445315
529.993719,121132147.262512,-7443378.689514,7407.490689,-3.516417
539.981618,121106596.322449,-7599963.245239,7406.526524,-3.590955
550.017960,121099339.885681,-7749797.286316,7406.662929,-3.661779
559.986888,121066172.649170,-7890971.688293,7405.198090,-3.729316
570.050837,121041099.796143,-8049628.410034,7404.307247,-3.804866
580.018939,121024174.729675,-8174900.696228,7403.787850,-3.864440
590.006510,121004559.894714,-8324951.538086,7403.216320,-3.935787
599.979575,120982456.017883,-8463090.224365,7402.453945,-4.001613
609.756098,120969728.314941,-8612759.058655,7402.322141,-4.072572
620.039683,120937381.382263,-8773207.450195,7401.054898,-4.149284
630.040323,120906420.139404,-8933213.034302,7399.883282,-4.225765
640.007062,120878288.463867,-9103870.785889,7398.945878,-4.307191
651.041667,120849684.166992,-9267644.136047,7397.962514,-4.385409
660.021552,120828582.474976,-9415096.062256,7397.372032,-4.455679
669.967297,120807872.305969,-9575148.661194,7396.877228,-4.531884
679.976852,120784340.007874,-9680290.381836,7395.955302,-4.582325
690.026198,120756960.128967,-9857508.019226,7395.161661,-4.666900
699.963873,120712902.066589,-10081991.109802,7393.609204,-4.774427
710.227273,120693885.414795,-10135836.364075,7392.726823,-4.800560
720.214844,120677259.919006,-10262935.128357,7392.368950,-4.861137
729.955808,120651202.372620,-10407796.997070,7391.538861,-4.930476
740.003882,120622324.408752,-10584534.726135,7390.717923,-5.014972
750.000000,120585266.031311,-10754993.620911,7389.381673,-5.096872
760.198353,120552286.304993,-10868107.478271,7387.993362,-5.151592
769.981971,120532534.271240,-11034099.145142,7387.709371,-5.230693
778.853528,120501352.405396,-11183066.806824,7386.648719,-5.302275
790.028090,120477467.146057,-11365132.220215,7386.232462,-5.389156
800.075301,120427594.439209,-11533636.622375,7384.175275,-5.470829
809.832317,120410177.433716,-11681769.646790,7383.984636,-5.541456
820.014313,120378581.196594,-11820152.032898,7382.885724,-5.608146
830.078125,120334467.101624,-11958767.837219,7381.037918,-5.675553
840.053763,120306408.258301,-12101883.900330,7380.202867,-5.744354
849.971065,120282103.646240,-12216184.969910,7379.428508,-5.799405
859.958022,120257664.463013,-12341062.569153,7378.718666,-5.859460
870.028409,120215681.071716,-12478448.187378,7377.030580,-5.926283
879.979396,120189748.590942,-12620689.321777,7376.357823,-5.994631
890.031646,120157391.765869,-12770633.576660,7375.355311,-6.066945
899.969363,120119660.152283,-12935140.132446,7374.133483,-6.146419
909.978693,120078868.419067,-13078513.924683,7372.600393,-6.216110
919.950181,120041472.056885,-13254426.140381,7371.501913,-6.300999
930.059524,120004002.537842,-13436978.249878,7370.460268,-6.389047
939.849624,119959116.722168,-13615026.979919,7368.955249,-6.475394
950.168919,119928464.142578,-13763796.305725,7368.126058,-6.547198
960.010593,119892869.513367,-13900447.160461,7366.923578,-6.613573
969.107824,119861429.997009,-14013942.414368,7365.818621,-6.668821
976.562500,119820470.141235,-14116331.543030,7364.064072,-6.719376
989.940068,119791623.163330,-14273367.769409,7363.443332,-6.795051
1000.000000,119739957.401245,-14491438.443054,7361.899316,-6.900822
1010.237069,119725625.467712,-14507866.135864,7361.151428,-6.909388
1019.965278,119681940.654175,-14661479.513123,7359.638607,-6.984352
1029.829545,119650494.502625,-14790378.307129,7358.694523,-7.046974
1039.975649,119608387.355408,-14950666.468994,7357.350907,-7.125046
1050.067204,119561166.953735,-15128807.076843,7355.848033,-7.211872
1060.267857,119516119.723633,-15310008.424072,7354.517361,-7.300046
1069.972826,119466242.365479,-15492802.333557,7352.924243,-7.389297
1079.963235,119433461.129456,-15652189.092163,7352.197810,-7.466490
1090.116279,119391184.559998,-15769780.207336,7350.575681,-7.524577
1100.035920,119356311.291016,-15930510.175354,7349.756917,-7.602572
1110.197368,119305788.375977,-16081521.653748,7347.925873,-7.676996
1120.174632,119270615.309631,-16221641.051880,7346.945958,-7.745334
1129.748775,119233273.039368,-16291110.963257,7345.260314,-7.780505
1139.322917,119193610.025330,-16392922.741333,7343.705807,-7.831101
1149.970794,119150289.380371,-16519281.649170,7342.141494,-7.893539
1160.272277,119105007.051636,-16660844.826843,7340.595827,-7.963308
1168.224299,119079438.740540,-16783293.740967,7340.089613,-8.022775
1180.013021,119031178.569397,-16960790.149963,7338.693238,-8.109743
1189.834770,118973205.384521,-17127255.877625,7336.631015,-8.192200
1200.112952,118919027.476379,-17342156.988159,7335.239269,-8.297295
1210.088315,118874942.935242,-17469467.552673,7333.702439,-8.360404
1220.703125,118825708.047424,-17669227.745605,7332.512645,-8.458083
1229.745370,118785160.763550,-17804161.743225,7331.280974,-8.524595
1240.079365,118727531.153564,-17977964.875854,7329.383049,-8.610687
1250.000000,118718210.541138,-17938288.388245,7328.458351,-8.592632
1260.080645,118645386.923767,-18213342.130981,7326.591904,-8.727646
1269.531250,118609468.665161,-18275948.040955,7325.005913,-8.759792
1279.633621,118551352.962585,-18505730.188049,7323.650108,-8.872467
1289.799528,118507558.593567,-18497035.361389,7320.927164,-8.871590
1302.083333,118469468.964294,-18653599.410217,7320.110378,-8.948302
1310.022866,118425242.069763,-18774019.656555,7318.591007,-9.008433
1319.679054,118382604.032837,-18916367.708984,7317.386533,-9.078818
1329.787234,118331590.441467,-19104976.873474,7316.137915,-9.171695
1339.934593,118269625.461060,-19332117.986145,7314.627836,-9.283630
1349.954044,118210614.021667,-19434277.502014,7312.082126,-9.336404
1360.212054,118148378.984192,-19647601.876587,7310.458497,-9.441935
1370.102612,118090275.948181,-19807482.924927,7308.568075,-9.521966
1379.925272,118048581.646912,-19954217.551392,7307.545649,-9.594524
1389.723558,117996519.019226,-20060288.295044,7305.494680,-9.648745
1399.739583,117962012.948853,-20146749.516113,7304.304933,-9.692326
1410.590278,117910977.031433,-20302924.094177,7302.845861,-9.770164
1420.454545,117865211.333130,-20369419.405273,7300.783064,-9.805275
1429.966518,117833591.274841,-20439839.011536,7299.614652,-9.841100
1440.429688,117759127.389099,-20660496.174255,7297.451869,-9.951392
1450.047348,117729829.053528,-20706379.316284,7296.175094,-9.975481
1459.231322,117676774.638000,-20822809.884399,7294.220695,-10.034867
1470.588235,117591127.907043,-21070749.963318,7291.727089,-10.159123
1479.640152,117550028.858704,-21179488.683167,7290.431822,-10.213945
1489.671610,117486199.517517,-21391537.269775,7288.904985,-10.319506
1500.226449,117424845.512207,-21588784.691101,7287.388080,-10.417910
1510.416667,117360705.569763,-21758585.026367,7285.419909,-10.503644
1519.097222,117315582.447754,-21876788.627441,7284.031042,-10.563395
1529.947917,117250510.563843,-22023107.354919,7281.769950,-10.638207
1539.963942,117201563.095825,-22116124.406860,7279.884342,-10.686465
1550.099206,117189958.121521,-22054632.902954,7278.493199,-10.658465
1557.555380,117138984.179016,-22192493.067932,7276.997218,-10.728108
1570.159314,117073374.537048,-22359319.780884,7274.965957,-10.812775
1579.733456,117016512.279968,-22472351.193298,7272.854900,-10.871292
1589.752907,116965767.631653,-22576918.741272,7271.020134,-10.925289
1600.477431,116875937.661377,-22861784.968628,7268.954431,-11.068052
1610.008446,116786145.884338,-23152425.090942,7267.004690,-11.213617
1619.664634,116737863.912659,-23221327.475525,7264.933308,-11.250673
1632.063356,116677728.899719,-23367140.766479,7263.075876,-11.325184
1640.625000,116617648.315430,-23527859.098816,7261.413855,-11.406765
1650.053879,116559489.499939,-23668843.340637,7259.641717,-11.478882
1660.156250,116509217.546753,-23792890.614685,7258.145811,-11.542278
1670.063406,116458271.287964,-23892236.601135,7256.315326,-11.594104
1679.687500,116401127.307434,-23959686.395325,7253.727521,-11.631497
1690.204327,116337306.502869,-24140175.295166,7252.142360,-11.722954
1699.942130,116306015.584778,-24102156.945190,7249.801066,-11.708063
1708.984375,116267704.855591,-24185209.696289,7248.542039,-11.751051
1719.916045,116203809.817322,-24323706.416321,7246.451057,-11.822772
1729.910714,116150952.569031,-24434383.408691,7244.680936,-11.880294
1740.056818,116068045.716248,-24634544.594482,7242.255661,-11.983123
1749.674479,116024625.934570,-24721422.986816,7240.766422,-12.028524
1760.563380,115925535.084900,-24978736.009155,7238.143017,-12.160099
1770.019531,115864400.841614,-25101736.094421,7236.081222,-12.224436
1779.513889,115790407.759827,-25347019.055054,7234.854060,-12.347889
1790.364583,115704752.107788,-25537045.486206,7232.237806,-12.446511
1799.938725,115677877.441772,-25486539.406799,7229.972097,-12.425456
1810.213415,115600909.862000,-25711613.821838,7228.354537,-12.539815
1819.957386,115517622.174622,-25885292.927307,7225.702810,-12.630623
1829.117063,115508002.730835,-25858634.962219,7224.774239,-12.619049
1839.900362,115430293.175049,-26066978.267395,7222.936260,-12.725710
1850.328947,115387749.268372,-26049448.599487,7220.167617,-12.721967
1860.119048,115320105.145264,-26171784.968384,7217.789174,-12.787006
1870.013298,115270536.137268,-26252438.685852,7215.930266,-12.830443
1879.422170,115207674.484497,-26360670.680176,7213.659825,-12.888373
1890.120968,115123645.461548,-26592478.648438,7211.831464,-13.007041
1900.337838,115061164.749634,-26734075.459595,7210.066793,-13.080782
1909.722222,114960980.808716,-26974818.216003,7207.453185,-13.205569
1920.021186,114883399.363220,-27137488.214050,7205.119217,-13.291041
1923.532197,114849930.858826,-27265279.426636,7204.928770,-13.355144
1953.125000,114655340.004150,-27626307.303345,7198.503206,-13.547637
1983.642578,114473551.535950,-27872597.344727,7191.258090,-13.684790
1989.976415,114478696.579712,-27786373.822449,7190.320040,-13.643451
1999.627976,114418466.675781,-27895331.571411,7188.319911,-13.701877
2010.569853,114343812.076111,-28028977.887268,7185.830709,-13.773676
2020.474138,114273989.919434,-28181528.117126,7183.915375,-13.853898
2029.718137,114193181.126953,-28350143.275818,7181.599475,-13.943043
2039.930556,114113168.276306,-28528307.437805,7179.489440,-14.036665
2050.781250,114037823.329163,-28674412.024780,7177.197447,-14.114637
2059.659091,113911600.499268,-28932322.527405,7173.585050,-14.251583
2070.312500,113857922.223877,-29100189.097351,7172.939858,-14.337353
2080.502717,113765962.168274,-29252784.134521,7169.815614,-14.420575
2090.186404,113675849.424927,-29422217.263855,7167.073122,-14.511597
2099.609375,113660850.150146,-29355662.923645,7165.169894,-14.481983
2109.375000,113623417.495667,-29426466.796570,7164.039996,-14.520019
2120.535714,113535831.674866,-29488396.222961,7159.814189,-14.560029
2130.681818,113479156.913147,-29666421.908386,7159.206684,-14.651161
2139.136905,113417645.875000,-29738649.200134,7156.691242,-14.692912
2148.437500,113390073.401367,-29706303.552734,7154.562745,-14.681036
2160.904255,113291929.502625,-29889922.706604,7151.618919,-14.780061
2170.138889,113231366.577698,-29971358.250671,7149.314959,-14.826137
2180.232558,113094866.082153,-30304645.139221,7146.499301,-15.000900
2189.867424,113040383.754639,-30385943.681458,7144.573773,-15.046242
2201.704545,112780977.752136,-30891953.539490,7137.381431,-15.318680
2210.115132,112832691.857849,-30838601.948181,7139.566592,-15.286783
2219.460227,112763387.736084,-30973462.920227,7137.662059,-15.359476
2232.142857,112724160.071594,-30935272.161194,7134.735998,-15.346517
2240.349265,112666746.595520,-31008590.238831,7132.542858,-15.388635
2250.339674,112559523.068237,-31236413.851440,7129.938931,-15.510334
2259.497549,112543031.814514,-31184898.537720,7128.128733,-15.488143
2269.847973,112472680.609375,-31286323.079102,7125.647277,-15.545335
2278.645833,112431159.506958,-31272629.797913,7122.981670,-15.544321
2289.870690,112342721.209656,-31407536.400085,7119.993861,-15.619803
2300.347222,112275861.324768,-31530671.565613,7118.092109,-15.686912
2308.238636,112225751.140137,-31595150.677979,7116.213027,-15.724078
2319.335938,112114403.293518,-31810142.018066,7113.241870,-15.840661
2331.149194,111981825.705322,-32099828.056763,7110.309266,-15.995534
2343.750000,111835997.129578,-32396935.783997,7106.777803,-16.155856
2350.983796,111776532.917053,-32499728.473511,7105.040838,-16.212599
2360.026042,111710273.885071,-32647668.607727,7103.685240,-16.291644
2368.683511,111643812.103394,-32706966.340942,7100.808285,-16.328859
2380.371094,111568741.392334,-32811544.443237,7098.209446,-16.388704
2391.581633,111509133.033813,-32820729.827515,7094.877303,-16.401338
2399.553571,111498519.721558,-32782986.128784,7093.605666,-16.384965
2410.239362,111385737.717651,-32946465.689819,7089.825388,-16.478024
2420.176630,111365100.047302,-32912215.937317,7088.024701,-16.464707
2429.496951,111297666.457642,-32991015.790344,7085.443030,-16.511440
2441.406250,111204994.356750,-33131261.131226,7082.459428,-16.590842
2450.980392,111090227.711914,-33384805.083130,7080.184727,-16.727053
2459.490741,110904281.097351,-33823567.069092,7077.081990,-16.961148
2470.128676,110867260.067749,-33840399.953552,7075.220526,-16.974445
2480.996622,110766828.802429,-34006039.214050,7072.318341,-17.067284
2490.234375,110709611.243164,-34079133.849426,7070.291106,-17.110154
2500.000000,110619706.890076,-34233823.073975,7067.832257,-17.196397
2511.160714,110512096.624329,-34384797.969177,7064.290156,-17.283548
2520.161290,110461197.503967,-34425860.149719,7062.069082,-17.310453
2530.184659,110426797.154236,-34398054.692200,7059.559580,-17.302373
2539.062500,110379070.680725,-34419993.894592,7057.176895,-17.319787
2549.913194,110327344.520813,-34438929.600525,7054.507197,-17.336383
2559.267241,110266747.012512,-34489781.666077,7051.902557,-17.369411
2569.901316,110184043.903320,-34602983.674622,7049.152082,-17.435261
2580.915179,110023568.169006,-34949734.296082,7046.186401,-17.623324
2590.013587,109989682.765259,-34861247.277283,7042.581508,-17.586539
2604.166667,109851931.967285,-35146223.849365,7039.847939,-17.742169
2620.045732,109694660.320862,-35419306.211548,7035.809415,-17.895276
2629.206731,109603614.375732,-35587319.525391,7033.681487,-17.988684
2639.358108,109479395.948975,-35805279.066650,7030.594579,-18.110887
2650.669643,109378153.890381,-35936305.993652,7027.213659,-18.188528
2659.574468,109321719.542908,-35946892.101379,7024.143062,-18.202306
2669.270833,109254950.802673,-36057070.453735,7022.376435,-18.264817
2679.869186,109243138.122192,-35930552.138794,7019.275173,-18.206801
2690.972222,108945382.435669,-36369860.261353,7010.457846,-18.461396
2699.908088,109119964.129395,-36027516.322144,7013.987044,-18.271918
2709.173387,109032946.423462,-36127663.701477,7010.863947,-18.332965
2720.424107,108790695.919006,-36702937.134155,7007.975136,-18.643506
2734.375000,108820760.086182,-36441591.203247,7004.632174,-18.515069
2743.675595,108676136.473267,-36710148.104004,7001.490866,-18.665211
2748.842593,108675172.428345,-36659738.977844,7000.451046,-18.641506
2759.850543,108471220.224670,-37077198.473633,6996.856480,-18.871805
2770.712209,108363110.237732,-37191971.337952,6992.883798,-18.943608
2779.447115,108324867.013733,-37229453.065430,6991.419251,-18.967552
2790.178571,108214771.477173,-37449647.782654,6989.448392,-19.089652
2799.479167,108235160.301514,-37245003.008850,6986.550103,-18.989508
2810.594512,108082941.844910,-37509220.034058,6983.036154,-19.139439
2821.180556,108045009.203613,-37480072.494995,6980.265606,-19.131874
2828.663793,108010055.214478,-37466778.827087,6977.984026,-19.131320
2840.909091,107897103.125244,-37650100.201721,6975.149361,-19.236720
2850.506757,107867413.073364,-37565508.903503,6971.738578,-19.201562
2859.933036,107812888.256775,-37629442.585632,6969.880728,-19.240855
2868.652344,107693672.490295,-37852056.827637,6967.504791,-19.366072
2880.859375,107482915.212097,-38244041.577698,6963.353884,-19.586903
2890.625000,107380177.223999,-38405069.931030,6960.750022,-19.680430
2900.094697,107317621.772522,-38426869.573059,6957.603404,-19.701337
2906.976744,107190617.117859,-38668275.769409,6955.291895,-19.837144
2929.687500,107055022.508118,-38778246.586121,6949.790407,-19.912354
2952.398256,106926556.007690,-38803503.231995,6942.944202,-19.946355
2959.280303,106821891.121094,-38974293.889221,6940.505444,-20.045244
2968.750000,106825172.216614,-38853028.886169,6938.160200,-19.987254
2981.085526,106701744.059753,-39026634.226196,6934.713425,-20.090809
2990.722656,106650228.156921,-39023091.540466,6931.686152,-20.098058
2999.441964,106564110.940613,-39134005.194641,6929.080924,-20.165566
3011.067708,106501946.565430,-39149688.371887,6925.849514,-20.183821
3018.465909,106344939.975647,-39460717.132751,6923.437012,-20.358648
3030.711207,106307909.729614,-39419841.999756,6920.450211,-20.345792
3038.194444,106030813.628845,-39957722.939209,6916.103799,-20.649532
3048.780488,105948673.965149,-40043359.093811,6913.258768,-20.704723
3059.895833,105882754.375977,-40120880.882629,6911.170407,-20.753212
3069.196429,105783637.994324,-40274135.640381,6908.836248,-20.843534
3079.927885,105684955.786255,-40367434.989258,6905.237401,-20.905478
3092.447917,105630150.034973,-40332962.589172,6901.361688,-20.899069
3098.060345,105616134.027222,-40315906.486206,6900.191147,-20.893527
3110.532407,105577593.552917,-40262438.456543,6896.829931,-20.875166
3125.000000,105428488.750244,-40417748.348633,6891.714818,-20.975768
3138.950893,105366672.315796,-40416885.095703,6888.173009,-20.986593
3150.201613,105222642.424622,-40620227.446960,6884.425776,-21.109243
3159.466912,105179755.627930,-40630244.633240,6882.204103,-21.121840
3167.229730,105118635.945068,-40681642.945251,6879.855949,-21.157408
3180.803571,104881416.006165,-41081175.351196,6875.211113,-21.390495
3190.104167,104747667.403259,-41295990.752563,6872.408574,-21.517105
3200.954861,104589846.058228,-41542612.602417,6868.990308,-21.663390
3208.705357,104531592.124023,-41591717.504822,6866.793410,-21.697585
3220.016892,104446685.943970,-41578884.360474,6861.688673,-21.707507
3230.168269,104397423.089783,-41639974.014282,6860.275664,-21.745729
3238.075658,104368858.629822,-41577978.630859,6857.254946,-21.721758
3255.208333,104201138.710022,-41825740.655640,6853.364641,-21.870889
3272.804054,103941307.594360,-41852512.629272,6839.259456,-21.933086
3281.250000,103984951.507141,-41955968.794983,6844.090885,-21.973795
3289.473684,103875712.089050,-42161803.377319,6842.623122,-22.092247
3300.107759,103895872.026428,-41981683.147095,6839.636861,-22.003032
3309.461806,103603049.298218,-42508971.177673,6835.220819,-22.309304
3320.312500,103578443.668884,-42435438.106018,6832.128597,-22.279262
3331.801471,103480755.037415,-42560705.228394,6829.516111,-22.357585
3339.213710,103321989.941162,-42759888.907043,6825.194750,-22.482920
3348.214286,103286486.037231,-42833872.998962,6824.921048,-22.524907
3359.375000,103307093.088928,-42624168.715881,6821.190747,-22.421545
3367.456897,103085908.650879,-43025551.304932,6818.111680,-22.655139
3380.408654,103039246.298401,-42975799.806030,6814.313864,-22.640799
3389.246324,103082048.360291,-42728299.245789,6810.926260,-22.515046
3399.884259,103015131.731384,-42776376.536438,6808.278172,-22.551022
3404.017857,102940705.145325,-42818231.137207,6805.063666,-22.585556
3417.968750,102830669.353333,-42948551.276978,6801.924592,-22.669150
3431.165541,102631166.848999,-43245103.278687,6797.697861,-22.849491
3441.220238,102595954.962463,-43225852.135132,6795.261015,-22.847398
3450.520833,102502475.898315,-43314472.458862,6792.106961,-22.908137
3459.821429,102010203.394958,-43967795.287292,6780.124550,-23.317392
3472.222222,102090043.904114,-43990568.626038,6785.150004,-23.311883
3479.003906,102135423.410889,-43799471.700989,6783.088277,-23.212140
3491.950758,101907630.480286,-44155731.563354,6778.928004,-23.427376
3499.348958,101935701.582031,-43969963.676819,6776.001220,-23.333640
3515.625000,101688631.963379,-44356423.890625,6771.553235,-23.567450
3530.649038,101749577.420715,-43996325.372498,6766.209767,-23.384254
3540.039062,101585381.821960,-44264720.324524,6763.539381,-23.545333
3551.136364,101631514.742126,-44024313.938660,6760.274892,-23.421785
3561.580882,101526333.167419,-44128092.574829,6756.906860,-23.492712
3569.504310,101408861.503113,-44272967.137268,6753.864830,-23.585761
3580.729167,101195049.014648,-44621679.454468,6750.465879,-23.795651
3591.229839,101147930.487000,-44602548.909973,6747.363262,-23.796432
3601.074219,100871785.435608,-45080850.030518,6743.803457,-24.081169
3610.321970,100798000.265930,-45054327.973877,6739.031263,-24.084227
3619.025735,100697026.221252,-45196546.758301,6736.954968,-24.173018
3627.232143,100622130.635193,-45304872.310852,6735.496473,-24.240256
3639.914773,100534941.601624,-45335797.451599,6731.419980,-24.273504
3651.494565,100632216.532288,-44969480.915527,6727.679876,-24.079127
3662.109375,100355925.849854,-45454038.458801,6724.435238,-24.367836
3669.507576,100041663.553528,-45664970.770081,6712.302888,-24.535502
3680.889423,100316541.206909,-45295247.739502,6718.251239,-24.300998
3689.236111,100279588.927185,-45266886.421997,6715.483268,-24.295456
3700.657895,100217381.586487,-45269276.260681,6712.082800,-24.309926
3710.937500,100136262.511169,-45307755.890869,6708.538689,-24.345616
3720.238095,100048407.506836,-45388709.869934,6705.693362,-24.402971
3728.693182,99843293.271423,-45725507.104248,6702.827755,-24.607215
3743.489583,99747689.695984,-45753572.240906,6698.236769,-24.641322
3750.000000,99599660.355469,-45977757.864929,6695.748894,-24.779989
3761.574074,99351109.680420,-46364965.246338,6691.938257,-25.018159
3771.551724,99111666.068298,-46537527.930481,6683.167235,-25.152976
3780.241935,99306306.078674,-46220522.876587,6685.735268,-24.959602
3791.360294,99115049.650452,-46492679.914551,6682.191211,-25.130977
3797.743056,99238580.330933,-46141683.456970,6679.957493,-24.937143
3808.593750,99053332.680664,-46399929.065552,6676.377492,-25.100720
3821.331522,98912457.420105,-46548713.016235,6672.453713,-25.202661
3831.129808,98979402.397400,-46288984.125244,6669.419891,-25.064482
3838.900862,98896390.006409,-46364042.820984,6666.773927,-25.118597
3847.064394,98766704.018860,-46539787.780396,6664.173026,-25.230993
3906.250000,98243097.188110,-46884719.644348,6644.317042,-25.512708
3967.285156,97404779.736450,-47853609.038879,6624.037810,-26.165014
3969.254032,97595507.413879,-47409448.717224,6622.597815,-25.910083
3981.370192,97477539.512390,-47524393.592407,6619.193479,-25.991944
3991.168478,97479162.837769,-47423592.030334,6616.588606,-25.943677
3999.255952,97406190.590271,-47468649.505798,6613.788038,-25.981982
4009.046053,97090933.143127,-47968916.518311,6609.964296,-26.292991
4021.139706,97132002.708191,-47744388.807800,6606.154910,-26.176794
4028.320312,96796772.353149,-48329683.485718,6603.678955,-26.533291
4040.948276,96806490.888855,-48151669.776978,6599.363581,-26.446590
4050.925926,96393735.019287,-48582896.659363,6588.620365,-26.749108
4062.500000,96595810.824890,-48294723.207092,6591.752470,-26.564325
4069.010417,96378826.755127,-48674216.605042,6590.318639,-26.795944
4083.806818,96256951.850891,-48737366.796997,6585.419637,-26.855057
4092.261905,96435909.103271,-48257007.373291,6581.993757,-26.584394
4101.562500,96430030.155945,-48174726.247009,6579.426836,-26.546680
4108.297414,96142064.652405,-48549771.822205,6573.994936,-26.793630
4123.263889,96212518.264404,-48338917.872375,6572.045949,-26.676572
4131.610577,96132532.822205,-48390319.751953,6569.093934,-26.720142
4140.625000,95849149.138977,-48790728.992493,6564.699409,-26.978557
4150.390625,95910564.871643,-48568560.916565,6561.902968,-26.858185
4161.005435,95512660.995605,-49221753.276917,6558.412606,-27.264789
4172.585227,95547367.874084,-49034917.261658,6555.081049,-27.167700
4175.646552,95063097.078918,-49483636.995178,6541.398220,-27.499351
4185.267857,95522078.106384,-48924668.588928,6550.637389,-27.121498
4199.218750,95156022.538025,-49470115.395386,6546.049104,-27.470020
4206.730769,95007240.421692,-49631927.237976,6542.560292,-27.583449
4218.750000,95279065.503662,-48967703.594360,6538.639283,-27.201238
4231.770833,94916494.969055,-49552288.994141,6535.400493,-27.568161
4242.995690,94858925.552673,-49459372.125122,6529.661794,-27.538314
4250.919118,94952880.669495,-49223583.655396,6528.111271,-27.403037
4261.363636,94845756.839905,-49312254.845337,6524.801961,-27.471657
4267.939815,94542186.252136,-49820419.902893,6522.769863,-27.788479
4278.273810,94716919.036316,-49351177.769470,6518.923216,-27.522068
4296.875000,94532350.018005,-49509361.520264,6513.408430,-27.643184
4310.344828,94170903.186829,-49957531.359375,6506.647551,-27.946712
4317.434211,93969432.445679,-50285819.011719,6505.217077,-28.153382
4330.842391,93855375.078125,-50350966.824402,6500.958674,-28.213233
4340.277778,93777297.701721,-50367493.957581,6497.236858,-28.240940
4350.142045,93940284.317993,-49953300.177063,6494.094783,-28.002901
4356.971154,93580387.919006,-50540345.311768,6491.658000,-28.373171
4371.279762,93552094.434021,-50438696.911804,6487.191866,-28.332203
4377.693966,93592551.997437,-50276056.095276,6484.661945,-28.244640
4394.531250,93432737.842163,-50370187.906616,6478.794878,-28.330227
4412.615741,93331660.030029,-50245978.187195,6469.767697,-28.297054
4420.230263,93315066.409363,-50299379.070374,6470.421831,-28.326720
4432.091346,92846786.441162,-51004637.418762,6465.891658,-28.782689
4438.920455,93030982.367432,-50587920.750977,6463.558461,-28.537083
4448.784722,92819828.975586,-50863778.143921,6460.313496,-28.722882
4464.285714,92516119.715942,-51219896.301514,6454.563078,-28.971177
4480.698529,92393337.365845,-51257478.550354,6449.120095,-29.021257
4492.187500,92247430.792114,-51372036.781250,6444.733086,-29.114028
4500.679348,92323450.704224,-51145957.588989,6442.088986,-28.986722
4507.211538,92126746.383972,-51422991.582275,6439.813787,-29.170092
4523.026316,92284274.900085,-50970218.143127,6434.804537,-28.913491
4531.250000,92202764.020996,-51010141.950378,6431.629222,-28.953922
4534.040179,92186563.059509,-50995634.047119,6430.335288,-28.951284
4557.291667,91873823.015869,-51257677.903564,6421.416077,-29.158613
4582.331731,91286567.444885,-51948103.602295,6410.875577,-29.643617
4589.843750,91352734.910095,-51828716.154907,6410.786992,-29.569159
4603.794643,91155423.660278,-52025755.052612,6406.267807,-29.715870
4609.375000,91124471.994385,-52012243.579102,6404.218247,-29.717840
4616.477273,91035809.001343,-52090616.280945,6401.893222,-29.779033
4629.629630,90972157.593384,-51986503.976074,6395.366122,-29.746905
4638.671875,90838436.831909,-52164597.220154,6393.687260,-29.867774
4650.297619,90711637.216431,-52268833.807617,6390.150918,-29.951803
4657.451923,90992751.925781,-51698125.171143,6387.744075,-29.604228
4670.516304,90623118.404297,-52176154.489929,6382.645679,-29.932018
4687.500000,90710789.815613,-51849380.021301,6377.362487,-29.752731
4701.967593,90612319.611084,-51863974.152649,6372.587577,-29.786501
4710.477941,90229225.998779,-52397366.753113,6368.591345,-30.145220
4720.052083,90374486.497864,-52048479.715759,6365.605706,-29.939386
4728.618421,90125746.279358,-52374775.638611,6362.437275,-30.163046
4743.303571,89808907.194275,-52753496.498901,6357.400715,-30.430752
4755.434783,89512497.445129,-52879337.183350,6345.710821,-30.573291
4760.742188,89984907.722961,-52268198.356445,6351.736422,-30.151272
4774.305556,89600797.918274,-52745199.840881,6346.194447,-30.484896
4785.156250,89570300.582886,-52671295.214294,6342.302594,-30.458308
4794.034091,89489921.164673,-52706370.034790,6339.160167,-30.497467
4801.432292,89560805.599731,-52525466.873901,6337.295458,-30.391593
4807.692308,89463706.635254,-52605238.520142,6334.650469,-30.456702
4817.708333,89312859.959900,-52745634.180725,6331.068691,-30.565792
4831.414474,89351185.425598,-52545291.635864,6326.875516,-30.459664
4840.353261,89275609.355530,-52566158.467834,6323.545760,-30.490800
4843.750000,88718706.019287,-53027258.214111,6308.670921,-30.867713
4882.812500,88608008.779419,-53192785.469971,6308.066397,-30.977972
4921.875000,88301689.165955,-53225055.829773,6293.060180,-31.080965
4929.315476,88229801.539795,-53304313.094238,6291.802874,-31.139324
4940.257353,88234829.490234,-53188043.687683,6288.398863,-31.082532
4947.916667,88022026.242065,-53425525.481323,6284.787108,-31.256844
4957.932692,88054264.447632,-53272326.994202,6281.623941,-31.174618
4971.590909,87811485.381470,-53461395.764587,6274.943321,-31.334819
4980.468750,87864778.677551,-53348081.424927,6274.129680,-31.265420
4991.319444,87787436.360352,-53354232.016479,6270.289928,-31.290741
5000.000000,87534486.651306,-53610955.114258,6265.271122,-31.486533
5010.190217,87291098.980103,-53943452.877930,6263.252387,-31.715839
5022.321429,87295999.325012,-53800351.044556,6258.919755,-31.646379
5037.006579,86974950.489685,-54142503.702942,6253.257551,-31.903488
5045.572917,86851708.700867,-54253718.872864,6250.466509,-31.992758
5060.369318,86977169.712585,-53895462.503113,6245.417101,-31.785391
5078.125000,86724231.389526,-54107535.567017,6239.141176,-31.961119
5095.108696,86753718.434082,-53867837.581238,6232.938154,-31.838255
5099.826389,86683865.389221,-53936737.208801,6231.537119,-31.891785
5108.173077,86546860.941467,-54020204.579346,6227.134649,-31.972235
5115.327381,86595069.619446,-53918651.018738,6226.352470,-31.909509
5126.953125,86532062.156982,-53896315.252014,6222.367273,-31.917570
5139.802632,85921915.132568,-54712676.071533,6217.408365,-32.488804
5149.147727,85870017.558533,-54694850.555847,6214.152069,-32.496030
5161.830357,85932968.608337,-54455834.508301,6209.571959,-32.363443
5170.036765,85860922.196899,-54482170.528503,6206.719034,-32.397707
5180.027174,85459806.102722,-54882954.714722,6199.245248,-32.709858
5208.333333,85310734.558289,-54916367.408936,6192.694794,-32.771228
5237.926136,85323386.692627,-54585421.819824,6182.434977,-32.609940
5249.023438,85234527.166382,-54610634.494812,6178.696970,-32.649066
5258.413462,85260453.025818,-54452974.929565,6174.844444,-32.565959
5273.437500,85088554.607422,-54568281.391052,6169.800932,-32.673489
5284.926471,84960164.236023,-54664015.395630,6166.365574,-32.758503
5289.713542,84517669.268860,-55274464.196045,6163.984309,-33.185621
5301.339286,84508868.394104,-55155855.735168,6159.574971,-33.131996
5316.840278,84329368.165466,-55280234.584229,6154.561707,-33.246931
5326.704545,84114793.225342,-55486391.020630,6150.532353,-33.411858
5338.541667,84075440.520508,-55419857.527527,6146.291521,-33.392586
5349.864130,84150069.814697,-55150707.377625,6141.074820,-33.241219
5371.093750,83771386.891602,-55522681.954407,6134.270046,-33.536934
5394.345238,83922584.471619,-55077552.352112,6127.015310,-33.277471
5399.816176,83918600.046021,-55003586.073059,6124.335957,-33.243407
5408.653846,83720846.093506,-55219514.919434,6121.491121,-33.408515
5415.482955,83462703.520081,-55428776.277710,6115.401281,-33.589697
5425.347222,83542488.206055,-55327142.592590,6116.031141,-33.516044
5440.848214,83093393.019653,-55841949.163696,6110.666899,-33.903615
5448.190789,82983647.044861,-55926721.028809,6107.998549,-33.978951
5468.750000,82712370.207336,-55991230.205078,6096.481231,-34.096610
5487.351190,83000551.260986,-55477255.698425,6093.566648,-33.759614
5504.261364,82449247.714539,-56098758.777100,6086.878021,-34.232519
5514.705882,82828579.746216,-55449757.481750,6083.908832,-33.801406
5519.701087,82680084.297974,-55644013.749329,6082.991263,-33.941706
5533.854167,82535150.064087,-55708647.964355,6077.860411,-34.019124
5550.986842,82498568.039307,-55566956.359680,6071.174159,-33.963261
5558.894231,82405085.735046,-55599331.284790,6067.547512,-34.008839
5566.406250,81902705.148315,-56303771.282898,6066.406573,-34.507480
5580.357143,82066376.399658,-55909033.948914,6061.043661,-34.266285
5593.039773,81723710.987976,-56231077.925293,6054.890450,-34.531448
5598.958333,81520311.199829,-56496919.990662,6053.894842,-34.724571
5615.234375,81375045.304565,-56548626.383789,6048.409842,-34.796989
5629.595588,81443335.975403,-56292203.028198,6042.920455,-34.652569
5642.361111,81212702.297607,-56460422.947693,6037.200633,-34.808696
5653.782895,81186762.425964,-56399456.825623,6033.776875,-34.788265
5664.062500,81379712.737976,-56040853.591064,6031.011882,-34.553646
5673.363095,81067308.210388,-56295457.868042,6024.167329,-34.778245
5681.818182,81265443.232483,-56025124.091858,6024.723813,-34.583747
5696.614583,80600720.909851,-56829401.369568,6019.518054,-35.187673
5709.134615,80846218.981689,-56354974.687195,6015.164709,-34.879987
5719.866071,80435589.402649,-56813873.724792,6010.736553,-35.235654
5729.166667,80508404.079163,-56628591.793640,6007.853819,-35.123104
5737.304688,80230035.965271,-56948128.993774,6005.232526,-35.368579
5750.868056,80497979.484375,-56404137.907837,5999.461289,-35.019581
5761.718750,80061533.983459,-56919772.133240,5995.845566,-35.411980
5770.596591,79896678.798523,-57069441.454407,5992.952717,-35.538909
5859.375000,79206732.554504,-57152590.470032,5961.703169,-35.813851
5952.380952,78308995.873901,-57387678.629089,5925.825278,-36.236385
5962.171053,78671454.229492,-56869096.002625,5925.085670,-35.863029
5967.881944,78211457.170105,-57439556.269470,5922.898047,-36.295136
5981.445312,78419525.166748,-57023045.424866,5918.151887,-36.023974
5989.583333,78418960.871033,-56943808.679443,5915.280996,-35.986281
5998.883929,77815094.542419,-57668839.563171,5911.738256,-36.543257
6009.615385,77921872.079834,-57423484.714478,5908.079107,-36.388936
6022.135417,77747323.171387,-57535067.116699,5903.554684,-36.503493
6036.931818,77438264.749695,-57760635.093628,5896.623307,-36.720071
6045.386905,77432878.668762,-57733370.983398,5895.364936,-36.709017
6064.967105,77310839.447388,-57693470.269897,5887.937989,-36.733345
6076.388889,77447589.891907,-57349031.438660,5882.094349,-36.520591
6089.154412,77506208.218140,-57219998.072876,5880.288949,-36.438170
6103.515625,77430419.018066,-57186011.916199,5875.335353,-36.448689
6119.791667,77047348.273865,-57527383.258911,5868.985889,-36.747932
6138.392857,76516115.872925,-58052959.631653,5862.370417,-37.188774
6152.343750,76451454.306641,-57970473.105591,5856.183294,-37.172871
6159.855769,76676633.687744,-57639696.498657,5854.987223,-36.934167
6167.763158,76262528.544312,-58103519.546692,5851.916749,-37.304448
6184.895833,76166607.793762,-58067251.284485,5845.918375,-37.321965
6204.044118,76318354.858093,-57679247.078796,5838.977090,-37.082047
6214.488636,76081725.205322,-57894111.372314,5835.393447,-37.270287
6225.585938,76084683.223755,-57788373.405640,5831.631241,-37.218750
6250.000000,75991308.473816,-57683383.266418,5823.216846,-37.202456
6270.559211,75772955.136230,-57671605.815125,5812.171360,-37.276250
6277.901786,75689817.399353,-57813054.679749,5813.370810,-37.374254
6293.402778,75565917.552124,-57836429.335022,5808.229760,-37.430723
6310.096154,75021070.311157,-58368805.990234,5801.753591,-37.885182
6318.933824,74865292.075073,-58483506.354797,5798.559357,-37.997475
6347.656250,74621801.549255,-58524934.855408,5788.414812,-38.107765
6373.355263,74127627.053711,-58431837.187927,5761.191292,-38.248424
6380.208333,74465018.826721,-58429696.824524,5777.297648,-38.120971
6392.045455,74423953.503479,-58375691.966553,5773.290991,-38.110590
6401.909722,74427478.443054,-58277191.950317,5769.751837,-38.062294
6417.410714,74608317.539368,-57904842.630981,5764.484151,-37.816790
6433.823529,73634579.477722,-58709132.952454,5748.123332,-38.566627
6445.312500,73795528.861267,-58666382.061157,5754.183656,-38.485329
6460.336538,73616383.346008,-58754634.093079,5748.987007,-38.595171
6469.726562,73880050.144592,-58339355.350952,5745.831292,-38.297503
6476.151316,73779455.945129,-58369333.192627,5742.148894,-38.349801
6510.416667,73313992.741516,-58664769.404175,5731.144245,-38.667417
6548.713235,73095405.697327,-58596255.386902,5718.116384,-38.718226
6556.919643,72816218.256470,-58874000.400513,5715.473852,-38.957682
6569.602273,73008403.211304,-58525629.616516,5711.276708,-38.717805
6578.947368,72693535.180786,-58771602.457703,5705.721241,-38.956154
6591.796875,73041842.617554,-58285111.305603,5703.701216,-38.589913
6610.576923,72321750.556763,-58991397.279175,5696.562631,-39.204590
6618.923611,72760910.770142,-58276144.158813,5689.966080,-38.693305
6640.625000,72560967.815002,-58424251.257690,5686.110926,-38.841282
6663.602941,72447149.659119,-58367535.518616,5678.529024,-38.858037
6673.177083,72395717.020447,-58351549.509766,5675.472379,-38.870249
6681.743421,72330521.769714,-58351838.381836,5672.385771,-38.895612
6696.428571,71987380.319885,-58629434.119568,5666.784617,-39.161920
6713.867188,71896385.964844,-58590673.038940,5660.984363,-39.178852
6727.430556,71371281.715210,-59103681.798584,5656.095095,-39.629859
6747.159091,71210246.758606,-59119393.518066,5649.140791,-39.700936
6760.817308,71069764.700378,-59165564.697876,5644.348783,-39.778548
6770.833333,71266017.123962,-58840145.314209,5640.893187,-39.545643
6778.492647,71171336.675415,-58888456.351074,5638.317366,-39.606141
6835.937500,70759341.132874,-58842473.371643,5617.170574,-39.747606
6893.382353,70206657.844238,-59033795.734253,5598.783000,-40.060235
6901.041667,70181996.469971,-58985092.392639,5595.717892,-40.046857
6911.057692,69903309.262390,-59229122.493103,5592.323995,-40.275817
6924.715909,69854587.003662,-59174306.053284,5587.892189,-40.269355
6944.444444,69754506.526611,-59113939.604126,5580.849672,-40.281028
6958.007812,69490673.545471,-59316218.807068,5576.581866,-40.484779
6975.446429,69780192.035278,-58828603.288513,5570.804203,-40.133945
6998.697917,69445452.608643,-59018201.833557,5562.686014,-40.360729
7008.272059,68873160.872131,-59484113.515198,5554.661175,-40.817597
7031.250000,69291022.832642,-58916306.944153,5551.476114,-40.374817
7052.951389,68519757.674072,-59616449.587952,5543.652848,-41.026507
7061.298077,68884169.224731,-59129988.982117,5541.066972,-40.643903
7080.078125,68696973.942627,-59190821.369324,5534.825154,-40.750111
7102.272727,68742223.440979,-58949177.794922,5527.305262,-40.615594
7114.955357,68217977.883911,-59443180.593628,5522.816275,-41.069167
7123.161765,68017678.539551,-59114479.981384,5500.423135,-40.995266
7161.458333,68286561.787048,-58977090.607971,5507.336004,-40.817409
7202.148438,67604916.634033,-59413317.866943,5493.456184,-41.311237
7211.538462,67645585.384644,-59274784.839783,5489.744725,-41.227843
7226.562500,67544807.511719,-59269467.694458,5484.905805,-41.267641
7238.051471,67518425.070190,-59159667.062927,5479.276544,-41.226070
7254.464286,67510531.100647,-59077700.231079,5475.618170,-41.190017
7279.829545,66962319.326904,-59474456.920105,5466.533222,-41.612004
7291.666667,66602479.043274,-59514641.286865,5451.765148,-41.784568
7324.218750,66384865.657104,-59750758.050293,5451.498881,-41.990539
7352.941176,66415182.518860,-59427247.090576,5439.687537,-41.822906
7361.778846,66016142.689819,-59852481.273743,5438.960301,-42.197767
7378.472222,66459934.162781,-59177255.140991,5431.564379,-41.683737
7393.973214,66242725.609375,-59349444.868774,5428.677657,-41.859637
7421.875000,66130746.222412,-59244569.967407,5419.315559,-41.857451
7446.289062,65225787.727600,-59911324.088074,5405.747344,-42.569415
7457.386364,65379733.064148,-59771243.544189,5406.898462,-42.435327
7467.830882,65286251.080200,-59781722.228638,5403.120512,-42.481160
7486.979167,65068245.841858,-59866344.760254,5396.810189,-42.617010
7512.019231,65290661.528198,-59444924.215393,5389.457999,-42.318043
7533.482143,65209204.736389,-59340600.767578,5381.494946,-42.303550
7552.083333,64698131.298645,-59750404.746338,5375.403485,-42.724539
7568.359375,64634743.546265,-59678905.328552,5369.600331,-42.718338
7595.486111,64262087.830750,-59866663.647766,5360.716131,-42.973260
7617.187500,64312935.964355,-59642097.496948,5353.657637,-42.843281
7634.943182,64130618.378479,-59690871.868225,5347.531363,-42.947747
7649.739583,64346819.468872,-59349456.397461,5343.048004,-42.687752
7662.259615,64294743.772888,-59308451.219788,5339.014658,-42.691135
7672.991071,64217728.342651,-59313722.858093,5335.778679,-42.727901
7682.291667,63655226.806335,-59832817.198608,5332.258364,-43.228326
7690.429688,63688005.458191,-59701404.628357,5328.227523,-43.150741
7812.500000,62388193.049438,-60123693.965576,5288.478252,-43.942366
7934.570312,62092841.370483,-59510270.152100,5249.536072,-43.784643
7942.708333,62001395.441345,-59449599.166138,5242.944166,-43.797632
7952.008929,61565433.434387,-59928286.664673,5244.107344,-44.229282
7962.740385,61904529.276428,-59513068.154846,5241.362235,-43.872933
7975.260417,61480590.033447,-59845278.608643,5236.862518,-44.229080
7990.056818,61439196.055115,-59762271.317810,5231.518424,-44.208619
8007.812500,61538605.125122,-59517979.201233,5225.492435,-44.045031
8029.513889,61371183.192383,-59527863.028137,5218.571816,-44.127793
8056.640625,60642863.225037,-60061830.260193,5209.637509,-44.725518
8072.916667,60186254.435852,-59905622.108704,5183.142315,-44.867434
8091.517857,60398994.903137,-60069173.888611,5199.388307,-44.844457
8112.980769,60346952.637024,-59931611.258789,5191.216483,-44.803471
8138.020833,60629291.255249,-59471382.454895,5183.748749,-44.448931
8167.613636,60010249.240540,-59875386.560913,5174.230151,-44.936872
8203.125000,59726363.565979,-59881650.952820,5162.249179,-45.075717
8231.026786,59587775.938843,-59842796.573181,5154.598238,-45.123675
8246.527778,59838933.094727,-59496144.478210,5150.486203,-44.836741
8263.221154,59513678.291687,-59646735.818054,5142.929740,-45.065307
8300.781250,59449246.000366,-59459524.577881,5132.065696,-45.006280
8333.333333,58514336.829834,-60064352.571655,5118.256691,-45.750255
8345.170455,58563616.625977,-59997243.846252,5117.424064,-45.694129
8370.535714,59065192.256226,-59329859.959656,5109.906519,-45.129413
8398.437500,58529352.158264,-59649269.847534,5100.781710,-45.544289
8413.461538,58252170.266113,-59572696.996155,5085.604114,-45.643464
8463.541667,58138675.448242,-59571326.822144,5080.703479,-45.698662
8510.044643,57599416.905884,-59641769.494080,5060.860970,-45.999354
8522.727273,57312699.313660,-59938909.538269,5061.812302,-46.284466
8544.921875,57700078.727966,-59393124.917236,5054.234611,-45.829731
8563.701923,57247657.831360,-59714396.670532,5049.168553,-46.209556
8593.750000,56736420.377502,-59985142.622559,5039.617391,-46.595681
8626.302083,57055820.983032,-59450548.106201,5029.440872,-46.178881
8649.553571,57132319.401306,-59217113.402771,5022.411527,-46.027895
8680.555556,56693284.044128,-59439303.528442,5013.647487,-46.355905
8700.284091,56283448.569336,-59684428.499878,5007.289541,-46.681204
8713.942308,56049975.928284,-59803630.249390,5002.829545,-46.857115
8789.062500,55367131.798157,-59901312.814941,4978.797740,-47.254010
8864.182692,55271294.065674,-59505646.319946,4957.107089,-47.114188
8877.840909,54792766.770874,-59846250.929077,4952.589394,-47.525464
8897.569444,54944349.266052,-59569077.375549,4946.392903,-47.314080
8928.571429,55266927.937927,-59079623.764954,4937.904365,-46.911109
8951.822917,55035199.294800,-59123381.113342,4930.207297,-47.052355
8984.375000,54628913.915833,-59291734.337036,4920.896680,-47.345229
9014.423077,54055354.751343,-59597485.692139,4911.049954,-47.793151
9033.203125,54182154.804993,-59355877.401489,4905.351239,-47.610464
9055.397727,53683525.294312,-59666724.994934,4898.972347,-48.022973
9068.080357,54063255.892761,-59238355.792480,4895.160714,-47.616596
9114.583333,53877656.221680,-58998345.108582,4876.703716,-47.598881
9164.663462,52846340.719666,-59585907.032959,4861.251232,-48.431825
9179.687500,53499851.882507,-59010208.464600,4861.719772,-47.805320
9207.589286,53472362.352722,-58869612.162292,4854.237229,-47.751957
9232.954545,52736108.319336,-59339608.346741,4845.542160,-48.373395
9277.343750,52816162.650452,-59001434.062195,4833.390560,-48.167552
9314.903846,51539940.197083,-59388382.585266,4799.600265,-49.048515
9331.597222,52093416.021606,-59283480.876404,4816.998495,-48.695106
9375.000000,52050397.204346,-59038424.014404,4804.035808,-48.600874
9410.511364,51604816.643860,-59211256.307251,4794.041119,-48.928079
9440.104167,51181295.624023,-59387341.833862,4785.232759,-49.245978
9465.144231,51409361.129639,-58991167.563904,4776.075657,-48.930088
9486.607143,51683608.850464,-58607125.493530,4769.483817,-48.593470
9521.484375,51510496.325562,-58596829.265564,4762.029685,-48.683823
9548.611111,50698654.714844,-59123551.952393,4753.819147,-49.388251
9570.312500,50440062.258179,-59211604.695068,4747.649869,-49.575077
9588.068182,50621535.199524,-58939661.068359,4742.236011,-49.343147
9602.864583,51004699.330566,-58528322.763367,4738.550274,-48.930814
9615.384615,50580648.421631,-58748022.283020,4731.739983,-49.273786
9765.625000,49854582.539368,-58500700.492859,4691.444946,-49.563664
9928.385417,48378240.252808,-58652796.623474,4640.662125,-50.484855
9943.181818,48289262.163513,-58489090.089661,4629.498553,-50.458018
9960.937500,48639936.638916,-58351077.761230,4636.681358,-50.187775
9982.638889,48181696.068237,-58605572.393311,4630.811071,-50.576669
10009.765625,47878961.378723,-58682610.442810,4622.740775,-50.790598
10044.642857,48141895.354919,-58272039.165771,4613.555921,-50.439410
10091.145833,47885433.701050,-58209590.151245,4600.657417,-50.559471
10120.738636,47771962.148193,-58134937.872253,4592.739148,-50.590085
10156.250000,47023791.363525,-58533496.439148,4582.822281,-51.224317
10199.652778,47081035.264282,-58232856.519775,4570.727102,-51.046103
10253.906250,47298591.534058,-57759602.925110,4556.702080,-50.687892
10298.295455,46619851.276001,-58047654.217346,4544.262709,-51.232495
10323.660714,46686423.469971,-57849820.655273,4537.405074,-51.097007
10351.562500,46194017.295166,-58079207.652405,4529.539697,-51.504099
10416.666667,46295516.151855,-57632933.393188,4512.130334,-51.227214
10475.852273,45572903.991638,-57878945.500305,4496.428584,-51.785229
10498.046875,45924859.406189,-57483260.129456,4490.855613,-51.379256
10546.875000,45077080.929077,-57866465.976257,4477.168777,-52.083497
10579.427083,44724503.741821,-57966363.460938,4468.802126,-52.349217
10602.678571,45128658.372498,-57526434.772888,4462.756402,-51.887858
10633.680556,45199600.057739,-57299288.850464,4454.536820,-51.733965
10653.409091,44684844.439697,-57588607.928223,4449.085022,-52.192508
10742.187500,43934696.182007,-57686038.287170,4425.893758,-52.708021
10830.965909,44005250.546875,-57055260.658020,4397.955404,-52.359469
10850.694444,43675053.261536,-57307333.215515,4397.902829,-52.689811
10881.696429,43559088.901245,-57226175.933350,4389.673362,-52.724100
10937.500000,43245729.606201,-57104061.319153,4372.171159,-52.864387
10986.328125,42695049.818970,-57328403.507751,4362.935818,-53.324854
11008.522727,42122192.549744,-57171027.728943,4334.404356,-53.619716
11067.708333,42772384.988831,-56831707.821533,4341.495810,-53.035904
11132.812500,42330847.069397,-56842143.279480,4325.854139,-53.326191
11160.714286,41916607.506042,-56996121.694580,4318.367958,-53.669737
11186.079545,42026354.228027,-56754000.030640,4310.454403,-53.481618
11230.468750,42174039.648010,-56461101.591919,4301.488636,-53.243404
11284.722222,41405686.699219,-56741355.946045,4287.394350,-53.882359
11328.125000,41871933.616211,-56182650.283569,4276.839579,-53.305062
11363.636364,41466332.246155,-56250288.688782,4265.414185,-53.604852
11393.229167,40920114.525330,-56554185.652588,4260.730057,-54.113755
11439.732143,40880780.762512,-56344141.680176,4248.939649,-54.038639
11474.609375,41008059.863953,-56084136.792786,4240.685589,-53.827756
11501.736111,40675503.797485,-56188573.218384,4233.898438,-54.100418
11523.437500,40820563.927429,-55982477.474548,4228.925631,-53.903301
11541.193182,39999942.392151,-56475671.979248,4224.139611,-54.692871
11718.750000,39198674.269348,-56180949.362122,4181.296483,-55.097303
11914.062500,38885107.891968,-55373288.350037,4129.934783,-54.923714
11935.763889,38310008.912292,-55768589.319763,4129.727146,-55.514674
11962.890625,38401126.552185,-55580991.267029,4123.452981,-55.360885
11997.767857,38096112.358398,-55623193.207703,4115.023926,-55.594545
12044.270833,37947671.043579,-55511101.357910,4104.261008,-55.644931
12109.375000,38372376.344910,-54923746.577087,4089.506326,-55.061618
12152.777778,37396909.250549,-55139630.517334,4066.599198,-55.855664
12207.031250,37389552.927795,-55149584.898865,4066.850075,-55.865705
12276.785714,37244643.829468,-54928942.771484,4050.739708,-55.862361
12304.687500,37433327.148315,-54645154.804016,4042.912137,-55.589500
12369.791667,37238071.584229,-54509733.546875,4029.361026,-55.662887
12451.171875,36590433.057739,-54593533.882751,4011.443592,-56.170326
12500.000000,36600127.054993,-54372899.738831,4000.594348,-56.055903
12555.803571,36104684.352112,-54458393.424438,3988.135113,-56.458186
12586.805556,35976857.648560,-54403555.482910,3981.036862,-56.525160
12695.312500,36072269.744629,-53879116.591492,3957.613127,-56.199201
12803.819444,35175244.199585,-53997829.039795,3933.485850,-56.920669
12834.821429,34995154.793030,-53977071.943909,3926.433747,-57.044982
12890.625000,34403830.789551,-54121678.130737,3914.362424,-57.558572
12939.453125,34429308.647583,-53908069.981140,3904.202419,-57.436663
13020.833333,34595064.355957,-53449875.504578,3886.149714,-57.088998
13113.839286,33923017.725891,-53505624.413635,3866.888073,-57.626657
13183.593750,33552140.312195,-53455150.460327,3852.204455,-57.886490
13237.847222,33607460.446228,-53104849.142334,3835.916315,-57.673983
13281.250000,33559416.783630,-53006596.469543,3829.280701,-57.663074
13346.354167,33354573.135437,-52928636.159180,3818.580531,-57.783390
13392.857143,33214269.512329,-52826143.726685,3808.724244,-57.842208
13427.734375,32949320.465881,-52856956.065735,3801.736930,-58.063631
13454.861111,32317601.493225,-52708557.972290,3773.756266,-58.487695
13671.875000,31850593.155762,-52540030.053101,3750.135030,-58.776830
13888.888889,31061860.110413,-52162673.371460,3705.597408,-59.228769
13916.015625,31404261.213562,-51919787.145020,3703.640567,-58.833622
13950.892857,30845200.421021,-52117932.202087,3696.498444,-59.383233
13997.395833,31078915.167786,-51805338.559021,3687.409978,-59.041472
14062.500000,30797503.019470,-51731057.005066,3674.706569,-59.234769
14105.902778,30219099.979370,-51911544.473022,3666.289260,-59.796933
14160.156250,30305642.941040,-51661247.568420,3655.764083,-59.604919
14229.910714,30212663.926697,-51465298.778564,3642.576604,-59.586726
14322.916667,29516070.937805,-51511575.374329,3623.687594,-60.189118
14404.296875,29925155.719604,-51007858.848938,3609.614227,-59.602575
14453.125000,29972430.744080,-50804801.010254,3600.394901,-59.463158
14508.928571,29691893.691772,-50775515.918640,3590.181458,-59.684033
14648.437500,28502333.775269,-50962988.630371,3564.065027,-60.784592
14787.946429,28797097.517639,-50306395.301392,3538.045030,-60.213481
14843.750000,28009677.947632,-50565842.950562,3528.259931,-61.018641
14892.578125,28659664.742004,-49952818.492004,3515.149667,-60.157386
14973.958333,27729076.939087,-50258420.060181,3503.551735,-61.114964
15066.964286,27782891.448486,-49935546.776978,3487.905367,-60.911326
15136.718750,27643702.315430,-49784640.999390,3475.727176,-60.959887
15234.375000,27643718.601501,-49469846.397705,3458.942004,-60.805362
15299.479167,26993787.478699,-49621047.796387,3447.869285,-61.455677
15345.982143,27007564.257019,-49456265.877747,3439.440492,-61.363304
15380.859375,26916436.267822,-49368251.095764,3432.060480,-61.401818
15625.000000,25925917.943176,-49148993.472351,3391.690876,-62.190348
15869.140625,25832167.036255,-48444645.227539,3351.029345,-61.933923
15904.017857,25802824.807129,-48340819.844727,3344.595081,-61.909914
15950.520833,25885559.996643,-48172966.473877,3337.947609,-61.750629
16015.625000,25560614.281494,-48112789.468445,3325.361276,-62.021709
16113.281250,24707589.554871,-48281322.855225,3310.407936,-62.901114
16183.035714,24732933.393616,-48066340.496826,3299.439649,-62.773391
16276.041667,24506710.935486,-47895039.628540,3283.833427,-62.904149
16406.250000,24473765.708679,-47540448.014832,3263.659965,-62.762496
16462.053571,24103309.941467,-47543317.797791,3253.528824,-63.117958
16601.562500,23566073.747498,-47430236.858704,3232.650525,-63.581042
16741.071429,23200365.325073,-47217326.832764,3211.111626,-63.834560
16796.875000,23532139.500183,-46909671.694275,3203.297473,-63.361332
16927.083333,23319199.986023,-46589589.723999,3180.008161,-63.412813
17020.089286,23139546.678955,-46360218.345520,3162.582625,-63.476939
17089.843750,22563533.412048,-46587639.478333,3159.525848,-64.159850
17187.500000,22676168.246948,-46258652.593811,3144.485725,-63.887614
17252.604167,22397892.729858,-46235424.381958,3135.770577,-64.154886
17299.107143,22590651.999084,-45609515.340332,3106.637633,-63.652402
17578.125000,21757024.332886,-45683043.740662,3088.442154,-64.535293
17857.142857,21350360.606506,-45084303.652771,3044.782203,-64.661297
17903.645833,21141724.093811,-45118949.723145,3041.268387,-64.895183
17968.750000,21073241.807007,-44981296.088745,3031.886675,-64.899341
18066.406250,20769795.832886,-44898632.981140,3019.495629,-65.176989
18136.160714,21088087.830017,-44574793.507751,3009.824257,-64.683336
18229.166667,20741764.910522,-44412672.596375,2991.876468,-64.968233
18359.375000,20332032.591858,-44367110.050842,2978.851666,-65.381451
18554.687500,20582592.053101,-43803278.246277,2954.072088,-64.833690
18750.000000,19768767.323425,-43687421.586243,2926.847554,-65.654957
18880.208333,19826195.540405,-43336127.265076,2908.782493,-65.417925
19042.968750,19064919.783997,-43338092.169739,2889.870098,-66.256714
19140.625000,19038413.666504,-43119473.897095,2877.007081,-66.179197
19205.729167,18954004.924866,-43029098.432495,2869.880936,-66.228811
19531.250000,17966155.614197,-42734021.948975,2829.498308,-67.199217
19856.770833,18020376.337830,-41938011.120667,2786.077999,-66.749218
19921.875000,17807491.722778,-41949630.196472,2781.626609,-67.000900
20019.531250,18126707.421936,-41629226.052063,2771.356243,-66.472098
20182.291667,17168622.889343,-41639732.031311,2749.125829,-67.594979
20312.500000,17353564.739990,-41331509.941772,2736.092828,-67.226258
20507.812500,16699450.567932,-41221616.696106,2714.667878,-67.948450
20703.125000,16948227.007996,-40714693.412781,2691.814650,-67.401585
20833.333333,16410696.952271,-40648680.787292,2675.640573,-68.017077
20996.093750,16298398.130188,-40423808.860046,2660.347401,-68.043302
21093.750000,16262290.135559,-40229261.930481,2648.511245,-67.991460
21158.854167,16073640.603455,-40204776.634033,2642.829609,-68.210763
21484.375000,15939329.984009,-39653825.653809,2608.565472,-68.103757
21875.000000,15344033.919495,-38978778.192932,2556.849777,-68.514893
21972.656250,15181872.476929,-39071569.750366,2558.519248,-68.767608
22135.416667,15070532.748718,-38741999.471985,2537.307836,-68.746127
22265.625000,15024869.549805,-38589906.841980,2527.645773,-68.728719
22460.937500,14459264.477417,-38498047.542114,2510.076436,-69.416654
22656.250000,14464794.701660,-38132956.872253,2489.347272,-69.229039
22786.458333,13787083.527222,-38148090.829102,2475.847261,-70.131730
22949.218750,13954065.921631,-37857068.883850,2462.655469,-69.768237
23046.875000,14239606.956909,-37569301.498230,2452.305194,-69.244212
23437.500000,13622460.808533,-37197998.909424,2417.915512,-69.888579
23828.125000,13261658.628296,-36620537.181396,2377.260904,-70.094862
23925.781250,13278977.742615,-36560968.130066,2374.203242,-70.040997
24088.541667,12606372.268127,-36507260.403320,2357.404775,-70.951717
24218.750000,12238768.656616,-36159467.812622,2330.059375,-71.302865
24414.062500,13015108.475647,-35922562.168762,2332.080261,-70.086102
24609.375000,12375108.147888,-35804999.271118,2312.281167,-70.935655
24739.583333,12160622.400452,-35701551.072266,2302.059932,-71.192287
24902.343750,12461532.151733,-35408472.071350,2291.165531,-70.613254
25000.000000,12492342.621948,-35195147.447571,2279.515732,-70.460013
25390.625000,12313680.559814,-34780722.182495,2252.030576,-70.506206
25878.906250,11533463.716125,-34379949.574585,2213.382514,-71.457017
26041.666667,10858435.203979,-34344892.004517,2198.584620,-72.457336
26367.187500,11062323.422058,-33895867.153320,2176.296981,-71.927406
26692.708333,10789624.114380,-33534848.743530,2150.203514,-72.166880
26855.468750,10871095.353394,-33340872.581604,2140.472179,-71.943092
27343.750000,10643904.519409,-32763105.821289,2102.646730,-72.004455
27832.031250,10131130.551575,-32400669.575439,2072.063585,-72.638579
27994.791667,9908572.108276,-32258531.839478,2059.755388,-72.927220
28320.312500,9740679.121033,-31964486.419189,2039.594911,-73.054371
28645.833333,9679062.291748,-31596448.876282,2017.012439,-72.970552
28808.593750,9692536.931396,-31440245.529907,2008.140475,-72.868435
29296.875000,8718331.466370,-31196518.280396,1977.102066,-74.388382
29785.156250,8858044.519714,-30594176.480896,1944.073214,-73.854668
29947.916667,8868323.358154,-30450883.208801,1935.848930,-73.764836
30273.437500,8685662.871521,-30205410.156189,1918.357231,-73.959422
30598.958333,8463775.178223,-29913833.513794,1897.527859,-74.203938
30761.718750,8444389.879211,-29772841.169922,1888.925428,-74.167404
31250.000000,8422429.728943,-29340621.023621,1863.188736,-73.985687
31738.281250,8033657.974915,-28991515.121582,1836.238240,-74.513945
31901.041667,7939897.041565,-28839819.990540,1825.789751,-74.609426
32226.562500,7819930.192261,-28613928.270508,1810.556145,-74.717024
32552.083333,7510633.931091,-28375692.801025,1791.610213,-75.176829
33203.125000,7437478.943237,-27880085.650757,1761.227670,-75.065445
33854.166667,6884705.382324,-27450291.980164,1727.377505,-75.922525
34179.687500,7018142.898010,-27188219.703308,1713.883866,-75.528321
34505.208333,6934717.046631,-26915845.114197,1696.514053,-75.554504
35156.250000,6973922.173462,-26445459.151428,1669.335018,-75.229095
35807.291667,6302154.599182,-26082685.085205,1637.821939,-76.418672
36132.812500,6159771.038818,-25934811.619202,1627.019833,-76.641512
36458.333333,5895647.058777,-25599159.147644,1603.399159,-77.032842
37109.375000,6169059.176758,-25257850.423340,1586.981624,-76.276860
37760.416667,5885020.872681,-24833879.255859,1557.765926,-76.670493
38085.937500,5365156.043457,-24795019.104553,1548.438162,-77.792839
38411.458333,5751178.618713,-24447685.830750,1532.947371,-76.764449
39062.500000,5916825.524048,-24059498.223816,1512.275480,-76.185974
39713.541667,5217861.047424,-23723099.888062,1482.598541,-77.597683
40039.062500,5105174.809021,-23654862.046875,1477.064720,-77.823556
