Barrido en frecuencia desde 100 hasta 80001 con incrementos 100
Metodo usado: LI de 64 ciclos
Formato: frecuencia,X,Y,R,phi 

100,121718298.122803,-167432.296630859,7429.32909819925,-0.0788144268229501 
200,121675361.945923,-1087518.51965332,7426.998010085,-0.512088570549441 
300,121597757.923462,-2376127.50036621,7423.38154373717,-1.11946762185122 
400,121476261.645874,-3791465.36022949,7418.15949242783,-1.78771112036491 
500,121319124.796387,-5255111.5447998,7411.90147385857,-2.48029820517351 
600,121123417.959961,-6743702.82702637,7404.46210422963,-3.18672649638876 
700,120879071.902466,-8285050.98425293,7395.40805718057,-3.92092030469588 
800,120612536.843506,-9742426.60144043,7385.80689831873,-4.61801628317757 
900,120303308.114136,-11218803.6887207,7374.81470628793,-5.32767104866136 
1000,119955048.290161,-12699521.3690186,7362.61592092066,-6.04333574693541 
1100,119570066.753906,-14168341.190918,7349.25826142518,-6.75769846883489 
1200,119150246.114136,-15623035.3485107,7334.82656280343,-7.47003390854066 
1300,118702111.097778,-17045686.8768311,7319.54409930476,-8.17183947355133 
1400,118205847.261108,-18484928.6186523,7302.61825107924,-8.88788179005017 
1500,117685166.887329,-19889824.5565186,7285.01908744023,-9.59283786704134 
1600,117130255.460205,-21276935.2857666,7266.2782277118,-10.2956246928693 
1700,116549652.318481,-22637620.9735107,7246.7891398363,-10.9917874566706 
1800,115938874.237427,-23978809.3648682,7226.33088619596,-11.6853201196138 
1900,115292679.15918,-25302806.5307617,7204.60088463362,-12.3782239254774 
2000,114626002.079102,-26593756.0384521,7182.25696461366,-13.0617994161878 
2100,113927971.820557,-27866932.7276611,7158.82498989822,-13.7447497160824 
2200,113208639.712891,-29109374.3272705,7134.69016569191,-14.420099622802 
2300,112451058.98291,-30345773.9633789,7109.20320847192,-15.1019708099745 
2400,111698119.547241,-31518630.2276611,7083.9486260682,-15.7578409748171 
2500,110907405.985474,-32684576.6038818,7057.29805537405,-16.4203232808331 
2600,110063106.883911,-33870205.9084473,7028.82507000609,-17.1049329060078 
2700,109268947.917236,-34932164.7077637,7001.97546170357,-17.7285463230115 
2800,108232443.304688,-36252820.7578125,6966.92287952841,-18.5184469055831 
2900,107558133.117065,-37069395.9124756,6943.98829420532,-19.0162668371114 
3000,106679903.531006,-38093173.5374756,6914.09388704795,-19.6505887857032 
3100,105784593.525513,-39083935.5172119,6883.37772516347,-20.2776168208615 
3200,104856507.160278,-40085055.1181641,6851.85022292118,-20.9210984150985 
3300,103965393.480713,-40996887.9967041,6821.29250403221,-21.5209075262979 
3400,103040384.809326,-41904639.9561768,6789.4787374327,-22.1306763631122 
3500,101953538.380615,-42922481.001709,6751.93682140555,-22.831112407446 
3600,101152647.243774,-43639358.5986328,6724.12226030592,-23.336373326698 
3700,100187916.939453,-44471475.7397461,6690.54015476008,-23.9355076925091 
3800,99226109.9228516,-45268699.2938232,6656.97499400071,-24.5233070839426 
3900,98202051.0541992,-46079820.1431885,6621.03762329793,-25.1376039455295 
4000,97252370.0253906,-46801395.6049805,6587.58667613953,-25.6985604809109 
4100,96317705.0157471,-47485335.302124,6554.57939839044,-26.243635478773 
4200,95330116.1185303,-48177913.5808105,6519.52579840672,-26.8111113374886 
4300,94344933.8109131,-48837500.2425537,6484.32307744866,-27.3682692165843 
4400,93367018.5539551,-49469102.1364746,6449.33219282772,-27.9162028002033 
4500,92374271.8948975,-50080452.0643311,6413.55252724891,-28.4642108562112 
4600,91361116.1578369,-50676060.5473633,6376.81072430905,-29.0161965683623 
4700,90386631.5831299,-51224689.3684082,6341.30623798659,-29.5414682913285 
4800,89417292.1383057,-51748774.3009033,6305.86194650722,-30.0594004570769 
4900,88444119.1456299,-52252038.3547363,6270.09078379575,-30.5742350244494 
5000,87456617.0479736,-52741996.5130615,6233.66328127806,-31.092694524914 
5100,86485038.4819336,-53204488.5098877,6197.7012724159,-31.599297283029 
5200,85430904.3630371,-53680122.3481445,6158.38868660555,-32.1430145353029 
5300,84530433.4245605,-54066311.4997559,6124.58970997501,-32.6032922631601 
5400,83581065.5341797,-54455805.3964844,6088.79959932999,-33.0855626644771 
5500,82603123.541748,-54837589.7929688,6051.73263522937,-33.578920636428 
5600,81676571.3822021,-55181617.5908203,6016.42773024867,-34.0434063912799 
5700,80710057.0444336,-55522460.5670166,5979.40299780743,-34.5250523205209 
5800,79776584.9847412,-55835032.5671387,5943.46835881021,-34.9878857810822 
5900,78851751.7902832,-56128497.2624512,5907.6793751506,-35.444139014963 
6000,77908313.0754395,-56411243.878418,5870.96606451377,-35.9072525215471 
6100,76996301.1376953,-56668126.3498535,5835.24976258683,-36.35251259139 
6200,76082475.5236816,-56911526.5463867,5799.30860071573,-36.7973746449692 
6300,75177271.708374,-57135462.3192139,5763.42135840909,-37.2351894567 
6400,74268125.3890381,-57347732.2104492,5727.24917984581,-37.6742980874209 
6500,73398711.8011475,-57536186.2572021,5692.42889167594,-38.0923830152557 
6600,72517325.9298096,-57715191.6477051,5656.98451438131,-38.5156299944118 
6700,71680147.1960449,-57872442.5953369,5623.11735673533,-38.9163862188543 
6800,70787706.4802246,-58024998.8927002,5586.738011868,-39.3416261584732 
6900,69924151.8244629,-58159650.885376,5551.32677230222,-39.7521057862295 
7000,69100295.1303711,-58279215.6213379,5517.46217083591,-40.1442964503731 
7100,68237963.6086426,-58390743.9437256,5481.75592922966,-40.5533706458295 
7200,67432902.1738281,-58483084.8540039,5448.20530929427,-40.9343857700228 
7300,66609879.7780762,-58563914.6334229,5413.61135295782,-41.3221814036079 
7400,65794743.7502441,-58634317.789917,5379.20447149273,-41.7064750879442 
7500,65007904.9645996,-58693391.6966553,5345.86099960728,-42.0777897072072 
7600,64212418.8432617,-58743101.2009277,5311.96962297538,-42.4530433474111 
7700,63491058.5042725,-58777401.1691895,5280.98883985832,-42.7922434433734 
7800,62579656.953125,-58809723.8444824,5241.65402693051,-43.221163581825 
7900,61652763.4188232,-58828317.385498,5201.35478353075,-43.6570571907173 
8000,61175420.3902588,-58831739.3724365,5180.45944932749,-43.881183730293 
8100,60344336.3265381,-58829728.694458,5143.93108643527,-44.2718553907472 
8200,59670561.9725342,-58820643.5426025,5114.17525441349,-44.5890336026503 
8300,58964859.7963867,-58801756.0318604,5082.77550677781,-44.9206468548902 
8400,58268773.2996826,-58775248.6604004,5051.63099949447,-45.2479299582139 
8500,57541733.8430176,-58738852.394165,5018.90000792853,-45.5898440976258 
8600,56904483.8188477,-58700297.5911865,4990.06849046657,-45.8899655674982 
8700,56173297.3719482,-58648894.1254883,4956.84187068425,-46.2351207721147 
8800,54982607.5653076,-58544579.9694824,4902.20936258103,-46.7970942515428 
8900,54853719.4779053,-58531991.8737793,4896.26647892038,-46.8580436551769 
9000,54170376.512207,-58458787.8327637,4864.56217264082,-47.1805119153705 
9100,53536733.72229,-58387878.7382813,4835.16689219356,-47.4818158532257 
9200,52887187.4244385,-58304468.1601563,4804.68960144259,-47.7892568520458 
9300,52262310.3664551,-58218948.480835,4775.26231520737,-48.0861352237161 
9400,51622893.9696045,-58124392.50354,4744.96312293065,-48.3902758499693 
9500,51025561.1051025,-58030834.9886475,4716.54088232183,-48.6753639395707 
9600,50441777.4736328,-57931479.2365723,4688.51291176846,-48.9534388887731 
9700,49845619.7642822,-57825244.0634766,4659.78552010273,-49.2385142477254 
9800,49168153.3005371,-57695798.7680664,4626.87678759495,-49.5624826337564 
9900,48694199.223877,-57601797.2199707,4603.78248242602,-49.7901908112122 
10000,48106511.2452393,-57482815.2767334,4575.13498479862,-50.0711417900165 
10100,47553527.99646,-57362285.4593506,4547.88045428825,-50.3377561378878 
10200,46996175.3175049,-57235254.7740479,4520.24968101933,-50.607000346793 
10300,46454846.730957,-57106074.5515137,4493.23530403374,-50.8688183944915 
10400,45816147.7481689,-56946913.6895752,4461.16326051273,-51.1784857931901 
10500,45384465.0450439,-56833965.8554688,4439.30481750119,-51.3876712913783 
10600,44837559.6582031,-56688656.907959,4411.59197825862,-51.6545748926228 
10700,44298833.4073486,-56536844.8752441,4383.9714980951,-51.9165116499284 
10800,43830247.1263428,-56403499.9382324,4359.95991315781,-52.1464009588315 
10900,43321287.9328613,-56252692.3114014,4333.67106288802,-52.3960376092107 
11000,42856694.2194824,-56111531.7606201,4309.57673444241,-52.6248453438569 
11100,42337695.9700928,-55949115.670166,4282.51316454555,-52.88115801179 
11200,41876275.9320068,-55798915.3605957,4258.24159756251,-53.1089063551709 
11300,41358501.385376,-55626989.5560303,4230.92114450465,-53.3659092352903 
11400,40918650.9001465,-55475717.194458,4207.52357722035,-53.5842759486815 
11500,40461583.897583,-55315281.0941162,4183.11592760541,-53.8121739758996 
11600,40016931.1538086,-55155926.3028564,4159.27358984313,-54.0348277055831 
11700,39491900.0513916,-54961679.1567383,4130.90154540718,-54.2980272710217 
11800,39097060.0880127,-54814052.5983887,4109.54614136423,-54.4975884732897 
11900,38686786.2575684,-54657466.0306396,4087.25045503547,-54.7055802392846 
12000,38289725.6661377,-54500180.4907227,4065.43788327668,-54.9062037362298 
12100,37871118.9694824,-54328846.0941162,4042.22014905698,-55.1173277769226 
12200,37413700.3015137,-54142501.8476563,4016.95722338983,-55.3512470407959 
12300,36979936.3658447,-53958356.2749023,3992.68885864512,-55.5721176536845 
12400,36663274.2005615,-53822463.8123779,3974.93635287295,-55.7343387849557 
12500,36232866.4381104,-53632682.8400879,3950.60202803936,-55.9546496753882 
12600,35839960.7617188,-53460176.5698242,3928.47704757812,-56.1585110829637 
12700,35475387.6531982,-53294895.0599365,3907.72751232531,-56.3471486079682 
12800,35063541.9229736,-53103203.9083252,3884.0854315524,-56.5601978289427 
12900,34673965.7006836,-52919103.0123291,3861.63007753976,-56.7627479033806 
13000,34257401.2352295,-52719559.7446289,3837.53553950597,-56.9806142341202 
13100,33978802.0373535,-52582963.3577881,3821.29130436559,-57.1262951646677 
13200,33610183.9520264,-52400246.770752,3799.73475527354,-57.3199739885694 
13300,33218540.9754639,-52202248.8441162,3776.6806522134,-57.5262472851531 
13400,32934487.6907959,-52057419.0739746,3759.92761143293,-57.6768267599616 
13500,32585531.9232178,-51877213.8577881,3739.26458290425,-57.8625208777693 
13600,32228549.9370117,-51690563.1118164,3718.04822627992,-58.0534747944395 
13700,31814212.7528076,-51469283.5311279,3693.23460866027,-58.2755464196153 
13800,31560423.8546143,-51329256.4650879,3677.83009614641,-58.4108119760638 
13900,31278088.1876221,-51174632.5264893,3660.77723282459,-58.5632040268265 
14000,30929948.3846436,-50980403.1287842,3639.59972565189,-58.7513006026686 
14100,30588781.7004395,-50786383.9741211,3618.69247388994,-58.9359285946816 
14200,30283562.4277344,-50610874.2926025,3599.91905891518,-59.101954512436 
14300,29992388.6226807,-50441045.5831299,3581.91233300174,-59.2607657148006 
14400,29676573.6170654,-50254691.2189941,3562.30000336434,-59.4337552105271 
14500,29364999.3745117,-50068727.8898926,3542.87203783012,-59.6052427142719 
14600,29078944.1088867,-49897681.1502686,3525.04694651321,-59.7641908321475 
14700,28789260.1348877,-49718330.3658447,3506.69964653865,-59.9237353888195 
14800,28512978.5096436,-49546979.1046143,3489.21100841304,-60.0773115510884 
14900,28182869.1708984,-49338958.039917,3468.17417064674,-60.2611947801555 
15000,27958860.4332275,-49194973.4664307,3453.76950558201,-60.3858382418231 
15100,27675047.2044678,-49012308.9807129,3435.21398196219,-60.5502468521124 
15200,27438954.7008057,-48858640.616333,3419.97183272671,-60.6831958099666 
15300,27148825.5366211,-48668150.6171875,3401.17859065026,-60.8473782666135 
15400,26914182.302002,-48512139.0064697,3385.89593080569,-60.9805157284642 
15500,26916616.524292,-48514619.9713135,3386.10040951515,-60.979560493311 
15600,26304941.1696777,-48099860.3952637,3345.91631275123,-61.3282616497563 
15700,26305802.8337402,-48099285.661377,3345.9107709342,-61.3271833437434 
15800,25694128.4526367,-47676495.0836182,3305.4217686962,-61.6803049205194 
15900,25608733.2895508,-47615204.7005615,3299.65752294125,-61.729155757043 
16000,25384482.0584717,-47455552.7478027,3284.6017815609,-61.8589084369077 
16100,25106900.9019775,-47255511.4630127,3265.85861841148,-62.0199571074824 
16200,24721770.699585,-46975984.7091064,3239.78982584713,-62.2454928092226 
16300,24657718.6309814,-46928128.3848877,3235.38528697355,-62.2826671697412 
16400,24423057.8569336,-46753264.946167,3219.28558402887,-62.4199602625202 
16500,24226649.7993164,-46607705.2861328,3205.86793735474,-62.5363342440112 
16600,23983071.6691895,-46422210.4447021,3188.97653246458,-62.679511680685 
16700,23465693.6899414,-46024627.8338623,3152.97057845578,-62.9869132095864 
16800,23554559.7666016,-46093759.5164795,3159.19428722314,-62.934038984499 
16900,23386001.355835,-45964986.5411377,3147.51968108352,-63.0356928693228 
17000,23112197.7071533,-45751668.4448242,3128.35135909872,-63.2003468676778 
17100,22931693.8856201,-45609511.6158447,3115.64569439531,-63.3092314759457 
17200,22728981.3554688,-45450071.8009033,3101.40162192124,-63.4326806964686 
17300,22500502.286499,-45266465.3900146,3085.15126466325,-63.5712193722527 
17400,22296063.8493652,-45099781.8272705,3070.49511578533,-63.6952139880688 
17500,21943147.4750977,-44809926.2359619,3045.11300163069,-63.9110011116827 
17600,21943709.1035156,-44809322.0831299,3045.09496181661,-63.9101167651452 
17700,21662337.6381836,-44576360.255249,3024.78720708939,-64.0838028193279 
17800,21525546.0079346,-44462026.2941895,3014.86535347758,-64.1685425585006 
17900,21319172.6191406,-44286714.0516357,2999.754056898,-64.2960212847779 
18000,21133073.282959,-44128700.8896484,2986.14435358406,-64.4121210157769 
18100,20968416.7783203,-43986404.9970703,2973.97595920745,-64.5144695479986 
18200,20695729.0206299,-43748914.6859131,2953.74379171885,-64.684894196749 
18300,20478619.3649902,-43558875.2010498,2937.60151681526,-64.8217783250871 
18400,20387676.6967773,-43477493.2382813,2930.74660716223,-64.8786632812925 
18500,20233115.331665,-43341078.3455811,2919.20797400473,-64.9769162158791 
18600,20064083.9266357,-43188905.6396484,2906.43369062152,-65.0837464309295 
18700,19925130.7329102,-43064899.7143555,2896.00043984039,-65.1728242880218 
18800,19713048.1282959,-42872547.2148438,2879.91891650303,-65.3084622968306 
18900,19534367.0515137,-42710844.9536133,2866.40253945743,-65.4240996942536 
19000,19219054.9172363,-42418468.8946533,2842.18894333072,-65.6272747722164 
19100,19234627.3068848,-42433085.2478027,2843.39376271805,-65.6172490327538 
19200,19058839.623291,-42270742.6256104,2829.94593384894,-65.7322668805443 
19300,18907324.8320313,-42126628.0545654,2818.13101300654,-65.8301555198253 
19400,18547858.6251221,-41783412.6229248,2790.06083813253,-66.0650448162162 
19500,18548971.9749756,-41784069.6518555,2790.12505797508,-66.064103566823 
19600,18549474.4075928,-41783316.1307373,2790.09546720921,-66.0631448481417 
19700,18290139.3052979,-41534034.659668,2769.78042497698,-66.2346929254084 
19800,18154777.5290527,-41400695.8431396,2759.00658331213,-66.3235953885565 
19900,17982971.8132324,-41232784.8276367,2745.41595297224,-66.4381136344585 
20000,17820731.6060791,-41070966.1971436,2732.40985065823,-66.545642615246 
20100,17721468.5557861,-40971439.1594238,2724.42790314701,-66.6116719681562 
20200,17587219.361084,-40839442.4958496,2713.78472034443,-66.7029217577119 
20300,17403053.7434082,-40652124.1715088,2698.84523771767,-66.8260873196952 
20400,17282163.5141602,-40529882.3725586,2689.08579119423,-66.9080457783514 
20500,17131924.7104492,-40377116.2595215,2676.91714833404,-67.0103014035325 
20600,17011132.3865967,-40251671.9650879,2666.99247726188,-67.0918544080083 
20700,16867210.8149414,-40104542.1306152,2655.30587980154,-67.191010777636 
20800,16693866.8380127,-39924980.7358398,2641.10830208464,-67.3104005744991 
20900,16539159.2910156,-39764342.1540527,2628.42537785071,-67.4178482395322 
21000,16481430.4589844,-39704734.5452881,2623.71400045572,-67.4583790696088 
21100,16355235.166626,-39571723.0241699,2613.26671145242,-67.5461036264093 
21200,16213618.605957,-39419997.7744141,2601.41127987949,-67.6441294520725 
21300,16086872.0090332,-39282175.2270508,2590.69262203618,-67.7315852676274 
21400,15953407.0690918,-39139448.7762451,2579.5481163584,-67.8256910678608 
21500,15867710.6600342,-39045590.1452637,2572.27077626962,-67.8854112902705 
21600,15729464.1248779,-38893414.6425781,2560.493723899,-67.9820781103128 
21700,15605210.9304199,-38758774.2766113,2550.03571765341,-68.070813936499 
21800,15498014.3387451,-38639595.2279053,2540.84713072512,-68.1464077522478 
21900,15356501.822998,-38481880.9327393,2528.7021732751,-68.2468452868118 
22000,15235520.8186035,-38346944.8096924,2518.31959924429,-68.3334252965155 
22100,15165464.8187256,-38268350.1468506,2512.28407793649,-68.3836532344208 
22200,15022644.5900879,-38106062.3681641,2499.86876601829,-68.4857449502699 
22300,14891539.3945313,-37955888.8648682,2488.41084915972,-68.5797443056721 
22400,14808221.5292969,-37861186.9151611,2481.17451891152,-68.6403091016212 
22500,14672897.8272705,-37705445.6462402,2469.31768565242,-68.7384438755175 
22600,14569080.0444336,-37582636.6772461,2460.03696282047,-68.8126627240452 
22700,14439997.6954346,-37432603.0429688,2448.65508556979,-68.9070955877422 
22800,14385585.0174561,-37369246.4053955,2443.85284204841,-68.9471080926142 
22900,14248778.8341064,-37208648.3768311,2431.70982334611,-69.0477359503949 
23000,14157622.7703857,-37101012.9530029,2423.58721909194,-69.1150232219762 
23100,14077678.0415039,-37006285.3806152,2416.44754618759,-69.1742371053303 
23200,14077843.6373291,-37006545.664917,2416.46598710665,-69.1741470535731 
23300,13719458.4564209,-36575643.1846924,2384.13469706043,-69.4407321785662 
23400,13719948.0692139,-36576488.8127441,2384.19351393733,-69.4404954041969 
23500,13720623.1472168,-36577529.418335,2384.26744799206,-69.4401043930443 
23600,13721251.2408447,-36578527.3426514,2384.33793607827,-69.4397559380475 
23700,13337565.1348877,-36110043.4398193,2349.37280015789,-69.7295540725373 
23800,13336378.8034668,-36108606.6269531,2349.26545519969,-69.7304695198261 
23900,13276531.5556641,-36032968.5213623,2343.67030342969,-69.7751329543815 
24000,13183470.3289795,-35917034.3742676,2335.06914627884,-69.8458765211914 
24100,13096144.9051514,-35808603.5307617,2327.02188446782,-69.9129199918368 
24200,13011483.2275391,-35701008.2744141,2319.08140964944,-69.9770862328604 
24300,12874927.7601318,-35526666.5649414,2306.23432569096,-70.0811034265824 
24400,12800501.5579834,-35433384.2122803,2299.3353461946,-70.1391830094554 
24500,12744555.2822266,-35359771.6943359,2293.9504375763,-70.1812666608727 
24600,12613288.2102051,-35192060.9355469,2281.60833902672,-70.2833768428562 
24700,12575307.2854004,-35142122.1508789,2277.95741923011,-70.3123969551346 
24800,12449880.6153564,-34978882.0727539,2266.00130121801,-70.409763168112 
24900,12376956.5749512,-34884638.1740723,2259.09121323852,-70.4671906218036 
25000,12293359.2991943,-34775594.9865723,2251.11470084305,-70.532936218115 
25100,12200224.5050049,-34653350.7918701,2242.28445547551,-70.6135814694156 
25200,12149600.6544189,-34583844.5383301,2237.25739640022,-70.6521407822785 
25300,12064863.0284424,-34474310.2484131,2229.23735166137,-70.7206025406698 
25400,11972321.4263916,-34349936.7741699,2220.20850746071,-70.7934713270651 
25500,11726622.0413818,-34018162.5916748,2196.16441791061,-70.9890350160523 
25600,11798975.4899902,-34117830.9642334,2203.35573075352,-70.932022869988 
25700,11750947.7634277,-34051344.3482666,2198.56305201079,-70.9696556351139 
25800,11664566.0930176,-33934529.0134277,2190.10509857887,-71.0391914739482 
25900,11555653.5212402,-33784310.5438232,2179.27624737232,-71.1261096792498 
26000,11462728.1446533,-33659038.8570557,2170.20829296895,-71.2024595364142 
26100,11462909.6400146,-33659294.9431152,2170.22665955132,-71.2023157225644 
26200,11348341.0148926,-33502262.5393066,2158.90267559295,-71.2959866608818 
26300,11239835.4085693,-33350886.9818115,2148.02987076791,-71.3842313440037 
26400,11221931.7832031,-33325713.7747803,2146.2249956338,-71.3987759108645 
26500,11107884.3035889,-33166586.0095215,2134.80210958207,-71.4926417442078 
26600,11079115.1791992,-33127288.3594971,2131.97034125493,-71.5169174842619 
26700,10986934.1121826,-32997293.4770508,2122.66328573578,-71.5930146213411 
26800,10920981.5112305,-32904063.9298096,2115.99381944002,-71.6477546586953 
26900,10834719.3183594,-32781376.34021,2107.23008985169,-71.7194844394714 
27000,10779528.2305908,-32703041.6691895,2101.63411353954,-71.7657755536091 
27100,10694253.9274902,-32581132.2347412,2092.93979942753,-71.837328592435 
27200,10693475.0965576,-32579617.3793945,2092.83712840929,-71.837775665057 
27300,10525615.1170654,-32336936.1500244,2075.57526862684,-71.9789760642275 
27400,10526200.819458,-32338411.5179443,2075.67195892739,-71.9788070945723 
27500,10386967.3096924,-32133721.8587646,2061.16644409063,-72.0959431974806 
27600,10367193.0462646,-32104513.8859863,2059.09905700467,-72.1126412098227 
27700,10306502.4466553,-32012982.8900146,2052.64537452347,-72.1631152748765 
27800,10254310.729126,-31939089.9204102,2047.37684419872,-72.209292833517 
27900,10175552.7923584,-31821606.6175537,2039.08157759391,-72.2763049231855 
28000,10116255.3649902,-31734390.9124756,2032.90987446967,-72.3277666594035 
28100,10035439.9350586,-31611603.5216064,2024.27303524554,-72.3963579039155 
28200,9982246.97119141,-31531483.2277832,2018.6304938621,-72.4421904905579 
28300,9915041.09643555,-31432313.5930176,2011.62310755236,-72.5015405040566 
28400,9860978.14733887,-31349352.0449219,2005.80219728507,-72.5479183968203 
28500,9675111.90734863,-31063493.9140625,1985.7630229728,-72.7091023242362 
28600,9720366.56213379,-31132468.4202881,1990.60421723215,-72.6692306274502 
28700,9719945.74853516,-31132836.1501465,1990.61798676943,-72.67012882334 
28800,9624035.57910156,-30985961.8425293,1980.31859543631,-72.7545026201123 
28900,9567137.40734863,-30897853.2800293,1974.15366991042,-72.8044614239767 
29000,9503503.73937988,-30798233.2148438,1967.19767527315,-72.8601383314806 
29100,9445813.63110352,-30708198.5379639,1960.90937522311,-72.9111033356872 
29200,9346311.59484863,-30550667.5352783,1949.93633803059,-72.9986021119538 
29300,9346459.87426758,-30551964.2320557,1950.01466593108,-72.9990281123131 
29400,9267234.73913574,-30426686.9677734,1941.28990243468,-73.0694818800452 
29500,9213146.3026123,-30341256.7532959,1935.34081972322,-73.1179986743308 
29600,9193051.5847168,-30311262.361084,1933.2328742007,-73.1370153124604 
29700,9132112.21704102,-30212946.0960693,1926.41189880967,-73.191077516001 
29800,9050273.18615723,-30083746.8690186,1917.42005370247,-73.2657757634168 
29900,9033622.12023926,-30057316.3309326,1915.58257515604,-73.2809843990668 
30000,8940636.51342773,-29906066.9755859,1905.11038799069,-73.3645344781685 
30100,8896339.37353516,-29834928.7591553,1900.17652835939,-73.4051416856028 
30200,8857944.55053711,-29772407.3803711,1895.85043048217,-73.44005586136 
30300,8824762.05456543,-29718577.2321777,1892.1241070253,-73.4704659381153 
30400,8768645.7845459,-29628834.4099121,1885.89917568507,-73.5228467505622 
30500,8725616.67468262,-29557165.0606689,1880.95989048953,-73.5617431950087 
30600,8660527.5604248,-29450054.2896729,1873.56623281872,-73.6216561645612 
30700,8614167.67602539,-29374315.6229248,1868.33362456635,-73.6649088047845 
30800,8570524.37133789,-29302241.5778809,1863.3633024526,-73.705441407196 
30900,8571280.70361328,-29302095.5224609,1863.36770600644,-73.7040021238763 
31000,8571327.68603516,-29302170.9938965,1863.37293212831,-73.7039572627477 
31100,8344934.20471191,-28928212.5661621,1837.60016833773,-73.9176654321599 
31200,8346055.19433594,-28928711.4998779,1837.64839156013,-73.9158789568712 
31300,8345882.33618164,-28929596.3410645,1837.69735631933,-73.9166617441586 
31400,8345380.63354492,-28928628.7524414,1837.63212687372,-73.9170686843657 
31500,8120189.34741211,-28546443.1114502,1811.42266527519,-74.1302650354107 
31600,8120492.50109863,-28547232.9130859,1811.47409307896,-74.1301192939427 
31700,8120099.76086426,-28546909.1622314,1811.44852890395,-74.1306775443207 
31800,8089589.31652832,-28492917.5444336,1807.76967348236,-74.1588708226318 
31900,8047406.140625,-28422714.4449463,1802.94509717979,-74.2003887413324 
32000,7989634.35107422,-28322869.307373,1796.12189183467,-74.2556563366907 
32100,7951911.48474121,-28258405.6156006,1791.71047486524,-74.292357970281 
32200,7904688.23144531,-28174049.9731445,1785.97419561517,-74.3366242310419 
32300,7765194.71191406,-27930097.8085938,1769.34339726325,-74.471827025686 
32400,7845212.73986816,-28069577.8708496,1778.85518373478,-74.393718340584 
32500,7808029.9005127,-28006783.1269531,1774.55352778157,-74.4309783222404 
32600,7766285.92956543,-27931555.3601074,1769.44694713546,-74.4705208412566 
32700,7716043.78552246,-27844790.1832275,1763.52407426017,-74.5204175600974 
32800,7657402.35180664,-27740493.9979248,1756.43471417689,-74.5774784495499 
32900,7611938.13037109,-27658060.6165771,1750.84701006687,-74.6212014000757 
33000,7586776.14953613,-27614080.0649414,1747.85158753895,-74.6463901635699 
33100,7558688.00671387,-27564993.1364746,1744.50870462336,-74.6746147477819 
33200,7498670.6418457,-27456077.9083252,1737.13002291227,-74.7331511641463 
33300,7434066.54943848,-27339584.2486572,1729.23337288938,-74.7971147967043 
33400,7427737.05871582,-27330108.0976563,1728.57391954398,-74.8044408420036 
33500,7388835.97119141,-27256516.0358887,1723.61719063097,-74.8414448738991 
33600,7344679.41186523,-27178025.3964844,1718.28886086517,-74.8863851306567 
33700,7264878.69934082,-27030782.9179688,1708.34424416256,-74.9654485233341 
33800,7244776.59277344,-26994675.5532227,1705.89765377351,-74.9860328898731 
33900,7245551.55151367,-26993665.4040527,1705.85036871161,-74.9839617579712 
34000,7151559.13781738,-26824544.9592285,1694.39637802274,-75.0808315069262 
34100,7157282.01550293,-26831133.3149414,1694.87491627404,-75.0729239611908 
34200,7123408.06787109,-26771242.0915527,1690.81047474457,-75.1086901479394 
34300,7095364.921875,-26718485.7105713,1687.258900491,-75.1367417209628 
34400,7051178.50732422,-26636838.078125,1681.75088609973,-75.1819685411378 
34500,7004541.86401367,-26548031.8436279,1675.78331339077,-75.2286251488357 
34600,6970054.40246582,-26485606.7526855,1671.56267616701,-75.265070345188 
34700,6926213.15563965,-26403495.8262939,1666.03565762818,-75.310199829266 
34800,6899004.49987793,-26349839.6505127,1662.44679180812,-75.3369222389138 
34900,6880455.99487305,-26315488.904541,1660.13194673323,-75.3563924349082 
35000,6880070.93371582,-26314942.2987061,1660.09372528491,-75.3568859258972 
35100,6775139.82141113,-26117485.4029541,1646.94525158311,-75.4051162529377 
35200,6774915.42041016,-26117263.6020508,1646.9287075652,-75.4054592365306 
35300,6775696.33056641,-26118206.9820557,1646.99641440962,-75.4043571482297 
35400,6674006.04980469,-25922782.0267334,1633.89423939907,-75.5100062977819 
35500,6654980.43273926,-25886013.4669189,1631.43136261224,-75.5298511894545 
35600,6629657.72583008,-25835719.137207,1628.07344980228,-75.5556334321399 
35700,6587525.24377441,-25757520.449707,1622.81140073853,-75.6016948829427 
35800,6557755.34680176,-25698621.2080078,1618.87836366486,-75.6324742948485 
35900,6514882.38818359,-25615479.6296387,1613.31453756924,-75.6779634902311 
36000,6476717.54199219,-25540317.1329346,1608.29445771184,-75.7181067490334 
36100,6452309.5682373,-25493905.9405518,1605.18245376731,-75.744798155039 
36200,6423511.08703613,-25437016.3179932,1601.38505752577,-75.7752853774066 
36300,6407473.24475098,-25406234.4017334,1599.32374719246,-75.7928076492205 
36400,6329581.3269043,-25250000.5837402,1588.91593263827,-75.8749526424405 
36500,6329413.01745605,-25251138.994873,1588.98083662499,-75.8759212057688 
36600,6267365.8638916,-25126966.1237793,1580.70914995021,-75.9422824741891 
36700,6269297.62255859,-25132563.9730225,1581.06921515296,-75.9411331826757 
36800,6235781.32067871,-25065892.1239014,1576.62581097278,-75.9774739702203 
36900,6204758.36767578,-25003065.3972168,1572.44749013066,-76.0106971822452 
37000,6205549.7668457,-25003916.008667,1572.50951704622,-76.0094445622588 
37100,6151737.0435791,-24897454.2209473,1565.4122010696,-76.0688359746149 
37200,6019275.94311523,-24632213.619751,1547.7605745809,-76.2156418542628 
37300,6088360.73034668,-24769912.2862549,1556.9277097426,-76.1383187475833 
37400,6088722.90246582,-24769824.0404053,1556.9277558367,-76.1374814154737 
37500,6037457.8203125,-24667835.2677002,1550.13627495446,-76.1948715817901 
37600,5997915.58642578,-24585562.49646,1544.68505188865,-76.2375482618146 
37700,5997930.92687988,-24587055.3796387,1544.77380135755,-76.2383155642912 
37800,5963463.02270508,-24517601.0615234,1540.15691145095,-76.27697565914 
37900,5927071.00048828,-24445582.4221191,1535.36093525362,-76.3187509065477 
38000,5902306.63696289,-24391979.003418,1531.82515701041,-76.344860868862 
38100,5872043.52355957,-24330920.9765625,1527.76861950121,-76.3793214551286 
38200,5841437.29553223,-24268972.2836914,1523.65488093999,-76.4142527876674 
38300,5818816.71337891,-24219643.4030762,1520.40453527429,-76.438287595519 
38400,5783137.14929199,-24146113.6020508,1515.53217036741,-76.4787065607901 
38500,5760350.1640625,-24097205.9997559,1512.30519461344,-76.5036097531147 
38600,5760825.38317871,-24098385.8657227,1512.38198272691,-76.5031752887332 
38700,5760934.38623047,-24099398.7119141,1512.44365836575,-76.5034746753484 
38800,5611479.8638916,-23781938.3138428,1491.48268928863,-76.6712471415093 
38900,5612659.12023926,-23782912.317627,1491.55708364978,-76.6690804922536 
39000,5611679.52844238,-23783998.652832,1491.60788761921,-76.6719008871393 
39100,5612782.02990723,-23783433.9482422,1491.58979526847,-76.6690809321819 
39200,5613294.04333496,-23784303.5544434,1491.64863428746,-76.6683808732318 
39300,5613206.05285645,-23784298.5687256,1491.64710444228,-76.6685789716223 
39400,5429109.53979492,-23391837.7868652,1465.76126555203,-76.8809981211522 
39500,5430054.28295898,-23392560.2055664,1465.81725749361,-76.8791921202211 
39600,5429977.33435059,-23393087.3233643,1465.84753683273,-76.879655317725 
39700,5430067.33081055,-23392695.2991943,1465.82546996241,-76.8792346765336 
39800,5389373.25012207,-23305465.817627,1460.07784254055,-76.9269392907209 
39900,5393668.23571777,-23316330.6514893,1460.78303715457,-76.9227815256139 
40000,5368745.67590332,-23259039.5821533,1457.03334576826,-76.9500711464766 
40100,5368345.58276367,-23259085.3258057,1457.03057399691,-76.9510315677244 
40200,5334942.89794922,-23184404.5579834,1452.13071427895,-76.9889676197548 
40300,5290480.61242676,-23088662.0921631,1445.82756814151,-77.0418435639435 
40400,5289868.29418945,-23089327.361084,1445.85880254853,-77.0436466390159 
40500,5262930.36669922,-23027123.704834,1441.79085855403,-77.0736430485031 
40600,5228495.45166016,-22953459.4541016,1436.93957983286,-77.115398544086 
40700,5229508.27783203,-22952688.7750244,1436.90744559886,-77.1125784129347 
40800,5189551.01049805,-22864773.161499,1431.13395865463,-77.1600566077344 
40900,5189005.06188965,-22863973.302002,1431.07897143789,-77.1609250557804 
41000,5139442.0213623,-22753557.9541016,1423.83767800872,-77.2196201323019 
41100,5138684.60742188,-22752592.2723389,1423.76999685222,-77.2209122639569 
41200,5099495.13146973,-22662965.2567139,1417.90714893576,-77.266497262915 
41300,5076257.47265625,-22612041.8673096,1414.56346810107,-77.2949088270821 
41400,5051745.81738281,-22557425.6495361,1410.98318497035,-77.3245359569926 
41500,5052772.63378906,-22558526.5872803,1411.06245827636,-77.3226488538931 
41600,4994399.89758301,-22426965.9675293,1402.44861371166,-77.3929863361797 
41700,4994869.34924316,-22426888.699585,1402.45023916452,-77.3918017814337 
41800,4944596.0970459,-22313912.4072266,1395.05293465612,-77.4532481754545 
41900,4944083.98095703,-22313245.9133301,1395.00645361671,-77.4541401501496 
42000,4925868.5826416,-22271414.3980713,1392.27314822372,-77.4760808804289 
42100,4884685.54455566,-22176122.2128906,1386.0515378759,-77.5256170177173 
42200,4884244.984375,-22176300.2260742,1386.0563648964,-77.5267992244624 
42300,4857756.27941895,-22115572.6043701,1382.08883849307,-77.5592056518521 
42400,4838594.27441406,-22071182.3847656,1379.19158781407,-77.5825151638081 
42500,4813175.58398438,-22012638.1767578,1375.36897444749,-77.6137718438793 
42600,4796911.65039063,-21974987.416748,1372.91188879577,-77.6337583075094 
42700,4796394.90246582,-21976092.3258057,1372.97105343639,-77.6356445288619 
42800,4725078.13354492,-21811711.4453125,1362.24161617936,-77.7245361222222 
42900,4725808.51403809,-21811376.6060791,1362.23108094318,-77.7225215181768 
43000,4725895.9979248,-21812481.7650146,1362.29813954117,-77.7229027997769 
43100,4725976.58557129,-21811531.7027588,1362.24250555521,-77.7221841310649 
43200,4640972.39904785,-21609344.1179199,1349.08461301385,-77.8265545109069 
43300,4640146.10168457,-21609016.3458252,1349.05446245856,-77.8284704123826 
43400,4640938.42578125,-21610330.0733643,1349.14301748936,-77.8271772786499 
43500,4617209.19592285,-21553880.4477539,1345.47026973582,-77.8566730432515 
43600,4617105.90307617,-21554706.0432129,1345.51822461309,-77.8573850530062 
43700,4565966.16894531,-21431664.7991943,1337.52153426525,-77.9207507207476 
43800,4564795.32849121,-21432241.666626,1337.5410832867,-77.9240592087851 
43900,4538332.06005859,-21367378.5771484,1333.33250216498,-77.9565071339189 
44000,4455277.14941406,-21170079.451416,1320.50141184263,-78.0631110022604 
44100,4456221.85168457,-21170237.0675049,1320.52270267786,-78.0607486543576 
44200,4476429.13037109,-21219688.8636475,1323.73064366929,-78.0354178296152 
44300,4475619.06921387,-21219364.6959229,1323.70107757756,-78.0373351644517 
44400,4476528.87060547,-21220247.0601807,1323.76523821773,-78.0354643983561 
44500,4431213.07983398,-21109000.9394531,1316.55084517522,-78.0922507573063 
44600,4410450.85742188,-21059742.352417,1313.34808606865,-78.1194106869791 
44700,4386503.83544922,-21002521.0106201,1309.63010625677,-78.1506796631117 
44800,4386671.1315918,-21002283.2296143,1309.61798671533,-78.1501125255159 
44900,4360247.09692383,-20939904.4591064,1305.56137519262,-78.1852368787315 
45000,4360369.15698242,-20939541.3677979,1305.54119677785,-78.1847184945724 
45100,4322725.55163574,-20846308.5532227,1299.28153449149,-78.3176146727484 
45200,4322643.83776855,-20846235.5722656,1299.27616081418,-78.3177901245847 
45300,4291731.15966797,-20771560.7856445,1294.43108556819,-78.3585985945281 
45400,4260785.52575684,-20693703.4285889,1289.39602907484,-78.3980609324419 
45500,4260860.67370605,-20693081.9210205,1289.35980367992,-78.3975214136356 
45600,4248267.81665039,-20663149.9244385,1287.41570017698,-78.4146257234192 
45700,4216760.75390625,-20585342.1849365,1282.37760983302,-78.4560507499283 
45800,4216984.1652832,-20585789.2393799,1282.40707399198,-78.455698593601 
45900,4194352.46313477,-20529740.1556396,1278.77906983665,-78.4855669551367 
46000,4175992.46496582,-20483538.5355225,1275.79234719631,-78.5095218893559 
46100,4161556.48657227,-20448944.4224854,1273.54776113166,-78.5293848767648 
46200,4150155.94555664,-20421187.0192871,1271.74909373086,-78.544881360135 
46300,4150016.48815918,-20421443.1601563,1271.7627175168,-78.5453973691836 
46400,4150131.29345703,-20421711.6479492,1271.78017000912,-78.5452350513797 
46500,4151211.91442871,-20422379.1730957,1271.83322696065,-78.5426890837315 
46600,4035901.85107422,-20137651.6621094,1253.40791664465,-78.6997041541388 
46700,4036335.41760254,-20137823.4229736,1253.42339436645,-78.6986123768272 
46800,4036972.86987305,-20137797.0197754,1253.42946045717,-78.6968542906976 
46900,4037352.61853027,-20137899.0690918,1253.44012235509,-78.695871543255 
47000,4037002.90881348,-20139100.3983154,1253.50781231823,-78.6974867699984 
47100,4036815.69091797,-20139655.6958008,1253.53879470267,-78.6983032604119 
47200,4037004.4543457,-20138379.144165,1253.46467244902,-78.6970870893283 
47300,3903538.37988281,-19801558.059082,1231.71533944401,-78.8806467186399 
47400,3904770.73364258,-19802782.762207,1231.80321744334,-78.8778869336526 
47500,3904118.89611816,-19801830.0876465,1231.73848000288,-78.8791792195405 
47600,3904380.05883789,-19803359.4140625,1231.83313266583,-78.8792916171485 
47700,3904018.58740234,-19802425.4364014,1231.77294289137,-78.8797855039689 
47800,3887920.67663574,-19761641.6729736,1229.14104586954,-78.9022745373162 
47900,3887984.84667969,-19760481.220459,1229.07231346058,-78.9014580966629 
48000,3867132.01867676,-19706508.2282715,1225.59486029862,-78.9301049955168 
48100,3840492.00866699,-19635756.9205322,1221.04499918874,-78.965950430062 
48200,3839398.60693359,-19634629.3588867,1220.96465806111,-78.968403711256 
48300,3839521.6940918,-19633304.4082031,1220.88674313211,-78.9673295020011 
48400,3802157.92663574,-19533588.7947998,1214.4772203709,-79.0178043898517 
48500,3802355.79382324,-19533928.9259033,1214.49990283375,-79.0174323054962 
48600,3747632.17175293,-19389697.0916748,1205.22277450096,-79.0933218466676 
48700,3747343.28625488,-19389345.8305664,1205.19838154507,-79.0939513709054 
48800,3748229.24365234,-19391851.5244141,1205.35878186462,-79.0928072746299 
48900,3747476.21899414,-19391135.2946777,1205.30714504191,-79.0945578244098 
49000,3708129.58813477,-19286134.3765869,1198.56043093534,-79.149137259437 
49100,3708732.80175781,-19287483.2053223,1198.64821814502,-79.1481521564694 
49200,3689128.85058594,-19234155.8109131,1195.22649666299,-79.1750131611395 
49300,3688890.96801758,-19234655.9897461,1195.25374087409,-79.1759722496563 
49400,3657043.12414551,-19149086.8496094,1189.75933421708,-79.2205294241246 
49500,3656777.64050293,-19148177.1538086,1189.70176317351,-79.2207943075337 
49600,3657937.953125,-19149179.9829102,1189.77516239588,-79.2179976103699 
49700,3614332.97241211,-19035116.7772217,1182.43910692299,-79.2813661791269 
49800,3614657.90258789,-19035119.6821289,1182.44298041872,-79.2804237780921 
49900,3614752.90344238,-19035963.1566162,1182.49463424176,-79.2806131044454 
50000,3588225.53466797,-18963810.4677734,1177.86680338806,-79.3180212316455 
50100,3588772.38708496,-18964505.9127197,1177.91471028048,-79.3168100002635 
50200,3559612.9708252,-18885689.6221924,1172.85798171041,-79.3585369827534 
50300,3543798.26928711,-18842821.994751,1170.10843190976,-79.381251546654 
50400,3543117.34106445,-18843118.7976074,1170.11855322959,-79.3834152422998 
50500,3543304.15576172,-18843245.7808838,1170.12827622888,-79.3829367245005 
50600,3488575.10083008,-18691744.7220459,1160.42548073753,-79.460644849897 
50700,3488663.87158203,-18692805.6544189,1160.49012269232,-79.4609684097972 
50800,3488682.79272461,-18692449.8170166,1160.46898695634,-79.4607156568597 
50900,3488457.13232422,-18692478.6142578,1160.46818799295,-79.4613999847311 
51000,3434028.41308594,-18542480.7215576,1150.8611238507,-79.5403562622168 
51100,3435044.87072754,-18542415.7962646,1150.86852572584,-79.5372836852927 
51200,3433985.18798828,-18541921.7896729,1150.82710308525,-79.5401761463061 
51300,3418826.86523438,-18499256.9456787,1148.09849165423,-79.5619078801399 
51400,3418668.84765625,-18499292.3909912,1148.09886630853,-79.5624007460027 
51500,3391857.76318359,-18423159.1352539,1143.232848818,-79.6007232781814 
51600,3391449.73999023,-18423489.2692871,1143.24815499961,-79.6021334332483 
51700,3369219.82763672,-18360997.5968018,1139.25197826563,-79.6345112113165 
51800,3368818.26965332,-18361002.78125,1139.24786667105,-79.635726337021 
51900,3368539.79675293,-18361961.7816162,1139.30236542016,-79.6370981361629 
52000,3328725.39160156,-18247323.9846191,1131.98316147399,-79.6941686969771 
52100,3329037.6192627,-18249569.5089111,1132.12139704877,-79.6944646636047 
52200,3328661.4519043,-18247875.4655762,1132.01557084853,-79.6946686986297 
52300,3286509.38439941,-18131547.2302246,1124.57055272368,-79.7586975018656 
52400,3287277.33874512,-18130760.2047119,1124.53165210061,-79.7559114071986 
52500,3287283.0925293,-18130317.5628662,1124.5051343778,-79.7556482511508 
52600,3256161.72412109,-18042101.3328857,1118.869332287,-79.8021629928279 
52700,3255767.20471191,-18042752.8955078,1118.9041881576,-79.803737938836 
52800,3256562.56677246,-18042390.692627,1118.89105565149,-79.8010908329699 
52900,3220685.42663574,-17940794.2180176,1112.4009620941,-79.8553469417912 
53000,3219812.46594238,-17940243.4674072,1112.35846707408,-79.8577419927965 
53100,3206954.83239746,-17902254.3948975,1109.93795838142,-79.8764694157601 
53200,3207034.21069336,-17902564.8203125,1109.95746051519,-79.8763957081524 
53300,3183428.70043945,-17835064.2792969,1105.64874896518,-79.9122374578073 
53400,3183617.48571777,-17834886.4399414,1105.64008911996,-79.9115508716134 
53500,3163512.46191406,-17777053.887207,1101.95012433631,-79.9421065877611 
53600,3162559.17102051,-17775457.5505371,1101.84401713752,-79.9441974742708 
53700,3148261.22729492,-17733468.8381348,1099.16836098766,-79.9655810715527 
53800,3090772.85571289,-17565397.3105469,1088.45713636332,-80.0530401044685 
53900,3091393.82263184,-17565588.3408203,1088.47518614776,-80.0511818090383 
54000,3090391.18896484,-17566622.7081299,1088.52675305257,-80.054929732719 
54100,3090596.35534668,-17566711.5286865,1088.53426113426,-80.054330084464 
54200,3090327.09851074,-17565968.3118896,1088.48674261324,-80.0547682712066 
54300,3041602.71911621,-17424642.0170898,1079.47800599455,-80.1308912822437 
54400,3042114.33654785,-17424079.0100098,1079.4495280466,-80.1289450731649 
54500,3041166.64831543,-17423340.1396484,1079.39516175919,-80.1315576670733 
54600,3042458.02282715,-17423783.838623,1079.43539034012,-80.1276838908845 
54700,3042312.80151367,-17424574.7399902,1079.48141402042,-80.1285879610825 
54800,3042136.34851074,-17424906.3692627,1079.49949914078,-80.1293357620926 
54900,3041600.96716309,-17423871.6201172,1079.43167185593,-80.1304677367654 
55000,3041958.8001709,-17424527.4904785,1079.47485778117,-80.1296912410286 
55100,3041757.61279297,-17424071.010498,1080.32962194017,-79.7148201123016 
55200,2952595.59838867,-17160289.5213623,1063.52492080942,-79.8545707402848 
55300,2952544.40734863,-17160950.5993652,1063.56418354657,-79.8551055840265 
55400,2952777.60058594,-17161392.4055176,1063.593192714,-79.8545959025944 
55500,2953023.68701172,-17161864.3590088,1063.62415019014,-79.8540612625979 
55600,2952902.70495605,-17160836.6756592,1063.56103693453,-79.8538801545174 
55700,2948219.97143555,-17146629.3000488,1062.65734742662,-79.8611437022676 
55800,2933589.88623047,-17104547.2851563,1059.97288755953,-79.8852036105688 
55900,2915928.28381348,-17053359.0135498,1056.70916535984,-79.9141961868708 
56000,2916218.57519531,-17053248.7941895,1056.70551815241,-79.9131870486769 
56100,2916671.43041992,-17052624.5280762,1056.67259738244,-79.911360229391 
56200,2891338.72912598,-16976158.3417969,1051.80841615871,-79.9515475624595 
56300,2892071.11499023,-16976684.2625732,1051.84759393321,-79.9494392623827 
56400,2875734.25793457,-16927867.3631592,1048.74082008833,-79.9758231460342 
56500,2875388.40625,-16928216.8800049,1048.75832886878,-79.977156227197 
56600,2855062.02746582,-16867868.8007813,1044.9166877629,-80.0104246037414 
56700,2855685.87658691,-16867599.7185059,1044.90684290793,-80.0082141514646 
56800,2829554.73474121,-16788286.8304443,1039.86436533383,-80.0503662801432 
56900,2828907.48083496,-16788248.3839111,1039.8554800564,-80.0524927531386 
57000,2829115.83056641,-16788264.1125488,1039.85854198808,-80.051810116806 
57100,2829700.95324707,-16788573.7952881,1039.88313323605,-80.0500415554797 
57200,2794547.77233887,-16680036.1759033,1032.98967220106,-80.1063624974078 
57300,2794619.02307129,-16680886.8067627,1033.04163231981,-80.1066005887029 
57400,2794782.49499512,-16681204.1451416,1033.06239822415,-80.106232056283 
57500,2767656.43408203,-16597206.2060547,1027.72899299833,-80.1500679811311 
57600,2767079.82299805,-16596656.4353027,1027.69007878418,-80.1516968102215 
57700,2767552.82531738,-16596739.2147217,1027.69981749982,-80.1501544238038 
57800,2749606.05065918,-16541897.3085938,1024.21562104172,-80.1798185523746 
57900,2750363.1887207,-16541113.7629395,1024.17599525296,-80.1768274790679 
58000,2731260.91748047,-16481229.6143799,1020.37668026006,-80.2077671076258 
58100,2730408.17578125,-16481259.2072754,1020.36994951744,-80.2106689758864 
58200,2731166.88354492,-16481439.1933594,1020.38836981559,-80.2082027805543 
58300,2730882.67675781,-16482425.4556885,1020.4449612061,-80.2097172800622 
58400,2683512.32299805,-16333863.3725586,1011.02106324818,-80.2874249876436 
58500,2683870.55505371,-16333675.6359863,1011.01329573617,-80.2860960516047 
58600,2683288.36669922,-16333954.9763184,1011.02436675436,-80.2882413335028 
58700,2683266.74328613,-16334779.538208,1011.0738495298,-80.2887778280132 
58800,2683913.73132324,-16334844.8201904,1011.08419034392,-80.2866047317434 
58900,2635928.49707031,-16187136.4108887,1001.70759304222,-80.3683615269993 
59000,2636986.75708008,-16186001.6729736,1001.64957757396,-80.364075081824 
59100,2636725.88623047,-16186615.8222656,1001.68403887784,-80.3653196258731 
59200,2636631.65649414,-16185997.3480225,1001.64582953812,-80.3652971534316 
59300,2617758.71325684,-16127467.4162598,997.932246990087,-80.397619816536 
59400,2617839.15478516,-16126922.901001,997.900205756764,-80.3970354109861 
59500,2593250.22851563,-16051826.2297363,993.132321447362,-80.4401606388873 
59600,2594037.43981934,-16052956.1380615,993.208120165163,-80.4380573778742 
59700,2593796.72009277,-16052643.9989014,993.186953971083,-80.4387192529794 
59800,2575279.24584961,-15989711.6385498,989.212077925554,-80.467876712768 
59900,2575213.86547852,-15990189.3465576,989.240249413403,-80.4683737759302 
60000,2574384.73693848,-15990461.9822998,989.248639036757,-80.4714229135154 
60100,2546669.60412598,-15902051.0645752,983.648558929415,-80.5187761232465 
60200,2546953.15917969,-15901329.0808105,983.6077551396,-80.5173737715047 
60300,2546829.98535156,-15901806.1872559,983.635339505583,-80.5180749379801 
60400,2546171.42944336,-15901392.4777832,983.604028284598,-80.5201557331667 
60500,2526518.82202148,-15832923.4384766,979.28500386306,-80.5508164561687 
60600,2525097.90979004,-15833660.9639893,979.315816437003,-80.5562458807717 
60700,2525037.60754395,-15833418.0063477,979.300582098499,-80.5563219506919 
60800,2494398.38085938,-15734157.8875732,973.019277020582,-80.6089214727068 
60900,2494748.20837402,-15733152.1048584,972.961949208901,-80.6071123017389 
61000,2494569.64416504,-15733387.3061523,972.974429704354,-80.6078791109912 
61100,2475460.75073242,-15673157.1014404,969.158451185345,-80.6419707259765 
61200,2476139.54382324,-15673642.4208984,969.194199525361,-80.6398231577469 
61300,2462431.87133789,-15625784.6000977,966.176350367429,-80.6618152779813 
61400,2462026.97473145,-15626632.6920166,966.223669863929,-80.6637420416066 
61500,2449815.69030762,-15585144.9985352,963.604526262716,-80.6841000329254 
61600,2448700.87036133,-15585218.0686035,963.598364120561,-80.6881408627657 
61700,2449089.59973145,-15585403.0432129,963.613210617337,-80.6868504975415 
61800,2449502.30334473,-15585601.6650391,963.629108391323,-80.6854818572438 
61900,2448557.8145752,-15584568.7087402,963.557826715189,-80.6882880746843 
62000,2448600.63720703,-15585169.3710938,963.594475590103,-80.6884730226341 
62100,2381804.92724609,-15366748.7423096,949.784163458883,-80.8066953280768 
62200,2381636.46118164,-15365128.0310059,949.684765007754,-80.8063940339844 
62300,2380872.64807129,-15366994.7160645,949.790289941047,-80.8102286272536 
62400,2380705.94274902,-15366208.5628662,949.741280132805,-80.8103921328778 
62500,2382472.8717041,-15365229.0490723,949.698688636116,-80.8034053406604 
62600,2381416.56640625,-15365992.0695801,949.734859344062,-80.8076823986411 
62700,2381427.25891113,-15365539.8823242,949.707666318492,-80.807388275463 
62800,2381742.34802246,-15366256.2944336,949.753854988729,-80.8066452656857 
62900,2381149.65283203,-15366463.1416016,949.76079569376,-80.8089201095253 
63000,2313591.0970459,-15144625.2940674,935.741363924919,-80.9315565349921 
63100,2312512.48657227,-15145876.4393311,935.806959843163,-80.9362504015173 
63200,2313452.09558105,-15145915.491333,935.817981499614,-80.9327989840426 
63300,2313849.62658691,-15145834.2857666,935.816744982004,-80.9312835874807 
63400,2312178.5213623,-15145992.1972656,935.810870646294,-80.9375503194111 
63500,2312805.82287598,-15147072.09375,935.881856136244,-80.9358409059463 
63600,2303587.90869141,-15111350.2347412,933.64006462894,-80.9497860688668 
63700,2303122.24499512,-15112955.1834717,933.732687624494,-80.9524178860884 
63800,2292513.09802246,-15071276.317749,931.118476188368,-80.9682368893619 
63900,2291663.96362305,-15073445.7591553,931.24167875888,-80.9726175852321 
64000,2273632.56616211,-15010100.4022217,927.251200544976,-81.0039628360821 
64100,2274080.10119629,-15009214.2851563,927.201782782564,-81.0017918711343 
64200,2273799.28015137,-15010308.2561035,927.265277787629,-81.0034582301455 
64300,2249060.3034668,-14925405.1787109,921.911993404365,-81.0480366651769 
64400,2250158.21325684,-14925101.4251709,921.903642353207,-81.043743728426 
64500,2249269.20581055,-14925533.6634521,921.921654726255,-81.0473252141265 
64600,2230977.22900391,-14861507.2965088,917.88834870886,-81.0799104537005 
64700,2230906.96386719,-14860513.6230469,917.827692104618,-81.0796129423952 
64800,2230790.76000977,-14861176.2506104,917.866662252213,-81.0804261480766 
64900,2230501.9107666,-14861966.0268555,917.911747475854,-81.0819621563166 
65000,2205971.89697266,-14772257.963501,912.271080501739,-81.1239439298629 
65100,2206064.43237305,-14772169.9155273,912.123969924233,-81.0644159625135 
65200,2206005.83728027,-14773334.623291,912.193788777355,-81.0652981235486 
65300,2205654.77490234,-14772059.1517334,912.113585112457,-81.065907467832 
65400,2174909.77294922,-14663766.4365234,905.295937996799,-81.1216245743086 
65500,2174030.80493164,-14664049.571167,905.305168081459,-81.125145559788 
65600,2175616.89880371,-14664673.9621582,905.357096103558,-81.119435853359 
65700,2174033.17602539,-14663664.4324951,905.281923635905,-81.1249181880076 
65800,2161116.83935547,-14616768.4981689,902.333398606681,-81.1477930804098 
65900,2161977.73864746,-14617247.3792725,902.370019693282,-81.144762387561 
66000,2161251.61096191,-14618347.3123779,902.429981950727,-81.1481714970852 
66100,2161204.50866699,-14617319.2102051,902.367451363416,-81.1477691235238 
66200,2128373.49499512,-14500666.7059326,895.027471010732,-81.2080362201177 
66300,2128521.6875,-14501134.2313232,895.057033854768,-81.2077284588052 
66400,2127380.84814453,-14500498.4593506,895.008503899775,-81.2117802624994 
66500,2127316.50976563,-14500657.5217285,895.017544461654,-81.2121193878841 
66600,2127296.82434082,-14499809.0371094,894.966102744065,-81.2117140309999 
66700,2093671.83569336,-14381778.7619629,887.536943482943,-81.2753271205246 
66800,2094206.3026123,-14381478.5739746,887.523505252413,-81.2730715177567 
66900,2094090.18383789,-14382244.758667,887.568785227873,-81.2739597503779 
67000,2094554.78430176,-14381099.8765869,887.503686944523,-81.2714968238232 
67100,2081646.63085938,-14334265.4780273,884.559888461321,-81.2953229220882 
67200,2081722.03479004,-14334099.6743164,884.55052992535,-81.2949334883704 
67300,2081165.48681641,-14333829.0766602,884.529292189998,-81.2969583626602 
67400,2081596.61462402,-14334620.0244141,884.580876504388,-81.2957202568811 
67500,2050737.40014648,-14223376.6395264,877.587511194104,-81.3537415198738 
67600,2050181.04614258,-14222517.9594727,877.530761117514,-81.3554485751131 
67700,2049953.6295166,-14222767.5906982,877.543868509199,-81.3564880770469 
67800,2049877.74243164,-14223131.69104,877.565215198451,-81.3569946556014 
67900,2024327.5723877,-14129894.8886719,871.707307140986,-81.4051168880418 
68000,2023580.74975586,-14130348.2027588,871.728244141263,-81.4083422686453 
68100,2023127.79846191,-14129126.5549316,871.65047178527,-81.4094469545992 
68200,2022547.69567871,-14128932.8369141,871.633740315271,-81.4116419177502 
68300,2015563.32336426,-14100950.9931641,869.881741941898,-81.4235028105823 
68400,2015818.75866699,-14100952.6700439,869.884050731337,-81.4224866496189 
68500,2015552.66271973,-14100397.3341064,869.848178694877,-81.4232301261067 
68600,1993886.68505859,-14019437.9967041,864.766820587301,-81.463658780883 
68700,1992873.26794434,-14020167.5892334,864.80222048358,-81.468133864851 
68800,1993653.38671875,-14019114.8701172,864.745278178097,-81.4644092653826 
68900,1979922.68518066,-13972507.6212158,861.809426653132,-81.4929593365312 
69000,1980208.79992676,-13973279.1970215,861.858531349706,-81.4922487347643 
69100,1980510.97497559,-13972734.0366211,861.828157919024,-81.4907234954673 
69200,1940436.90161133,-13826892.3111572,852.667268805037,-81.5695544967397 
69300,1940955.67285156,-13826809.6295166,852.666672001027,-81.5673991809664 
69400,1940723.67321777,-13826415.28479,852.640854170376,-81.5681170338901 
69500,1940400.7767334,-13826262.2471924,852.628858310499,-81.5693419649151 
69600,1940588.17895508,-13827314.4703369,852.694083333787,-81.5691805110016 
69700,1940129.49584961,-13826447.9437256,852.637786272568,-81.5705503314911 
69800,1912357.18408203,-13722614.0032959,846.122983083224,-81.6246164536661 
69900,1911389.74462891,-13723341.8552246,846.158854688631,-81.6289940875246 
70000,1912743.23046875,-13723259.8673096,846.165301934622,-81.6234040114617 
70100,1912052.22485352,-13724066.3041992,846.208254656727,-81.6266942141152 
70200,1912405.98913574,-13723893.6627197,846.200793898816,-81.6251469089714 
70300,1912594.6427002,-13723691.0965576,846.190131949459,-81.6242586906658 
70400,1912851.54882813,-13723744.5805664,846.195532583447,-81.6232370872232 
70500,1912909.1184082,-13723699.817749,846.193310487296,-81.6229757658346 
70600,1911798.80163574,-13723979.5113525,846.200869599809,-81.6276825576685 
70700,1912420.55004883,-13724017.0725098,846.208380998236,-81.6251577045685 
70800,1911352.3223877,-13723982.8166504,846.19730802946,-81.6295129591531 
70900,1853267.74951172,-13501716.1226807,832.26580938966,-81.7424788788638 
71000,1853208.93041992,-13502055.9650879,832.285881953329,-81.7429181483907 
71100,1852988.07214355,-13501717.847168,832.263591302234,-81.7436447572256 
71200,1853923.38830566,-13502446.2110596,832.315426357395,-81.7401656031366 
71300,1853155.61987305,-13502400.9031982,832.306308605606,-81.7433373668587 
71400,1852883.58837891,-13501991.6434326,832.279288939804,-81.7442364452361 
71500,1852654.65136719,-13502485.9880371,832.307297099382,-81.7454724964748 
71600,1847947.89025879,-13484831.3959961,831.200097444031,-81.7549995712892 
71700,1847559.6171875,-13483489.4542236,831.115686196477,-81.7558520196549 
71800,1835084.91064453,-13432898.1323242,827.951380210196,-81.779058181396 
71900,1834669.92138672,-13432862.3411865,827.945784704194,-81.7807753582027 
72000,1834761.97973633,-13433291.5532227,827.972515872867,-81.7806353572577 
72100,1817220.18725586,-13367038.0423584,823.818898198225,-81.816374310368 
72200,1816768.94165039,-13366380.5631104,823.775400765434,-81.817897313968 
72300,1817110.74145508,-13367383.973877,823.83893098936,-81.8170328274413 
72400,1817253.23620605,-13367715.74646,823.860179481993,-81.8166229546085 
72500,1803133.43823242,-13315714.9249268,820.597448986508,-81.8464124949753 
72600,1803407.44799805,-13315145.6658936,820.565245118619,-81.8449289223885 
72700,1803283.59094238,-13315123.4202881,820.562883752577,-81.8454395553959 
72800,1781053.24865723,-13227527.2978516,815.079926354667,-81.8895409763272 
72900,1780867.31445313,-13227738.5596924,815.091197375183,-81.8904530274378 
73000,1780606.34521484,-13227642.302124,815.08324528579,-81.8915081648891 
73100,1780742.6986084,-13227461.7231445,815.073427056995,-81.8908246337945 
73200,1762700.77160645,-13157064.8630371,810.665968291131,-81.9274613210008 
73300,1763187.27148438,-13156993.7697754,810.665610819309,-81.9253393426892 
73400,1762385.38317871,-13157550.970459,810.692834230112,-81.9290890942659 
73500,1762142.91210938,-13157512.8485107,810.688561077547,-81.9301045091889 
73600,1762177.77075195,-13157336.3272705,810.678159104218,-81.9298542521187 
73700,1762655.37744141,-13156951.1816406,810.658719267007,-81.927590362151 
73800,1762429.32763672,-13157385.8531494,810.683196245179,-81.9288064920357 
73900,1728525.97753906,-13027700.6848145,802.55932073006,-82.0002446934357 
74000,1728700.96875,-13027570.383667,802.552838177504,-81.9994136707982 
74100,1728967.97583008,-13027720.4042969,802.564065207744,-81.9983457345621 
74200,1727849.6048584,-13028530.4000244,802.60411890849,-82.0036435149057 
74300,1728898.76281738,-13027477.5762939,802.548808795369,-81.9985055870944 
74400,1728691.97680664,-13027330.2364502,802.53822786008,-81.9993148066724 
74500,1728654.24816895,-13027255.3360596,802.533390442686,-81.9994349143222 
74600,1728962.7989502,-13027720.5799561,802.564034249359,-81.9983682091079 
74700,1693192.35778809,-12892045.0457764,794.063838112577,-82.0759653930914 
74800,1694394.27868652,-12892347.6921387,794.091724125329,-82.0708881402154 
74900,1693928.55493164,-12891414.0592041,794.031488552681,-82.0723868076227 
75000,1693958.8293457,-12892700.0291748,794.10959288807,-82.0729927435545 
75100,1693692.26745605,-12892812.9471436,792.906421926599,-83.146982701022 
75200,1693381.25585938,-12892185.4361572,792.86601483588,-83.1479813187548 
75300,1670603.48352051,-12798913.5699463,787.046485919567,-83.1943103707177 
75400,1670066.40405273,-12799465.1739502,787.075599802131,-83.1969912050396 
75500,1670077.85327148,-12799026.7636719,787.049182332898,-83.1966890209542 
75600,1670544.00830078,-12799207.1549072,787.063767615912,-83.1947408220951 
75700,1670752.60717773,-12800053.8619385,787.116608400452,-83.1943091172838 
75800,1670138.32177734,-12798735.1333008,787.032026453626,-83.1962553549089 
75900,1645113.72900391,-12703843.5594482,781.097492088411,-83.2523245278088 
76000,1645921.43615723,-12704115.8615723,781.120284908411,-83.2488982725242 
76100,1645789.60180664,-12704220.7836914,781.125596809932,-83.2495433228447 
76200,1645770.06176758,-12704814.8305664,781.161366177034,-83.2499713189354 
76300,1645783.31530762,-12704199.6907959,781.124272061237,-83.2495590867155 
76400,1629687.17431641,-12637273.2348633,776.951220202639,-83.2826746536593 
76500,1629601.44946289,-12637218.6998291,776.947253648621,-83.2830255989648 
76600,1629002.06604004,-12636759.5762939,776.914814473053,-83.2854347497838 
76700,1620025.43261719,-12599916.2236328,774.616752880002,-83.304343590183 
76800,1620506.19018555,-12599553.9619141,774.598582960004,-83.301984573146 
76900,1619539.57910156,-12599384.6503906,774.580826763393,-83.3062113367765 
77000,1620098.58959961,-12599342.0501709,774.582596849983,-83.3036860620308 
77100,1619823.4354248,-12599575.4146729,774.594570728867,-83.3050511977849 
77200,1619467.81689453,-12600151.118042,774.626623689867,-83.306973076316 
77300,1619893.36730957,-12599287.0628662,774.577675479859,-83.3045725100141 
77400,1618923.61865234,-12599627.2254639,774.590709849615,-83.309106344705 
77500,1568867.46386719,-12395573.0050049,761.862139822535,-83.4175255134732 
77600,1569523.54187012,-12396699.2440186,761.935293696654,-83.4151894680326 
77700,1569165.00231934,-12396040.0302734,761.892669987646,-83.4164408499353 
77800,1568932.74755859,-12397123.0911865,761.956409666767,-83.4181209821444 
77900,1569139.04675293,-12396134.1217041,761.898163129419,-83.4166131099781 
78000,1568945.4822998,-12395634.9708252,761.866485701001,-83.417206258322 
78100,1569200.61535645,-12394946.9255371,761.82681732237,-83.4156492887431 
78200,1569524.85791016,-12395548.8848877,761.865715068231,-83.414520890608 
78300,1568816.3092041,-12396846.9700928,761.938814729426,-83.4184916919479 
78400,1569231.16345215,-12395651.8146973,761.869692236444,-83.4159162933356 
78500,1569602.65661621,-12396202.6845703,761.905861271101,-83.4145435698896 
78600,1568676.13879395,-12396803.55896,761.93511561599,-83.4191043329839 
78700,1569681.62719727,-12396757.6750488,761.940039186367,-83.414504004017 
78800,1515919.20336914,-12178161.9121094,748.306392274113,-83.5353183764319 
78900,1514511.55212402,-12177981.6575928,748.284887422133,-83.5417362672016 
79000,1515450.79333496,-12177628.0665283,748.270562111176,-83.5371807394458 
79100,1515231.35168457,-12177425.2322998,748.256636439697,-83.5380805325544 
79200,1514909.32312012,-12177331.5958252,748.248546190148,-83.53951863374 
79300,1515450.18493652,-12177993.9090576,748.292694389804,-83.5373944920239 
79400,1515565.17919922,-12178930.9818115,748.350261872233,-83.5374019816083 
79500,1515124.10705566,-12178549.6052246,748.323864216202,-83.5392255600703 
79600,1510038.55895996,-12155987.4794922,746.920370003998,-83.5498020657154 
79700,1509970.79577637,-12157078.2775879,746.985865920274,-83.5507454844639 
79800,1510491.69873047,-12157178.9952393,746.995876072065,-83.5483858824235 
79900,1496748.43469238,-12104004.8815918,743.675072265934,-83.5816564162845 
80000,1496466.55163574,-12102984.4521484,743.611211598392,-83.5823824010622 
---------------------------------------------------------- 

