Barrido en frecuencia desde 10000 hasta 2000001 con incrementos 10000
N: 64 | Fuente: Highspeed_ADC 
 
Formato: frecuencia,X,Y,R,phi 

10000,121760767.790039,-20352.4267578125,7431.91439503175,-0.00957704329872864 
20000,121736095.266113,-34331.3784179688,7430.40864937842,-0.0161582563640501 
30000,121717817.771484,-102003.284179688,7429.29535889312,-0.0480156185743228 
40000,121693856.800781,-260735.229492188,7427.84729268192,-0.122758911203555 
50000,121641355.511719,-610308.278320313,7424.7191714032,-0.287466338968709 
60000,121568099.391602,-1132885.37939453,7420.47657218361,-0.53392026661008 
70000,121466670.476563,-1878906.04248047,7414.85039994839,-0.88620854527377 
80000,121358698.525879,-2722491.8671875,7409.23686026439,-1.28512530388326 
90000,121207127.545898,-3614082.70019531,7401.40976403791,-1.70790575450551 
100000,121042178.634277,-4647140.76513672,7393.49675077392,-2.19866205183599 
110000,120838879.355957,-5877556.32128906,7384.36450973219,-2.78464993689983 
120000,120622319.801758,-7061661.68701172,7375.03283462967,-3.3504754405275 
130000,120386310.229004,-8095165.03515625,7364.61536304718,-3.84696237255836 
140000,120125539.04248,-9417727.95849609,7354.60334886914,-4.48276529498893 
150000,119817721.990234,-10629284.6708984,7342.03749077882,-5.06955924542863 
160000,119473524.344727,-11958311.7998047,7328.74519858135,-5.71579682301873 
170000,119104913.228516,-13518992.8974609,7316.48878049647,-6.47563807321734 
180000,118794517.659668,-14452939.8149414,7304.32963930139,-6.93670529655002 
190000,118333925.66748,-15892746.5126953,7287.59956856532,-7.64929288713347 
200000,117923408.98877,-17154786.3818359,7273.45583886869,-8.27698267187482 
210000,117496428.930664,-18594770.9311523,7260.88545560753,-8.99294267941232 
220000,117014223.286133,-19922086.6035156,7244.97279081836,-9.66216387334583 
230000,116527466.507324,-21045642.965332,7227.5587339369,-10.2376414318018 
240000,115991507.725586,-22276306.9257813,7209.1576585146,-10.8713539297692 
250000,115458415.259766,-23653994.0834961,7193.61007100212,-11.5779915844827 
260000,114785600.406738,-25046996.8598633,7171.02791694311,-12.3093813164143 
270000,114192997.555664,-26459792.5107422,7154.66378826795,-13.045846305041 
280000,113637708.17627,-28046566.6977539,7144.23604688717,-13.8639234037357 
290000,112833426.777344,-29294351.3222656,7115.34089866887,-14.5540760285686 
300000,112522878.390625,-29959547.4399414,7107.3337013833,-14.9092839891264 
310000,111670983.431152,-31436951.6791992,7081.00200077436,-15.7226572262321 
320000,111128109.199219,-32391470.3481445,7065.19353415142,-16.2502757870992 
330000,110249747.726074,-33777099.8911133,7038.04718202788,-17.0334382767877 
340000,109838565.873047,-34600488.6088867,7028.9909740009,-17.4850633871352 
350000,108773486.67041,-36130266.7758789,6995.88290104278,-18.3744542437969 
360000,108309714.905762,-37037247.4155273,6986.73989866758,-18.8784737949614 
370000,107481402.822266,-38112801.5292969,6960.58563711144,-19.5244572662673 
380000,106478048.48877,-39597624.8452148,6933.96296833847,-20.3994296967838 
390000,105868389.076172,-40568737.3886719,6920.08484585763,-20.9668186088479 
400000,105045721.146973,-41645250.1152344,6897.16434118859,-21.6257908776831 
410000,104676168.339844,-42317554.3569336,6891.47560802998,-22.0120625452061 
420000,103228478.277344,-44356555.5200195,6857.80794091667,-23.2528586570797 
430000,102144090.166016,-45255570.3081055,6819.08946629716,-23.8960333077171 
440000,101695087.711426,-45911880.7651367,6810.42722400326,-24.2975607520092 
450000,101403620.217285,-46276361.1367188,6803.42275028415,-24.5299681095023 
460000,100162867.997559,-47266807.6928711,6760.1774113761,-25.2626013778012 
470000,99418744.5439453,-48160851.9555664,6742.7411199459,-25.8466736447117 
480000,98434431.8730469,-48713551.0952148,6703.61758120612,-26.3300367288798 
490000,97428771.2197266,-49703135.2143555,6675.88948426781,-27.0283304357502 
500000,96565613.519043,-50531051.4008789,6652.28042341962,-27.6222547030591 
510000,95574440.706543,-51336263.5727539,6621.85149334821,-28.2417489216771 
520000,94638351.5805664,-52159769.6679688,6595.68725661395,-28.8612833419174 
530000,93771471.6352539,-52992671.2641602,6574.25991048421,-29.4719085652564 
540000,92681188.9555664,-53651477.387207,6536.458837187,-30.0657801094871 
550000,91701658.9609375,-54390333.4755859,6507.67485827787,-30.6731408108796 
560000,90980136.8979492,-55142052.7695313,6493.49872687633,-31.2195891511768 
570000,89730867.918457,-55788492.8481445,6449.15668936087,-31.8705118051812 
580000,89555147.5400391,-56168648.2348633,6452.34954838046,-32.0957805542933 
590000,88117872.8330078,-57173687.3818359,6411.38322059967,-32.9767936835493 
600000,86750908.465332,-57828716.7211914,6363.64143961301,-33.6876796159666 
610000,86694089.4433594,-58121472.6088867,6370.68917467572,-33.8387002605691 
620000,85218645.921875,-59094224.699707,6329.73162800992,-34.73908069964 
630000,85251082.1835938,-59028359.6030273,6329.06922510124,-34.6989604558787 
640000,83783575.9467773,-59945959.2670898,6288.058941068,-35.5831823051012 
650000,82349542.4775391,-60502922.9443359,6237.15039206128,-36.3050476051192 
660000,82324233.5083008,-60819228.8164063,6247.358200678,-36.4561266553918 
670000,80840587.1459961,-61652542.9018555,6205.46792242642,-37.3307168289114 
680000,79856948.2773438,-61845373.8666992,6165.03576957505,-37.7560632094763 
690000,79304105.246582,-62446245.6376953,6161.01353419209,-38.2178735358084 
700000,77892545.2539063,-63184305.8608398,6121.83503347391,-39.0480207991252 
710000,77884723.5795898,-63208185.0058594,6122.38262541153,-39.0614284655237 
720000,76435186.0283203,-63956148.28125,6083.13639976239,-39.9204698713458 
730000,74938043.7607422,-64630064.9379883,6040.12288852191,-40.7760170022585 
740000,74938508.1948242,-64630028.9575195,6040.14292104707,-40.7758256062809 
750000,73508988.3564453,-65308182.2905273,6001.75180626518,-41.6191062899852 
760000,72044116.2797852,-65945569.7402344,5961.40563648318,-42.4694214387236 
770000,72048545.8852539,-65946800.7958984,5961.65580715724,-42.4681996594331 
780000,70558554.4257813,-66547557.1362305,5919.9889209021,-43.3243074545319 
790000,69185535.7163086,-67229318.2949219,5888.22815000762,-44.1784229009325 
800000,69187981.8378906,-67227498.5551758,5888.25782449089,-44.1766353403269 
810000,67795884.2304688,-67938597.7866211,5858.26140484759,-45.0602417404347 
820000,67803138.512207,-67938071.0786133,5858.55142123434,-45.0569544359509 
830000,66191098.3242188,-68822967.878418,5828.27226686447,-46.1167423228139 
840000,63965875.4282227,-69437501.3007813,5762.48934802016,-47.348707021364 
850000,63965891.9101563,-69436959.7094727,5762.46571646405,-47.3484769693212 
860000,62266083.6914063,-69200387.246582,5681.93959337525,-48.0193134980948 
870000,61173850.0810547,-69654719.7661133,5658.37195437072,-48.7089690062588 
880000,61179597.6518555,-69667687.1123047,5659.19815566664,-48.7115881766478 
890000,60612871.6201172,-70284584.394043,5664.89403665193,-49.2257748320855 
900000,60151851.980957,-69908269.0629883,5629.12608616773,-49.2899891649921 
910000,60168394.8300781,-69912476.9853516,5629.97938172136,-49.2839046494712 
920000,58588062.3178711,-69565357.3842773,5551.31603284435,-49.895859709154 
930000,57000676.3691406,-69644816.7363281,5493.15456145011,-50.701451184894 
940000,57054076.2084961,-69637249.746582,5494.86222097001,-50.6721007249156 
950000,55458926.7768555,-69832181.5625,5442.99174204502,-51.544298761004 
960000,55473244.9697266,-69830547.7446289,5443.45721227449,-51.536442522675 
970000,54289610.9570313,-69990853.5615234,5406.5437336551,-52.2004396056734 
980000,52901879.0107422,-70138854.2285156,5362.25676367955,-52.9747586623732 
990000,52906081.625,-70133310.1586914,5362.14108077066,-52.9703930640463 
1000000,51689219.2089844,-70246402.6938477,5323.30030438755,-53.6533513383215 
1010000,50363859.3959961,-70365660.9067383,5281.67561883726,-54.4070021196195 
1020000,50418286.4379883,-70341589.1044922,5282.41556606394,-54.3684258508056 
1030000,49186855.1240234,-70433937.6069336,5243.60439512587,-55.0718520133602 
1040000,49182643.3632813,-70422138.1132813,5242.86673627277,-55.0696490138973 
1050000,46518868.5234375,-70520985.1831055,5156.5316588749,-56.5893292755769 
1060000,46603135.9921875,-70470566.496582,5156.79844651589,-56.5227983412841 
1070000,46603044.0698242,-70467386.050293,5156.63343198695,-56.5216605615783 
1080000,44320315.3422852,-70488780.140625,5082.21009022912,-57.8400833986587 
1090000,44322953.8422852,-70487943.3212891,5082.25257518442,-57.8382398826601 
1100000,44322118.1098633,-70486116.6274414,5082.1310349373,-57.8380576097007 
1110000,42082561.6918945,-70431470.777832,5007.83877787012,-59.1418278993011 
1120000,42088725.6254883,-70433711.0932617,5008.14914208625,-59.1389353717726 
1130000,42088101.6889648,-70436760.1113281,5008.28936196863,-59.1404014798519 
1140000,42089591.9023438,-70432951.6811523,5008.13647579098,-59.1381440829468 
1150000,39889301.4536133,-70298853.2470703,4933.46979359908,-60.4283556152716 
1160000,39885731.5151367,-70302644.9829102,4933.56355678056,-60.4318829882322 
1170000,39889374.2817383,-70303343.3496094,4933.71035200861,-60.4298814262571 
1180000,37757213.4101563,-70086057.5078125,4859.12277704186,-61.6874785733229 
1190000,37752125.7119141,-70073167.2290039,4858.2828318132,-61.6863019783501 
1200000,37778941.4633789,-70073011.3759766,4859.05098214176,-61.6692578620723 
1210000,35649953.5966797,-69805331.6674805,4784.19022432337,-62.9463576289485 
1220000,35703455.5361328,-69826411.8979492,4786.8219502982,-62.9185516881423 
1230000,35708155.2871094,-69828612.1108398,4787.07211903823,-62.9162265075747 
1240000,33735302.9794922,-69594616.5532227,4720.60530299109,-64.1386703762893 
1250000,33728333.4072266,-69533306.7822266,4717.05251380579,-64.1234931353594 
1260000,33741125.387207,-69527687.578125,4717.08475950328,-64.113142087226 
1270000,31803476.4951172,-69229916.5825195,4650.14063715621,-65.3264604642438 
1280000,31803398.0200195,-69230343.0107422,4650.16228924253,-65.3266479671748 
1290000,31806962.8129883,-69234821.9169922,4650.50153961392,-65.3256180009128 
1300000,29929386.5664063,-68875183.9296875,4583.6969035656,-66.5128710792404 
1310000,29862084.4760742,-68911300.0742188,4584.08386016374,-66.5709424157346 
1320000,29933303.1181641,-68877482.159668,4583.92083513856,-66.5108294142226 
1330000,28114879.6918945,-68450351.0463867,4516.6969313965,-67.6703819865356 
1340000,28117705.9790039,-68449394.0087891,4516.70844242389,-67.6680762297974 
1350000,28116078.5908203,-68452227.9707031,4516.83070526655,-67.6700754684048 
1360000,26353165.7119141,-67977791.253418,4450.04218124244,-68.8100245099349 
1370000,26351872.9467773,-67977200.6318359,4449.98004763696,-68.8108040041191 
1380000,26352805.4257813,-67975182.2978516,4449.88575658222,-68.8095473818427 
1390000,26353834.7905273,-67976488.4755859,4449.98280205927,-68.8091641696363 
1400000,24637069.9506836,-67477488.3730469,4384.56427433278,-69.9420836101379 
1410000,24637518.5732422,-67475668.2607422,4384.46931023155,-69.9412495687786 
1420000,24637784.1030273,-67477121.6791992,4384.55820020821,-69.9414482336215 
1430000,22968135.5957031,-66969089.6245117,4321.31499553067,-71.0697634357255 
1440000,22970992.2475586,-66972540.0771484,4321.57077699112,-71.0684826090923 
1450000,22972287.4052734,-66970692.4633789,4321.48975344665,-71.0670061053705 
1460000,21392133.2084961,-66448629.1152344,4260.82273477602,-72.1548207212902 
1470000,21390638.7646484,-66455212.6259766,4261.17729171546,-72.1576439693641 
1480000,21392084.5200195,-66452835.8198242,4261.06623611607,-72.1559167779657 
1490000,19861000.6035156,-65928796.3457031,4202.72809918567,-73.2351114994336 
1500000,19783918.0307617,-65960968.9433594,4203.25431039309,-73.3042404385285 
1510000,19881878.0844727,-65922084.1645508,4202.70359943532,-73.2168662103471 
1520000,18423236.8979492,-65366437.9726563,4145.21214695139,-74.2597481120743 
1530000,18426697.6088867,-65363599.3789063,4145.10269436709,-74.256288171244 
1540000,18426489.6875,-65365295.7324219,4145.19890712677,-74.2568453291417 
1550000,17131644.6206055,-64757795.3710938,4088.59892266498,-75.1818918419951 
1560000,17077714.2451172,-64769807.2797852,4088.46722992298,-75.2291159975496 
1570000,17140556.8120117,-64766805.6547852,4089.26973336055,-75.1764942988309 
1580000,15666251.5400391,-64178724.7163086,4032.2979028536,-76.2821662005366 
1590000,15666364.6796875,-64176162.6557617,4032.14762087563,-76.2815439148608 
1600000,15664846.4643555,-64177979.4414063,4032.23337415604,-76.2831967819743 
1610000,14347897.909668,-63566316.2368164,3977.50614637113,-77.2806069764692 
1620000,14330556.8789063,-63575280.3579102,3977.8069852798,-77.2972137454418 
1630000,14350713.7416992,-63568058.0996094,3977.64769977387,-77.2785292287824 
1640000,14349000.3569336,-63567738.7983398,3977.60566047255,-77.2799368587354 
1650000,13067662.1367188,-62952962.2988281,3924.37144581428,-78.2731839213326 
1660000,13070056.4833984,-62955222.0151367,3924.5361980986,-78.2715041095363 
1670000,13071205.1938477,-62957105.5522461,3924.66301592642,-78.2708430640735 
1680000,11828136.7290039,-62336490.5234375,3872.72207172255,-79.2560468060907 
1690000,11828445.3730469,-62334519.4697266,3872.6073855922,-79.2554411493192 
1700000,11829061.5205078,-62336064.4418945,3872.70704412053,-79.2551546049954 
1710000,10598826.1679688,-61661948.784668,3818.85514565925,-80.2469624936433 
1720000,10590801.6791992,-61652563.1269531,3818.20760081833,-80.252749778248 
1730000,10600241.0380859,-61662501.3022461,3818.90301254272,-80.2457712632991 
1740000,9116244.03662109,-60795832.9399414,3752.28230503885,-81.4721201392672 
1750000,9116010.22070313,-60798577.8583984,3752.44587819188,-81.4727149932693 
1760000,9108066.83642578,-60808672.6865234,3752.98337608417,-81.481429928101 
1770000,8288248.609375,-60332113.2998047,3717.07876360923,-82.1778366013413 
1780000,8289587.61767578,-60332449.6499023,3717.11022644387,-82.1766316141036 
1790000,8286378.26171875,-60335254.2880859,3717.25316180479,-82.1799820119615 
1800000,7172018.93554688,-59633614.4326172,3666.08773709573,-83.1420865603419 
1810000,7190578.71044922,-59639420.5439453,3666.57501794596,-83.1251722404921 
1820000,7193168.79101563,-59643086.2749023,3666.81608039817,-83.1231382450706 
1830000,6126402.99951172,-58940307.6274414,3616.9224570114,-84.0658431038996 
1840000,6124675.97851563,-58937626.9716797,3616.74881752475,-84.0672360961844 
1850000,6125040.02880859,-58940489.9775391,3616.92492763539,-84.067172111069 
1860000,5087864.84960938,-58300242.3193359,3571.9980659396,-85.0124309292498 
1870000,5052843.01123047,-58297115.7783203,3571.6227341878,-85.0463266580712 
1880000,5037489.46679688,-58289495.6499023,3571.07855150117,-85.0606618702192 
1890000,5056078.99462891,-58299173.0019531,3571.76489226181,-85.0433440286271 
1900000,4016481.94091797,-57517428.1542969,3519.24158274725,-86.0054803758519 
1910000,4012476.26220703,-57520579.4682617,3519.41643994015,-86.0096691935653 
1920000,4016840.01464844,-57523029.1542969,3519.58414309118,-86.0055131335453 
1930000,2692630.86132813,-56431418.0410156,3448.32429556957,-87.2681979785072 
1940000,2685688.52978516,-56430864.9599609,3448.27040551089,-87.2752040102867 
1950000,2696271.58349609,-56430911.1201172,3448.30398817463,-87.2644853637463 
1960000,2167056.30078125,-56042732.5639648,3423.2376904677,-87.7855941975402 
1970000,2166618.84228516,-56047785.1367188,3423.54482265819,-87.7862401539975 
1980000,2046768.34375,-56047118.1098633,3423.22936648284,-87.9085615498809 
1990000,1331926.23828125,-55353472.2231445,3379.58888156358,-88.6216035626708 
2000000,1310739.68896484,-55365313.5878906,3380.28058057091,-88.6438110524038 
---------------------------------------------------------- 

