Barrido en frecuencia desde 10000 hasta 2000001 con incrementos 10000
Metodo usado: CA de 64 ciclos seguida de LI de 1 ciclo 
Formato: frecuencia,X,Y,R,phi 

10000,121746089.109863,-24041.0361328125,7431.018493212,-0.0113141202128031 
20000,121724502.077637,-52037.8408203125,7429.70141916296,-0.0244942342868599 
30000,121714474.999023,-103603.176757813,7429.09140857869,-0.0487700689568097 
40000,121678442.423828,-305713.747558594,7426.91283742319,-0.143953770845016 
50000,121624664.975098,-642096.692382813,7423.71043326035,-0.302480493870921 
60000,121568981.963867,-1183064.16503906,7420.55961168438,-0.557563637857186 
70000,121512942.248047,-2004014.66210938,7417.79634515685,-0.944847286204643 
80000,121341069.347656,-2833435.08935547,7408.31608679918,-1.33767054826164 
90000,121186727.571289,-3701323.92431641,7400.32580994511,-1.74940225337335 
100000,121015410.050293,-4758280.171875,7392.12749475364,-2.25168847247799 
110000,120768140.141113,-5914770.921875,7380.16266641193,-2.80389212137308 
120000,120564199.992676,-7180463.14257813,7371.91898960649,-3.40834869562761 
130000,120350480.227539,-8224452.01318359,7362.96714265205,-3.90937279231205 
140000,120104816.369629,-9567932.02294922,7354.06473567585,-4.55474530480506 
150000,119776555.672852,-10824173.1469727,7340.59571459168,-5.16377674290458 
160000,119406020.677734,-12089333.4892578,7325.44671150333,-5.7812450602365 
170000,119020726.474609,-13658811.9101563,7312.35115404834,-6.54662136274933 
180000,118869011.799805,-14578409.6577148,7309.77157473677,-6.99198927571294 
190000,118224798.769531,-16058833.5097656,7282.35565546694,-7.73531780750682 
200000,117836908.338379,-17274148.3383789,7269.2842717706,-8.33979887193695 
210000,117369130.094727,-18737655.7954102,7254.58092891836,-9.07056778349078 
220000,116937679.991699,-20136915.7802734,7242.58085482458,-9.77062845776241 
230000,116425239.65332,-21238600.5966797,7223.52285533695,-10.3383680327651 
240000,115857285.873535,-22456040.277832,7203.19178423401,-10.9693392133858 
250000,115468638.233398,-23895205.8662109,7197.19045637284,-11.6918162623248 
260000,114661708.071777,-25225156.3193359,7165.96849189743,-12.4072186036326 
270000,113991788.270996,-26664330.7807617,7145.53327434498,-13.1655966775529 
280000,113484338.807129,-28213366.355957,7137.59738298747,-13.9612744592247 
290000,112693538.652832,-29482279.1523438,7109.97135270895,-14.6608361154307 
300000,112381157.678223,-30139502.078125,7101.81235228203,-15.0128719560456 
310000,111519950.499023,-31593574.1621094,7074.72850966881,-15.817412770027 
320000,110953834.738281,-32540343.2827148,7057.53379222998,-16.3452639849053 
330000,110085270.080078,-33893330.550293,7030.53321546516,-17.1126843251329 
340000,109685124.776855,-34763650.2954102,7023.06113789595,-17.5855134354452 
350000,108615867.739258,-36312269.8061523,6990.26780341126,-18.4857236332861 
360000,108126727.21582,-37207705.0092773,6979.55107744584,-18.9889552743265 
370000,107290247.136719,-38263339.9638672,6952.6711595391,-19.627957889747 
380000,106268157.699219,-39751486.5141602,6925.24145485029,-20.5092002141454 
390000,105727660.879395,-40724651.4555664,6915.47957013341,-21.0659092318637 
400000,104809013.410645,-41798633.4360352,6887.19799490817,-21.7424902741686 
410000,104460360.942871,-42454162.3168945,6882.40036681871,-22.1175176076063 
420000,103054605.835938,-44458548.3520508,6850.52220193167,-23.3357382880568 
430000,101922586.886719,-45353669.8203125,6809.1627594119,-23.988181219221 
440000,101460154.875977,-46040164.6992188,6800.59219240695,-24.4073980694194 
450000,101134500.084473,-46433168.0483398,6792.47036809691,-24.6609403681151 
460000,99792758.5424805,-47168091.5512695,6737.17743203005,-25.2982498551389 
470000,99106439.1391602,-48061595.6342773,6722.94523602403,-25.8710322242424 
480000,98194221.3789063,-48901413.7119141,6695.58386785846,-26.4736278991501 
490000,97228951.4379883,-49756432.1455078,6666.5087940679,-27.1008704704682 
500000,96366136.5800781,-50642302.1958008,6644.65120679101,-27.7228101204397 
510000,95342304.1806641,-51439410.84375,6612.35973307272,-28.3479030875081 
520000,94419039.315918,-52274407.3041992,6587.35325781011,-28.9707841429235 
530000,93559812.6166992,-53037970.1650391,6564.37881272296,-29.5483967115404 
540000,92397802.1220703,-53763245.5664063,6524.9231048217,-30.1937189248288 
550000,91435219.8598633,-54466855.7924805,6496.08186946423,-30.7817461290079 
560000,90755311.0019531,-55234183.2080078,6484.68890806389,-31.3249246196197 
570000,89474086.2416992,-55885657.7573242,6438.99149075916,-31.9889657604624 
580000,89304803.1787109,-56267001.4189453,6442.6079372907,-32.2132128015981 
590000,87847671.1391602,-57224207.3999023,6399.23681647397,-33.0803283507042 
600000,86518319.4262695,-57798419.6733398,6350.80632457718,-33.7448384638139 
610000,86472684.7158203,-58232215.6362305,6363.24202448006,-33.9570128773869 
620000,84946405.5239258,-59108935.0454102,6316.59661966771,-34.831662568232 
630000,85049241.2124023,-59096155.1166992,6321.30468927198,-34.793364038808 
640000,83581396.5947266,-60023697.8422852,6280.79352676625,-35.683889926278 
650000,82094339.2509766,-60562938.5078125,6226.77819330475,-36.4170748538484 
660000,82075665.8261719,-60905448.0683594,6238.2964349734,-36.5778028946104 
670000,80597907.8188477,-61647241.2270508,6193.49975786066,-37.4114329360725 
680000,79548295.4370117,-61881860.4731445,6151.51897626441,-37.8799037554775 
690000,79154743.9926758,-62454019.2392578,6154.14745174378,-38.2738531336314 
700000,77607482.019043,-63257739.9624023,6111.16305669857,-39.183424086796 
710000,77657930.7856445,-63253267.3393555,6113.37776206985,-39.1632074399315 
720000,76191388.0629883,-63958980.4897461,6071.84250904734,-40.0118310984653 
730000,74610738.5009766,-64645709.7734375,6025.63377064927,-40.9069578173415 
740000,74650838.1621094,-64661487.855957,6028.11427374012,-40.8986421159504 
750000,73186103.5073242,-65302958.4736328,5986.82064211868,-41.7420960981681 
760000,71803498.3969727,-65973877.9345703,5951.74940447612,-42.577152764391 
770000,71803967.1625977,-65949279.4858398,5950.75474816754,-42.5663213696413 
780000,70359468.140625,-66584403.1245117,5912.70032007716,-43.4209550433251 
790000,68927429.012207,-67218874.9223633,5876.49495529914,-44.2810102286505 
800000,68907479.7851563,-67183969.5698242,5874.13577387366,-44.2744247864056 
810000,67518941.2216797,-67947359.8168945,5846.71279719481,-45.1812000131926 
820000,67570351.6411133,-67975198.1196289,5850.1300032751,-45.1711301155543 
830000,65926274.815918,-68826211.5356445,5817.22213729288,-46.2328417542741 
840000,63728107.0048828,-69401676.2275391,5751.05558826503,-47.4402878141076 
850000,63789317.4169922,-69416761.9658203,5754.26115262065,-47.419087865877 
860000,62026086.8266602,-69150342.6616211,5669.87759715342,-48.108707606481 
870000,60960464.4267578,-69591649.7734375,5646.889525871,-48.7824884048451 
880000,60973521.8579102,-69629592.9589844,5649.15683248459,-48.7918854318133 
890000,60324053.5234375,-70299222.8920898,5654.07495200965,-49.3669702205401 
900000,59927905.1074219,-69855864.097168,5617.79216851031,-49.3743874779947 
910000,59926363.0556641,-69875162.1943359,5618.62494843766,-49.3829368614712 
920000,58354889.3789063,-69593777.9174805,5543.48778935735,-50.0199221863155 
930000,56786922.1733398,-69580247.5209961,5481.84656251147,-50.7808887934684 
940000,56824137.8833008,-69541560.5981445,5481.45438687937,-50.7468875615843 
950000,55291286.4057617,-69673378.7578125,5429.03819491568,-51.5652445022178 
960000,55209166.5620117,-69779443.5708008,5430.99931903308,-51.6491211962888 
970000,54029843.3901367,-69920866.7207031,5393.45962980263,-52.3057170802365 
980000,52701381.7734375,-70071077.2143555,5351.58976159165,-53.0526915360183 
990000,52703948.1162109,-70041753.1772461,5350.25362155793,-53.0398297131044 
1000000,51530675.7705078,-70145953.2402344,5312.62836463774,-53.6982224969571 
1010000,50220090.1293945,-70286430.8662109,5272.63751720398,-54.4539583214159 
1020000,50143531.8432617,-70257177.1503906,5268.46880722857,-54.4840179056733 
1030000,48976080.8046875,-70338531.9262695,5231.46917314518,-55.1508559039882 
1040000,48988309.7822266,-70338929.8774414,5231.91565878662,-55.1442996667074 
1050000,46395566.6196289,-70371127.7373047,5144.75244044327,-56.6032021965833 
1060000,46403179.8759766,-70368740.7006836,5144.88660340391,-56.5979885881529 
1070000,46327944.6821289,-70425217.6098633,5145.23958679406,-56.6618111368597 
1080000,44132795.2143555,-70381423.2270508,5070.57420372287,-57.910159281844 
1090000,44133629.815918,-70395993.5556641,5071.35473876458,-57.9150094383458 
1100000,44138372.6010742,-70386663.480957,5071.0260380626,-57.9088204387241 
1110000,41910599.9667969,-70321658.465332,4996.70452536909,-59.2057243178354 
1120000,41911251.1503906,-70325673.5405273,4996.93539091426,-59.2067714313712 
1130000,41912536.1191406,-70327532.8105469,4997.0730281505,-59.2066650712963 
1140000,41917236.5952148,-70327449.7207031,4997.21555578076,-59.203809559442 
1150000,39719066.9448242,-70190608.9765625,4922.59901193411,-60.4955906468966 
1160000,39719670.7290039,-70199831.3115234,4923.10707310838,-60.4984437450764 
1170000,39723541.2983398,-70193072.8261719,4922.86439805369,-60.4936863083346 
1180000,37589648.4916992,-69967788.5966797,4847.91998069276,-61.753431723073 
1190000,37591561.9838867,-69970581.8608398,4848.12544552445,-61.7531693904355 
1200000,37592991.2270508,-69971765.8266602,4848.2303924436,-61.7526653929938 
1210000,35477835.9643555,-69754031.2451172,4776.63002019576,-63.0415007904185 
1220000,35553054.6586914,-69708874.9052734,4776.25766546265,-62.9774214461019 
1230000,35553004.4541016,-69708680.4228516,4776.24569852516,-62.9773894945224 
1240000,33594019.4458008,-69394560.9072266,4705.85647959234,-64.1683006697627 
1250000,33617557.8759766,-69442019.5068359,4709.08978232937,-64.1679239097293 
1260000,33626589.1762695,-69456372.1298828,4710.11848277532,-64.1665318313572 
1270000,31664628.1455078,-69105716.5737305,4639.71635452081,-65.3824823265713 
1280000,31667243.8261719,-69109171.043457,4639.97454595144,-65.3817746379847 
1290000,31669717.3452148,-69106740.3139648,4639.902563696,-65.3793165822208 
1300000,29796491.0288086,-68745359.6586914,4573.19853387439,-66.5665112037737 
1310000,29799497.3974609,-68730299.3193359,4572.42811841796,-66.559820659428 
1320000,29796181.0004883,-68720840.4125977,4571.81789779387,-66.5592699357515 
1330000,27973160.5512695,-68281837.0117188,4503.89800310151,-67.7224584815433 
1340000,27993990.5957031,-68322710.8149414,4506.68858796738,-67.7195250188997 
1350000,27993412.3056641,-68321345.15625,4506.59807308432,-67.7195384728247 
1360000,26229697.6875,-67839205.9008789,4439.4330286709,-68.8612493234262 
1370000,26231583.9916992,-67857095.5888672,4440.49301542578,-68.8649446767108 
1380000,26236568.8886719,-67857606.7021484,4440.63182956183,-68.8614280958206 
1390000,26223996.5322266,-67865505.8876953,4440.80488253705,-68.8729060193574 
1400000,24524370.2529297,-67352490.7695313,4375.03999883878,-69.9924372352452 
1410000,24526343.3867188,-67354831.1542969,4375.21543391613,-69.9915953186616 
1420000,24523042.4213867,-67355461.4287109,4375.18264835223,-69.9942469616545 
1430000,22863466.9926758,-66843984.546875,4312.02084216604,-71.11714471536 
1440000,22864846.0722656,-66846752.512207,4312.20794005688,-71.116812977636 
1450000,22863587.1367188,-66851154.6723633,4312.43730767185,-71.118934332564 
1460000,21257806.3735352,-66260431.7802734,4247.37803048943,-72.2126145441717 
1470000,21258329.8955078,-66282709.4291992,4248.68256965289,-72.2178059496663 
1480000,21310240.2519531,-66292794.5263672,4250.23731025151,-72.179668156206 
1490000,19798757.5952148,-65791380.6015625,4193.60148544628,-73.2517571806955 
1500000,19788718.4082031,-65791318.4375,4193.42131525015,-73.2597594124561 
1510000,19687995.7172852,-65839462.4833984,4194.46998011504,-73.3517403805042 
1520000,18344711.2773438,-65240714.0917969,4136.5266468002,-74.2948125741684 
1530000,18342449.8779297,-65237501.6972656,4136.30052984317,-74.2959179727556 
1540000,18339535.4575195,-65232902.1572266,4135.98211949577,-74.2972375990032 
1550000,16903042.1308594,-64643504.8881836,4078.30321863616,-75.3463355673125 
1560000,17022861.2949219,-64643012.0039063,4080.13037428059,-75.2468697187198 
1570000,17054695.0693359,-64628334.7695313,4079.75940239286,-75.2172775907356 
1580000,15467162.1201172,-64063890.0410156,4022.61976820488,-76.4266377330819 
1590000,15595159.7333984,-64045247.5361328,4023.35488555686,-76.3146845104138 
1600000,15593084.9443359,-64055129.0361328,4023.91094704114,-76.3184683277966 
1610000,14281085.3994141,-63447124.4272461,3969.51238821099,-77.3149042844791 
1620000,14278518.4667969,-63442056.449707,3969.17619991724,-77.3161302098176 
1630000,14282148.2519531,-63442923.7583008,3969.27649759768,-77.3131779873143 
1640000,14285095.0512695,-63427862.0244141,3968.41913943384,-77.3077294576147 
1650000,12970705.324707,-62810100.2724609,3914.63284476367,-78.3320534904704 
1660000,13016848.4526367,-62864163.5917969,3918.43467347954,-78.3014804466286 
1670000,12997992.3520508,-62815132.3999023,3915.27079196554,-78.3090930713828 
1680000,11766945.6728516,-62216926.453125,3864.85659246677,-79.2902770357113 
1690000,11772882.4663086,-62211706.9208984,3864.61091878024,-79.2841205527074 
1700000,11773541.3378906,-62217909.4995117,3864.99038138705,-79.2845783241094 
1710000,10544036.4780273,-61543491.7387695,3811.1634286376,-80.2780979258299 
1720000,10547962.2265625,-61546577.7016602,3811.38955011439,-80.2750257131523 
1730000,10522971.2900391,-61522992.0537109,3809.71318365946,-80.2939795187322 
1740000,9046934.31884766,-60654302.8964844,3743.11303071433,-81.5165512191735 
1750000,9042741.64746094,-60616875.9858398,3740.81584709286,-81.515266189806 
1760000,9071377.20263672,-60679642.3120117,3744.86305198396,-81.4974657400283 
1770000,8243643.62451172,-60218880.6557617,3709.86156846959,-82.2049657248599 
1780000,8243585.75341797,-60218681.4604492,3709.84904344747,-82.2049943061822 
1790000,8245611.56054688,-60220838.890625,3709.99628168135,-82.2033781837885 
1800000,7148295.34521484,-59521348.1855469,3659.1115149501,-83.1517858186227 
1810000,7148465.88769531,-59525301.3745117,3659.35232559367,-83.1520744817658 
1820000,7152225.07568359,-59530174.7709961,3659.67502452728,-83.149063124628 
1830000,6091381.22265625,-58825225.5786133,3609.71510435775,-84.0880642384033 
1840000,6091397.24414063,-58824061.2290039,3609.64451464777,-84.0879326081011 
1850000,6090316.05859375,-58826623.5229492,3609.79328117087,-84.08923017501 
1860000,5086990.79736328,-58193826.6879883,3565.52276542134,-85.0042106215741 
1870000,5044979.90673828,-58187143.2578125,3564.89396969259,-85.0446958240106 
1880000,5104827.03027344,-58203593.644043,3566.21160028949,-84.9876202383904 
1890000,5100265.21289063,-58201159.2905273,3566.0392650699,-84.9918682552691 
1900000,3991118.63574219,-57414186.840332,3512.84768052496,-86.0235093114888 
1910000,3990958.15917969,-57415491.6210938,3512.92644950413,-86.023758760201 
1920000,3991954.34179688,-57417398.3999023,3513.04677016409,-86.0229010922046 
1930000,2536106.39794922,-56329321.7900391,3441.65680420931,-87.4221218190401 
1940000,2676251.32763672,-56329969.2368164,3442.09162243352,-87.2799081665989 
1950000,2673396.27587891,-56328068.1225586,3441.96744896304,-87.2827140667369 
1960000,2146930.47558594,-55938065.4638672,3416.8065691975,-87.8020386121431 
1970000,2154471.45849609,-55942933.6757813,3417.12117390896,-87.7945177480675 
1980000,2140919.04541016,-55948133.6381836,3417.40659849992,-87.8085809629027 
1990000,1303490.77099609,-55260894.9487305,3373.89850417291,-88.6487610589909 
2000000,1297055.61621094,-55269408.6699219,3374.40877376737,-88.6556365271356 
---------------------------------------------------------- 

