Barrido en frecuencia desde 10000 hasta 2000001 con incrementos 10000
Metodo usado: CA de 64 ciclos seguida de LI de 1 ciclo 
Formato: frecuencia,X,Y,R,phi 

10000,121714493.984375,-17423.6572265625,7429.08995217686,-0.00820199783333597 
20000,121699763.462891,-8652.6494140625,7428.19078771234,-0.00407363398325704 
30000,121729705.318848,-19527.6762695313,7430.01842616939,-0.00919129329536903 
40000,121738339.174805,-16384.6787109375,7430.54538269637,-0.00771139921498503 
50000,121703753.279297,22446.1518554688,7428.43442177795,0.0105672152122921 
60000,121750223.74707,7826.73583984375,7431.27072961467,0.00368326986651538 
70000,121744844.10791,179551.952636719,7430.95043863686,0.084501004588577 
80000,121712131.922363,42645.294921875,7428.94615884011,0.0200751993785213 
90000,121732065.396973,47228.7416992188,7430.16294190546,0.0222292082737797 
100000,121775191.941895,-131986.440917969,7432.79906423181,-0.0621001941014057 
110000,121697868.973145,-191005.195800781,7428.08428386401,-0.0899258359305257 
120000,121720966.818359,262753.479980469,7429.50226843987,0.123681584734179 
130000,121803977.586914,517735.127929688,7434.61884909112,0.24353768798314 
140000,121734742.774414,373588.752929688,7430.36079114501,0.175833054158466 
150000,121757263.759277,-31348.1879882813,7431.70066193438,-0.0147516359350454 
160000,121686406.018555,-527021.259765625,7427.4451290742,-0.248145261976964 
170000,121681058.433105,-981901.924804688,7427.2908770277,-0.462336667968341 
180000,121458331.365723,-1281341.47558594,7413.86700169615,-0.604427332687159 
190000,121675943.685547,-1218846.58349609,7427.10948325845,-0.573921412198096 
200000,121555367.696777,-948107.008300781,7419.60296401408,-0.446886300200119 
210000,121544379.479492,-726302.672363281,7418.83904620226,-0.342373564666803 
220000,121642843.777344,-274455.577636719,7424.73545920714,-0.12927287040143 
230000,121795811.525391,398898.0234375,7434.09312702209,0.187650882197834 
240000,121763734.924316,1096588.90869141,7432.3967830569,0.51598464705089 
250000,122042312.799805,1910553.74658203,7450.01169451293,0.89688340485427 
260000,122086060.861816,2566344.79052734,7453.41539801211,1.20422489005365 
270000,122031412.901855,3076001.59863281,7450.79955897928,1.44392818920545 
280000,122046005.89502,3444231.93261719,7452.29014902402,1.61650181852178 
290000,122086123.397461,3516303.57910156,7454.8631785867,1.64976712631839 
300000,121951478.269043,3475768.85058594,7446.57735419217,1.63255903960707 
310000,121945322.649414,3235433.69287109,7445.79827887148,1.51980585972098 
320000,121822850.759766,2949170.14160156,7437.88221600358,1.38678419437959 
330000,121659328.538086,2404941.90234375,7427.1734652173,1.13246619474148 
340000,121698727.94043,2091436.54394531,7429.22438181756,0.984551723982887 
350000,121498192.540039,1392704.28173828,7416.37466923264,0.656738846322009 
360000,121749002.277344,1152424.70263672,7431.52905900781,0.542321485454925 
370000,121501400.518066,647586.108886719,7416.1886214303,0.30537590032073 
380000,121438867.796875,116463.208984375,7412.26988388134,0.0549482090756057 
390000,121501601.473145,-235530.038085938,7416.10948574042,-0.11106734449434 
400000,121421758.21582,-593517.616210938,7411.31069575571,-0.280063344011617 
410000,121497141.020996,-820357.165039063,7415.99234252821,-0.386859218074291 
420000,121450855.254883,-1346258.4453125,7413.45356782909,-0.635086248342905 
430000,121475373.019043,-1658361.61523438,7415.18554218102,-0.782143877367274 
440000,121461446.790039,-1795677.47021484,7414.45476543019,-0.846995062701613 
450000,121378723.385254,-2036087.68310547,7409.63771664518,-0.961027495827287 
460000,121411912.98291,-2477414.27929688,7412.16383644775,-1.16896014039073 
470000,121500732.936523,-2569364.41992188,7417.70054947002,-1.21144782729625 
480000,121216892.205566,-2883115.64990234,7400.81023444753,-1.3625099267932 
490000,121193580.45459,-3220286.84472656,7399.90580279603,-1.52207269658248 
500000,121296837.806641,-3546567.74804688,7406.76139600118,-1.67477974359142 
510000,121145154.092285,-3779379.60644531,7397.93649891445,-1.78688361507966 
520000,121187894.267578,-4001813.16308594,7400.97960262505,-1.89130870328278 
530000,121315874.334961,-4132471.08691406,7409.05408597266,-1.95095356076225 
540000,121112742.431641,-4329872.12402344,7397.08339596332,-2.04749542757345 
550000,121181353.177734,-4362210.83105469,7401.33926406589,-2.06160758679261 
560000,121494403.144043,-4398546.37109375,7420.5144741681,-2.07341338930287 
570000,121158923.612793,-4474303.57373047,7400.22044845334,-2.11492691446455 
580000,121438250.947266,-4600287.02392578,7417.54527723716,-2.16942403000975 
590000,121548888.204102,-4822425.39453125,7424.81856263262,-2.27200583261271 
600000,121179005.494629,-5162701.734375,7403.11479992723,-2.43955002562125 
610000,121397919.905273,-5151290.86083984,7416.43503458225,-2.42978028340995 
620000,121413039.411133,-5721010.53564453,7418.9124635738,-2.69779492824011 
630000,121353479.121094,-5723714.66455078,7415.28888644179,-2.70039094215586 
640000,121283096.543945,-6327474.9296875,7412.82632580468,-2.98647736980747 
650000,120904859.363281,-7116008.10302734,7392.44295438456,-3.36832964295866 
660000,121234125.32373,-7270649.25585938,7413.06480424438,-3.43203008648341 
670000,121049350.785645,-8200086.55419922,7405.42476900106,-3.87539170386558 
680000,120640183.041016,-8619989.64257813,7382.29004726833,-4.08695576380669 
690000,121007691.173828,-9248848.55273438,7407.49107554264,-4.37072786238289 
700000,120761967.149902,-10369195.9438477,7398.07268422309,-4.90765035449739 
710000,120757058.383301,-10369897.9594727,7397.77783221296,-4.90817952401232 
720000,120728319.623535,-11437697.3369141,7401.89264393196,-5.41199971707785 
730000,120547220.789551,-12651891.8540039,7398.25645651156,-5.99147612530312 
740000,120498193.705078,-12662128.1118164,7395.34561088599,-5.99871026408905 
750000,120454283.69043,-13744342.8540039,7399.87741521864,-6.50953711623303 
760000,120275792.477051,-14870921.9633789,7397.17566452159,-7.04829087703989 
770000,120316382.157715,-14873115.0356445,7399.65084278406,-7.04696562960509 
780000,120120071.690918,-15941253.4262695,7396.05362131709,-7.5596056140379 
790000,119982720.673828,-16949110.1723633,7396.09654092469,-8.04056737497398 
800000,120077285.831055,-17057981.9331055,7402.74351739085,-8.0852456274362 
810000,119946746.114746,-17868673.8823242,7401.98407900755,-8.47313765077394 
820000,119987473.575684,-17905696.5917969,7404.77602967886,-8.48759787594721 
830000,119921949.79541,-18821190.4477539,7409.27848936262,-8.91954524750227 
840000,119835329.069336,-19559354.2055664,7411.17969586569,-9.2699949712 
850000,119853384.101563,-19547119.3110352,7412.1470886256,-9.26292550928701 
860000,119589945.606445,-20264994.1699219,7403.47214382726,-9.61763755859036 
870000,119618042.23877,-20882845.0634766,7411.5554002621,-9.9028608671647 
880000,119586785.959473,-20882448.5756836,7409.67187910849,-9.90521356708177 
890000,119406401.316406,-21399016.0673828,7404.32289727163,-10.1602151473901 
900000,119528043.019531,-21876155.3271484,7416.81892865851,-10.3715495987119 
910000,119496334.980469,-21896902.2519531,7415.14333615026,-10.3838667160122 
920000,119346749.837891,-22420286.2978516,7411.99438522194,-10.639489915622 
930000,119286101.884277,-22820920.9619141,7412.91228863327,-10.8305294863762 
940000,119380393.994141,-22855285.1601563,7418.9592725672,-10.8380876946806 
950000,119166386.144043,-23265276.8154297,7410.88467742706,-11.0470997736452 
960000,119273222.75,-23323450.9443359,7417.9655532168,-11.0643662495312 
970000,119204294.867188,-23758110.0864258,7418.97664225046,-11.2716837046186 
980000,119037202.17334,-24113663.6064453,7413.25295824609,-11.4515865092725 
990000,119084843.978516,-24099164.1401367,7415.92741575939,-11.4404245159274 
1000000,118959108.154297,-24458140.1640625,7412.7870208638,-11.6181815212586 
1010000,118835177.746094,-24873860.8623047,7410.5347164604,-11.8221266057526 
1020000,118838622.634277,-24840676.2109375,7410.32582812593,-11.8064648539285 
1030000,118820163.393066,-25285883.3100586,7414.83150791443,-12.0137838154529 
1040000,118812906.242676,-25196522.7368164,7413.26481186259,-11.9732643926564 
1050000,118523191.618652,-25914762.1650391,7405.20721017025,-12.3334652882022 
1060000,118448535.015137,-25979466.5751953,7401.60072570733,-12.3708663700015 
1070000,118516927.491211,-25921323.9360352,7404.9192552706,-12.3371246485188 
1080000,118352961.171387,-26496991.9487305,7402.73966245109,-12.6193501118081 
1090000,118358961.849609,-26478131.8979492,7402.84567850468,-12.6100363827401 
1100000,118388704.225098,-26535448.2504883,7405.38164409989,-12.633384527838 
1110000,118327717.193848,-27027745.6450195,7408.38252393952,-12.8664468192348 
1120000,118335327.148438,-27130091.5004883,7410.22882046354,-12.9127351700872 
1130000,118282508.162598,-27037889.3828125,7405.83035430032,-12.8758704693465 
1140000,118297349.183594,-27140693.7192383,7408.11407953267,-12.9216199995261 
1150000,118156260.367676,-27649527.5888672,7406.73555120676,-13.1706844733911 
1160000,118196428.05127,-27561110.4331055,7407.89539987087,-13.1257212474072 
1170000,118207238.308594,-27666407.8256836,7410.00001244642,-13.1729596358494 
1180000,117953052.580078,-28247318.6499023,7403.07171319538,-13.4675228021619 
1190000,117881468.066895,-28258181.9750977,7398.97716539234,-13.4803961384494 
1200000,117928997.334961,-28204188.0063477,7401.03105005038,-13.4503501918252 
1210000,117830636.26709,-28994653.0952148,7406.57220606912,-13.8241526824062 
1220000,117700016.269531,-28912437.3266602,7397.63202080918,-13.8011663303163 
1230000,117708481.018555,-28905041.5493164,7398.02610202348,-13.7968166124645 
1240000,117669691.539063,-29623644.2172852,7406.31261556981,-14.1307111422549 
1250000,117763628.29248,-29675513.4746094,7412.64584870861,-14.1436222165489 
1260000,117528540.502441,-29658444.3730469,7398.47760665508,-14.1629517165014 
1270000,117407880.217773,-30484842.4545898,7403.85228017027,-14.5553788994247 
1280000,117438293.859863,-30504655.9262695,7405.95302210509,-14.5608254323643 
1290000,117394663.33252,-30550619.3144531,7404.08156928229,-14.5870189905662 
1300000,117218672.040527,-31347597.9331055,7406.10445511486,-14.972154200666 
1310000,117224749.480469,-31379366.6152344,7406.96398081637,-14.9859031105861 
1320000,117282879.433594,-31290352.262207,7408.98903667918,-14.9382208437203 
1330000,116870405.95166,-32389745.6264648,7402.30518578881,-15.4903091456023 
1340000,116948815.666016,-32434861.6142578,7407.65282175339,-15.500948364102 
1350000,116922208.896973,-32321954.1855469,7404.24870470314,-15.4529184029416 
1360000,116539803.858887,-33481230.456543,7400.97921269299,-16.0290608873813 
1370000,116637635.965332,-33439729.5551758,7406.02011233338,-15.997469723408 
1380000,116541901.170898,-33554097.0473633,7402.33154516857,-16.0618740520191 
1390000,116567696.45459,-33445139.2802734,7402.00768144307,-16.0090333130286 
1400000,116106223.909668,-34568547.9741211,7394.21093508701,-16.5799570734094 
1410000,116042249.858398,-34557881.9995117,7390.28274698181,-16.5837582289436 
1420000,116185962.943359,-34741042.3623047,7401.88507651828,-16.6473164313587 
1430000,115688770.883789,-36000557.8862305,7395.29213657575,-17.2853346036031 
1440000,115663110.618164,-35969884.1474609,7393.24046668857,-17.2750870744411 
1450000,115763873.362793,-35853902.1113281,7397.01603305337,-17.2085798408407 
1460000,115398438.829102,-37317954.3168945,7402.71837399055,-17.9203529318749 
1470000,115318270.380371,-37298807.1015625,7397.70293692034,-17.9234016609375 
1480000,115468391.437012,-37214959.0371094,7404.85019266447,-17.8639048108779 
1490000,114886380.044434,-38643802.4589844,7398.38762967143,-18.5911581827319 
1500000,114917905.123535,-38794375.9179688,7403.14591471911,-18.6538279316701 
1510000,114897661.679199,-38638103.5429688,7398.92941728756,-18.5869050801289 
1520000,114514455.699219,-39960340.3818359,7402.95992869313,-19.2366659294899 
1530000,114475711.004883,-40029964.2333984,7402.12878944598,-19.273754357467 
1540000,114478839.672852,-39954889.8945313,7400.79781258018,-19.2397791478184 
1550000,114069642.447754,-41260169.1831055,7403.94006868301,-19.885581221278 
1560000,113943123.383301,-41251955.8208008,7396.50797052894,-19.9022766820919 
1570000,114035292.658203,-41201300.7314453,7400.74676680603,-19.8649431813195 
1580000,113693683.781738,-42532788.7407227,7409.22332936272,-20.5108150060577 
1590000,113629829.999023,-42633283.1132813,7407.72558530413,-20.5658128733314 
1600000,113674313.213379,-42637249.2216797,7410.35274551744,-20.5601908468287 
1610000,113134710.062012,-43826973.9150391,7405.44477097448,-21.1757456530969 
1620000,113244707.570313,-43794326.090332,7410.98675137966,-21.1426295507199 
1630000,113200841.509277,-43767726.0205078,7407.90393604618,-21.1383867249894 
1640000,113265375.501465,-43868593.9306641,7413.79934560144,-21.1717877414861 
1650000,112905712.918945,-44993245.9555664,7418.46956366935,-21.7274216694122 
1660000,112832653.662109,-44962945.5107422,7413.64240477152,-21.7269019015323 
1670000,112873696.820313,-44906615.4541016,7414.6979633128,-21.695055056848 
1680000,112518146.519043,-46008520.9326172,7419.73124699761,-22.2395878064056 
1690000,112536827.293945,-46131261.1352539,7423.62495250159,-22.2897768905217 
1700000,112542291.095703,-45985103.7333984,7420.55459965574,-22.2250660353481 
1710000,112205695.069824,-46987118.6308594,7424.94884815749,-22.7219255727833 
1720000,112139300.109375,-47033367.0366211,7422.30234270596,-22.7541086933433 
1730000,112228272.881348,-47094301.5600586,7428.74897106453,-22.7643616543079 
1740000,111604961.520508,-48269480.5664063,7421.86312260056,-23.3886271842937 
1750000,111643961.378418,-48315446.6811523,7425.16188520031,-23.4012061631146 
1760000,111585977.721191,-48244037.5756836,7420.18320488369,-23.3811727964355 
1770000,111459487.82373,-48881318.644043,7428.63419311148,-23.6801814547156 
1780000,111582904.035645,-48928397.4418945,7436.68700463691,-23.6771469050128 
1790000,111518509.802246,-48866508.7109375,7431.57068383399,-23.6626437951631 
1800000,111156934.88916,-49869387.1005859,7436.20791527884,-24.1628863159129 
1810000,111102856.283691,-49875210.0151367,7433.34198713325,-24.175800174651 
1820000,111070343.950684,-49794995.5839844,7429.52736290548,-24.1476214797683 
1830000,110761968.974609,-50676585.0068359,7434.58202622786,-24.5853711909888 
1840000,110831718.468262,-50727370.3325195,7439.74310554334,-24.5934384796207 
1850000,110881579.994141,-50635346.2939453,7440.17553756419,-24.5443537592307 
1860000,110510166.816406,-51500408.6435547,7441.70911090011,-24.9866568662873 
1870000,110508014.415039,-51601914.7441406,7444.20926956453,-25.0303067407254 
1880000,110478879.401367,-51498784.9418945,7439.936327069,-24.9921773064804 
1890000,110417340.135742,-51636825.378418,7440.09733855654,-25.0632078718407 
1900000,110031307.339355,-52504828.5791016,7441.42288681523,-25.5095809726093 
1910000,110019814.035645,-52538749.8657227,7441.68174100363,-25.5262940792901 
1920000,110165183.286133,-52495784.7543945,7448.56102806941,-25.4786791076451 
1930000,109138677.665527,-53710525.8920898,7424.48827915654,-26.2032284181717 
1940000,109167907.999023,-53756458.9013672,7427.32721717227,-26.2165562259991 
1950000,109149938.894043,-53756863.7138672,7426.35419422364,-26.2204654094206 
1960000,108943526.830078,-54263331.6513672,7428.78475970463,-26.4772890302674 
1970000,108837742.183594,-54166649.7265625,7420.37461514488,-26.4587306231142 
1980000,108962656.046387,-54176562.1948242,7427.47049504357,-26.43670390609 
1990000,108537192.45752,-55131347.1606445,7430.43610458824,-26.9282420967377 
2000000,108567318.170898,-55176684.1552734,7433.32890624546,-26.9408404297743 
---------------------------------------------------------- 

