Datos provenientes de SR865 
F,X,Y,R,T,



+1.000000e+02,+1.006478e+00,-1.153197e-02,+1.006544e+00,-6.564512e-01,
+2.000000e+02,+1.005824e+00,-2.559617e-02,+1.006150e+00,-1.457745e+00,
+3.000000e+02,+1.004900e+00,-3.901704e-02,+1.005657e+00,-2.223495e+00,
+4.000000e+02,+1.003575e+00,-5.225795e-02,+1.004935e+00,-2.980802e+00,
+5.000000e+02,+1.001925e+00,-6.537702e-02,+1.004055e+00,-3.733339e+00,
+6.000000e+02,+9.999169e-01,-7.838687e-02,+1.002985e+00,-4.482443e+00,
+7.000000e+02,+9.976366e-01,-9.129931e-02,+1.001806e+00,-5.228892e+00,
+8.000000e+02,+9.950512e-01,-1.040982e-01,+1.000482e+00,-5.972329e+00,
+9.000000e+02,+9.920074e-01,-1.167639e-01,+9.988556e-01,-6.713092e+00,
+1.000000e+03,+9.887369e-01,-1.293094e-01,+9.971568e-01,-7.450992e+00,
+1.100000e+03,+9.851770e-01,-1.417159e-01,+9.953176e-01,-8.185742e+00,
+1.200000e+03,+9.813626e-01,-1.539812e-01,+9.933695e-01,-8.917317e+00,
+1.300000e+03,+9.771821e-01,-1.660781e-01,+9.911947e-01,-9.645604e+00,
+1.400000e+03,+9.726882e-01,-1.779989e-01,+9.888408e-01,-1.037020e+01,
+1.500000e+03,+9.679759e-01,-1.897536e-01,+9.863994e-01,-1.109112e+01,
+1.600000e+03,+9.628296e-01,-2.012862e-01,+9.836448e-01,-1.180802e+01,
+1.700000e+03,+9.576865e-01,-2.126793e-01,+9.810178e-01,-1.252083e+01,
+1.800000e+03,+9.522046e-01,-2.238518e-01,+9.781632e-01,-1.322933e+01,
+1.900000e+03,+9.464766e-01,-2.348133e-01,+9.751694e-01,-1.393331e+01,
+2.000000e+03,+9.405519e-01,-2.455707e-01,+9.720817e-01,-1.463281e+01,
+2.100000e+03,+9.343919e-01,-2.561009e-01,+9.688528e-01,-1.532739e+01,
+2.200000e+03,+9.279955e-01,-2.663984e-01,+9.654759e-01,-1.601711e+01,
+2.300000e+03,+9.212983e-01,-2.764319e-01,+9.618759e-01,-1.670166e+01,
+2.400000e+03,+9.145817e-01,-2.862797e-01,+9.583401e-01,-1.738101e+01,
+2.500000e+03,+9.076275e-01,-2.958709e-01,+9.546345e-01,-1.805507e+01,
+2.600000e+03,+9.005679e-01,-3.052402e-01,+9.508913e-01,-1.872367e+01,
+2.700000e+03,+8.932937e-01,-3.143441e-01,+9.469877e-01,-1.938663e+01,
+2.800000e+03,+8.858633e-01,-3.231946e-01,+9.429786e-01,-2.004378e+01,
+2.900000e+03,+8.783485e-01,-3.318152e-01,+9.389341e-01,-2.069514e+01,
+3.000000e+03,+8.707533e-01,-3.402046e-01,+9.348533e-01,-2.134066e+01,
+3.100000e+03,+8.629255e-01,-3.482957e-01,+9.305646e-01,-2.198009e+01,
+3.200000e+03,+8.550677e-01,-3.561662e-01,+9.262804e-01,-2.261347e+01,
+3.300000e+03,+8.470957e-01,-3.637792e-01,+9.219037e-01,-2.324076e+01,
+3.400000e+03,+8.389623e-01,-3.711106e-01,+9.173771e-01,-2.386196e+01,
+3.500000e+03,+8.307689e-01,-3.781987e-01,+9.128041e-01,-2.447690e+01,
+3.600000e+03,+8.226325e-01,-3.850974e-01,+9.083084e-01,-2.508561e+01,
+3.700000e+03,+8.143378e-01,-3.917024e-01,+9.036464e-01,-2.568789e+01,
+3.800000e+03,+8.060845e-01,-3.981105e-01,+8.990351e-01,-2.628393e+01,
+3.900000e+03,+7.976980e-01,-4.042321e-01,+8.942738e-01,-2.687353e+01,
+4.000000e+03,+7.892275e-01,-4.100877e-01,+8.894111e-01,-2.745668e+01,
+4.100000e+03,+7.809135e-01,-4.158041e-01,+8.847141e-01,-2.803345e+01,
+4.200000e+03,+7.724591e-01,-4.212244e-01,+8.798426e-01,-2.860378e+01,
+4.300000e+03,+7.640223e-01,-4.264320e-01,+8.749710e-01,-2.916767e+01,
+4.400000e+03,+7.556705e-01,-4.314665e-01,+8.701731e-01,-2.972514e+01,
+4.500000e+03,+7.472167e-01,-4.362215e-01,+8.652294e-01,-3.027618e+01,
+4.600000e+03,+7.387721e-01,-4.407606e-01,+8.602640e-01,-3.082083e+01,
+4.700000e+03,+7.303853e-01,-4.451128e-01,+8.553292e-01,-3.135904e+01,
+4.800000e+03,+7.220259e-01,-4.492632e-01,+8.503875e-01,-3.189094e+01,
+4.900000e+03,+7.136023e-01,-4.531521e-01,+8.453255e-01,-3.241639e+01,
+5.000000e+03,+7.052742e-01,-4.568833e-01,+8.403298e-01,-3.293555e+01,
+5.100000e+03,+6.970201e-01,-4.604457e-01,+8.353724e-01,-3.344842e+01,
+5.200000e+03,+6.886584e-01,-4.637192e-01,+8.302323e-01,-3.395499e+01,
+5.300000e+03,+6.805079e-01,-4.669202e-01,+8.252912e-01,-3.445537e+01,
+5.400000e+03,+6.723289e-01,-4.698881e-01,+8.202567e-01,-3.494955e+01,
+5.500000e+03,+6.641690e-01,-4.726550e-01,+8.151829e-01,-3.543751e+01,
+5.600000e+03,+6.561800e-01,-4.753341e-01,+8.102559e-01,-3.591941e+01,
+5.700000e+03,+6.481822e-01,-4.777979e-01,+8.052522e-01,-3.639523e+01,
+5.800000e+03,+6.402764e-01,-4.801236e-01,+8.002953e-01,-3.686510e+01,
+5.900000e+03,+6.324095e-01,-4.822725e-01,+7.953166e-01,-3.732897e+01,
+6.000000e+03,+6.246023e-01,-4.842636e-01,+7.903413e-01,-3.778696e+01,
+6.100000e+03,+6.168833e-01,-4.861215e-01,+7.854038e-01,-3.823910e+01,
+6.200000e+03,+6.092486e-01,-4.878452e-01,+7.804978e-01,-3.868539e+01,
+6.300000e+03,+6.016880e-01,-4.894324e-01,+7.756110e-01,-3.912601e+01,
+6.400000e+03,+5.940061e-01,-4.907206e-01,+7.704868e-01,-3.956081e+01,
+6.500000e+03,+5.865651e-01,-4.920139e-01,+7.655954e-01,-3.999010e+01,
+6.600000e+03,+5.791993e-01,-4.931785e-01,+7.607212e-01,-4.041384e+01,
+6.700000e+03,+5.719931e-01,-4.942920e-01,+7.559766e-01,-4.083218e+01,
+6.800000e+03,+5.647087e-01,-4.951480e-01,+7.510442e-01,-4.124494e+01,
+6.900000e+03,+5.576100e-01,-4.959821e-01,+7.462755e-01,-4.165240e+01,
+7.000000e+03,+5.506375e-01,-4.967471e-01,+7.415925e-01,-4.205459e+01,
+7.100000e+03,+5.436256e-01,-4.972934e-01,+7.367697e-01,-4.245140e+01,
+7.200000e+03,+5.367998e-01,-4.978338e-01,+7.321150e-01,-4.284316e+01,
+7.300000e+03,+5.299993e-01,-4.982213e-01,+7.274089e-01,-4.322979e+01,
+7.400000e+03,+5.233276e-01,-4.985558e-01,+7.227930e-01,-4.361135e+01,
+7.500000e+03,+5.166975e-01,-4.987587e-01,+7.181480e-01,-4.398793e+01,
+7.600000e+03,+5.101648e-01,-4.988874e-01,+7.135522e-01,-4.435967e+01,
+7.700000e+03,+5.037736e-01,-4.989887e-01,+7.090681e-01,-4.472660e+01,
+7.800000e+03,+4.973445e-01,-4.988876e-01,+7.044433e-01,-4.508875e+01,
+7.900000e+03,+4.910404e-01,-4.987491e-01,+6.999081e-01,-4.544622e+01,
+8.000000e+03,+4.848416e-01,-4.985562e-01,+6.954348e-01,-4.579900e+01,
+8.100000e+03,+4.787523e-01,-4.983190e-01,+6.910322e-01,-4.614724e+01,
+8.200000e+03,+4.727212e-01,-4.979863e-01,+6.866263e-01,-4.649093e+01,
+8.300000e+03,+4.667595e-01,-4.975730e-01,+6.822340e-01,-4.683016e+01,
+8.400000e+03,+4.609078e-01,-4.971251e-01,+6.779155e-01,-4.716497e+01,
+8.500000e+03,+4.551511e-01,-4.966323e-01,+6.736514e-01,-4.749552e+01,
+8.600000e+03,+4.494386e-01,-4.960402e-01,+6.693660e-01,-4.782176e+01,
+8.700000e+03,+4.437604e-01,-4.953398e-01,+6.650450e-01,-4.814377e+01,
+8.800000e+03,+4.382690e-01,-4.947055e-01,+6.609184e-01,-4.846165e+01,
+8.900000e+03,+4.327612e-01,-4.939119e-01,+6.566820e-01,-4.877544e+01,
+9.000000e+03,+4.273761e-01,-4.931197e-01,+6.525469e-01,-4.908524e+01,
+9.100000e+03,+4.220491e-01,-4.922583e-01,+6.484163e-01,-4.939109e+01,
+9.200000e+03,+4.168184e-01,-4.913739e-01,+6.443492e-01,-4.969301e+01,
+9.300000e+03,+4.116651e-01,-4.904492e-01,+6.403190e-01,-4.999113e+01,
+9.400000e+03,+4.065922e-01,-4.894901e-01,+6.363315e-01,-5.028547e+01,
+9.500000e+03,+4.016141e-01,-4.885187e-01,+6.324116e-01,-5.057618e+01,
+9.600000e+03,+3.966804e-01,-4.874739e-01,+6.284792e-01,-5.086314e+01,
+9.700000e+03,+3.918323e-01,-4.864093e-01,+6.246012e-01,-5.114644e+01,
+9.800000e+03,+3.870534e-01,-4.853074e-01,+6.207525e-01,-5.142613e+01,
+9.900000e+03,+3.823350e-01,-4.841579e-01,+6.169188e-01,-5.170218e+01,
+1.000000e+04,+3.776761e-01,-4.829686e-01,+6.131052e-01,-5.197498e+01,
+1.010000e+04,+3.730879e-01,-4.817515e-01,+6.093268e-01,-5.224434e+01,
+1.020000e+04,+3.685670e-01,-4.805073e-01,+6.055815e-01,-5.251045e+01,
+1.030000e+04,+3.641529e-01,-4.792876e-01,+6.019335e-01,-5.277317e+01,
+1.040000e+04,+3.597466e-01,-4.779668e-01,+5.982223e-01,-5.303268e+01,
+1.050000e+04,+3.554402e-01,-4.766681e-01,+5.946009e-01,-5.328896e+01,
+1.060000e+04,+3.512013e-01,-4.753515e-01,+5.910173e-01,-5.354210e+01,
+1.070000e+04,+3.470049e-01,-4.739865e-01,+5.874314e-01,-5.379219e+01,
+1.080000e+04,+3.429149e-01,-4.726600e-01,+5.839504e-01,-5.403910e+01,
+1.090000e+04,+3.388392e-01,-4.712526e-01,+5.804232e-01,-5.428317e+01,
+1.100000e+04,+3.348307e-01,-4.698361e-01,+5.769381e-01,-5.452426e+01,
+1.110000e+04,+3.309065e-01,-4.684381e-01,+5.735271e-01,-5.476246e+01,
+1.120000e+04,+3.270392e-01,-4.670212e-01,+5.701433e-01,-5.499774e+01,
+1.130000e+04,+3.231827e-01,-4.655254e-01,+5.667107e-01,-5.523037e+01,
+1.140000e+04,+3.194478e-01,-4.641083e-01,+5.634212e-01,-5.546019e+01,
+1.150000e+04,+3.157398e-01,-4.626382e-01,+5.601122e-01,-5.568737e+01,
+1.160000e+04,+3.120786e-01,-4.611423e-01,+5.568171e-01,-5.591177e+01,
+1.170000e+04,+3.084663e-01,-4.596266e-01,+5.535414e-01,-5.613351e+01,
+1.180000e+04,+3.049434e-01,-4.581531e-01,+5.503588e-01,-5.635255e+01,
+1.190000e+04,+3.014654e-01,-4.566582e-01,+5.471910e-01,-5.656898e+01,
+1.200000e+04,+2.980557e-01,-4.551796e-01,+5.440824e-01,-5.678286e+01,
+1.210000e+04,+2.946529e-01,-4.536252e-01,+5.409216e-01,-5.699420e+01,
+1.220000e+04,+2.913474e-01,-4.521364e-01,+5.378761e-01,-5.720309e+01,
+1.230000e+04,+2.880702e-01,-4.506075e-01,+5.348192e-01,-5.740950e+01,
+1.240000e+04,+2.848159e-01,-4.490321e-01,+5.317423e-01,-5.761351e+01,
+1.250000e+04,+2.816115e-01,-4.474548e-01,+5.286973e-01,-5.781520e+01,
+1.260000e+04,+2.784853e-01,-4.459218e-01,+5.257379e-01,-5.801456e+01,
+1.270000e+04,+2.754020e-01,-4.443797e-01,+5.227997e-01,-5.821164e+01,
+1.280000e+04,+2.723356e-01,-4.427885e-01,+5.198350e-01,-5.840654e+01,
+1.290000e+04,+2.693604e-01,-4.412707e-01,+5.169864e-01,-5.859928e+01,
+1.300000e+04,+2.664060e-01,-4.397148e-01,+5.141219e-01,-5.878996e+01,
+1.310000e+04,+2.634895e-01,-4.381466e-01,+5.112721e-01,-5.897844e+01,
+1.320000e+04,+2.606014e-01,-4.365488e-01,+5.084171e-01,-5.916456e+01,
+1.330000e+04,+2.577897e-01,-4.350056e-01,+5.056534e-01,-5.934849e+01,
+1.340000e+04,+2.549927e-01,-4.334222e-01,+5.028678e-01,-5.953067e+01,
+1.350000e+04,+2.522518e-01,-4.318617e-01,+5.001354e-01,-5.971066e+01,
+1.360000e+04,+2.495580e-01,-4.303187e-01,+4.974469e-01,-5.988894e+01,
+1.370000e+04,+2.468959e-01,-4.287614e-01,+4.947666e-01,-6.006515e+01,
+1.380000e+04,+2.442773e-01,-4.272166e-01,+4.921234e-01,-6.023959e+01,
+1.390000e+04,+2.416248e-01,-4.255448e-01,+4.893577e-01,-6.041204e+01,
+1.400000e+04,+2.390823e-01,-4.240021e-01,+4.867629e-01,-6.058263e+01,
+1.410000e+04,+2.365516e-01,-4.224164e-01,+4.841407e-01,-6.075133e+01,
+1.420000e+04,+2.340852e-01,-4.208864e-01,+4.816027e-01,-6.091841e+01,
+1.430000e+04,+2.316470e-01,-4.193440e-01,+4.790718e-01,-6.108359e+01,
+1.440000e+04,+2.292225e-01,-4.177692e-01,+4.765229e-01,-6.124720e+01,
+1.450000e+04,+2.268671e-01,-4.162597e-01,+4.740684e-01,-6.140903e+01,
+1.460000e+04,+2.245434e-01,-4.147497e-01,+4.716324e-01,-6.156910e+01,
+1.470000e+04,+2.221973e-01,-4.131386e-01,+4.691004e-01,-6.172741e+01,
+1.480000e+04,+2.199202e-01,-4.115993e-01,+4.666679e-01,-6.188411e+01,
+1.490000e+04,+2.176612e-01,-4.100362e-01,+4.642264e-01,-6.203910e+01,
+1.500000e+04,+2.154794e-01,-4.085615e-01,+4.619024e-01,-6.219239e+01,
+1.510000e+04,+2.132889e-01,-4.070184e-01,+4.595172e-01,-6.234422e+01,
+1.520000e+04,+2.111256e-01,-4.054736e-01,+4.571465e-01,-6.249450e+01,
+1.530000e+04,+2.089930e-01,-4.039336e-01,+4.547971e-01,-6.264321e+01,
+1.540000e+04,+2.069219e-01,-4.024605e-01,+4.525385e-01,-6.279040e+01,
+1.550000e+04,+2.048401e-01,-4.009142e-01,+4.502129e-01,-6.293604e+01,
+1.560000e+04,+2.028165e-01,-3.994313e-01,+4.479731e-01,-6.308021e+01,
+1.570000e+04,+2.007920e-01,-3.978950e-01,+4.456881e-01,-6.322286e+01,
+1.580000e+04,+1.988152e-01,-3.964032e-01,+4.434670e-01,-6.336404e+01,
+1.590000e+04,+1.968555e-01,-3.948967e-01,+4.412431e-01,-6.350380e+01,
+1.600000e+04,+1.949449e-01,-3.934424e-01,+4.390904e-01,-6.364225e+01,
+1.610000e+04,+1.930444e-01,-3.919601e-01,+4.369197e-01,-6.377927e+01,
+1.620000e+04,+1.911780e-01,-3.905013e-01,+4.347876e-01,-6.391497e+01,
+1.630000e+04,+1.893387e-01,-3.890528e-01,+4.326791e-01,-6.404939e+01,
+1.640000e+04,+1.875260e-01,-3.876128e-01,+4.305922e-01,-6.418243e+01,
+1.650000e+04,+1.857041e-01,-3.861081e-01,+4.284454e-01,-6.431411e+01,
+1.660000e+04,+1.839468e-01,-3.846948e-01,+4.264112e-01,-6.444460e+01,
+1.670000e+04,+1.821927e-01,-3.832433e-01,+4.243461e-01,-6.457372e+01,
+1.680000e+04,+1.804579e-01,-3.817893e-01,+4.222891e-01,-6.470161e+01,
+1.690000e+04,+1.787669e-01,-3.803866e-01,+4.202994e-01,-6.482830e+01,
+1.700000e+04,+1.770947e-01,-3.789826e-01,+4.183185e-01,-6.495378e+01,
+1.710000e+04,+1.754322e-01,-3.775580e-01,+4.163249e-01,-6.507806e+01,
+1.720000e+04,+1.737873e-01,-3.761300e-01,+4.143378e-01,-6.520114e+01,
+1.730000e+04,+1.721866e-01,-3.747571e-01,+4.124210e-01,-6.532302e+01,
+1.740000e+04,+1.705833e-01,-3.733409e-01,+4.104657e-01,-6.544385e+01,
+1.750000e+04,+1.690204e-01,-3.719721e-01,+4.085720e-01,-6.556342e+01,
+1.760000e+04,+1.674650e-01,-3.705822e-01,+4.066642e-01,-6.568192e+01,
+1.770000e+04,+1.659439e-01,-3.692285e-01,+4.048050e-01,-6.579922e+01,
+1.780000e+04,+1.644250e-01,-3.678432e-01,+4.029196e-01,-6.591547e+01,
+1.790000e+04,+1.629269e-01,-3.664663e-01,+4.010520e-01,-6.603059e+01,
+1.800000e+04,+1.614630e-01,-3.651314e-01,+3.992383e-01,-6.614474e+01,
+1.810000e+04,+1.599996e-01,-3.637616e-01,+3.973945e-01,-6.625783e+01,
+1.820000e+04,+1.585513e-01,-3.623899e-01,+3.955565e-01,-6.636985e+01,
+1.830000e+04,+1.571359e-01,-3.610591e-01,+3.937707e-01,-6.648092e+01,
+1.840000e+04,+1.557486e-01,-3.597589e-01,+3.920256e-01,-6.659101e+01,
+1.850000e+04,+1.543545e-01,-3.584064e-01,+3.902313e-01,-6.669996e+01,
+1.860000e+04,+1.529793e-01,-3.570661e-01,+3.884570e-01,-6.680806e+01,
+1.870000e+04,+1.516388e-01,-3.557724e-01,+3.867406e-01,-6.691512e+01,
+1.880000e+04,+1.503100e-01,-3.544743e-01,+3.850262e-01,-6.702127e+01,
+1.890000e+04,+1.489894e-01,-3.531624e-01,+3.833035e-01,-6.712646e+01,
+1.900000e+04,+1.476898e-01,-3.518664e-01,+3.816048e-01,-6.723061e+01,
+1.910000e+04,+1.464184e-01,-3.506079e-01,+3.799530e-01,-6.733395e+01,
+1.920000e+04,+1.451468e-01,-3.493196e-01,+3.782747e-01,-6.743647e+01,
+1.930000e+04,+1.438898e-01,-3.480347e-01,+3.766064e-01,-6.753808e+01,
+1.940000e+04,+1.426733e-01,-3.468154e-01,+3.750155e-01,-6.763866e+01,
+1.950000e+04,+1.414510e-01,-3.455514e-01,+3.733820e-01,-6.773833e+01,
+1.960000e+04,+1.402393e-01,-3.442850e-01,+3.717516e-01,-6.783721e+01,
+1.970000e+04,+1.390537e-01,-3.430516e-01,+3.701625e-01,-6.793515e+01,
+1.980000e+04,+1.378769e-01,-3.418126e-01,+3.685727e-01,-6.803234e+01,
+1.990000e+04,+1.367241e-01,-3.406035e-01,+3.670207e-01,-6.812862e+01,
+2.000000e+04,+1.355944e-01,-3.394255e-01,+3.655072e-01,-6.822417e+01,
+2.010000e+04,+1.344426e-01,-3.381631e-01,+3.639081e-01,-6.831885e+01,
+2.020000e+04,+1.333361e-01,-3.369898e-01,+3.624096e-01,-6.841286e+01,
+2.030000e+04,+1.322362e-01,-3.358032e-01,+3.609019e-01,-6.850594e+01,
+2.040000e+04,+1.311427e-01,-3.346066e-01,+3.593884e-01,-6.859825e+01,
+2.050000e+04,+1.300618e-01,-3.334160e-01,+3.578858e-01,-6.868980e+01,
+2.060000e+04,+1.289707e-01,-3.321711e-01,+3.563300e-01,-6.878051e+01,
+2.070000e+04,+1.279309e-01,-3.310353e-01,+3.548953e-01,-6.887063e+01,
+2.080000e+04,+1.269033e-01,-3.299025e-01,+3.534686e-01,-6.895980e+01,
+2.090000e+04,+1.258552e-01,-3.286934e-01,+3.519643e-01,-6.904839e+01,
+2.100000e+04,+1.248512e-01,-3.275734e-01,+3.505598e-01,-6.913618e+01,
+2.110000e+04,+1.238559e-01,-3.264523e-01,+3.491580e-01,-6.922327e+01,
+2.120000e+04,+1.228487e-01,-3.252751e-01,+3.477006e-01,-6.930964e+01,
+2.130000e+04,+1.218613e-01,-3.241281e-01,+3.462791e-01,-6.939542e+01,
+2.140000e+04,+1.208797e-01,-3.229690e-01,+3.448491e-01,-6.948030e+01,
+2.150000e+04,+1.199257e-01,-3.218606e-01,+3.434770e-01,-6.956454e+01,
+2.160000e+04,+1.189839e-01,-3.207631e-01,+3.421200e-01,-6.964816e+01,
+2.170000e+04,+1.180486e-01,-3.196604e-01,+3.407613e-01,-6.973112e+01,
+2.180000e+04,+1.171227e-01,-3.185598e-01,+3.394084e-01,-6.981337e+01,
+2.190000e+04,+1.161971e-01,-3.174376e-01,+3.380361e-01,-6.989499e+01,
+2.200000e+04,+1.152970e-01,-3.163614e-01,+3.367164e-01,-6.997588e+01,
+2.210000e+04,+1.143907e-01,-3.152486e-01,+3.353609e-01,-7.005625e+01,
+2.220000e+04,+1.135114e-01,-3.141866e-01,+3.340629e-01,-7.013589e+01,
+2.230000e+04,+1.126326e-01,-3.131050e-01,+3.327474e-01,-7.021492e+01,
+2.240000e+04,+1.117621e-01,-3.120248e-01,+3.314366e-01,-7.029332e+01,
+2.250000e+04,+1.109191e-01,-3.110015e-01,+3.301893e-01,-7.037115e+01,
+2.260000e+04,+1.100649e-01,-3.099252e-01,+3.288890e-01,-7.044832e+01,
+2.270000e+04,+1.092215e-01,-3.088598e-01,+3.276030e-01,-7.052496e+01,
+2.280000e+04,+1.083865e-01,-3.077981e-01,+3.263239e-01,-7.060104e+01,
+2.290000e+04,+1.075671e-01,-3.067574e-01,+3.250704e-01,-7.067634e+01,
+2.300000e+04,+1.067623e-01,-3.057417e-01,+3.238459e-01,-7.075124e+01,
+2.310000e+04,+1.059518e-01,-3.046866e-01,+3.225828e-01,-7.082538e+01,
+2.320000e+04,+1.051641e-01,-3.036814e-01,+3.213750e-01,-7.089915e+01,
+2.330000e+04,+1.043752e-01,-3.026516e-01,+3.201440e-01,-7.097226e+01,
+2.340000e+04,+1.036138e-01,-3.016839e-01,+3.189812e-01,-7.104489e+01,
+2.350000e+04,+1.028389e-01,-3.006573e-01,+3.177588e-01,-7.111690e+01,
+2.360000e+04,+1.020861e-01,-2.996763e-01,+3.165872e-01,-7.118835e+01,
+2.370000e+04,+1.013348e-01,-2.986827e-01,+3.154046e-01,-7.125934e+01,
+2.380000e+04,+1.005907e-01,-2.976910e-01,+3.142267e-01,-7.132973e+01,
+2.390000e+04,+9.984951e-02,-2.966922e-01,+3.130434e-01,-7.139972e+01,
+2.400000e+04,+9.912120e-02,-2.957121e-01,+3.118824e-01,-7.146910e+01,
+2.410000e+04,+9.839915e-02,-2.947324e-01,+3.107243e-01,-7.153793e+01,
+2.420000e+04,+9.769945e-02,-2.938036e-01,+3.096219e-01,-7.160631e+01,
+2.430000e+04,+9.698314e-02,-2.928080e-01,+3.084513e-01,-7.167422e+01,
+2.440000e+04,+9.628525e-02,-2.918500e-01,+3.073227e-01,-7.174157e+01,
+2.450000e+04,+9.560898e-02,-2.909428e-01,+3.062495e-01,-7.180855e+01,
+2.460000e+04,+9.491906e-02,-2.899756e-01,+3.051156e-01,-7.187493e+01,
+2.470000e+04,+9.424637e-02,-2.890442e-01,+3.040212e-01,-7.194081e+01,
+2.480000e+04,+9.358681e-02,-2.881380e-01,+3.029554e-01,-7.200628e+01,
+2.490000e+04,+9.291521e-02,-2.871798e-01,+3.018368e-01,-7.207133e+01,
+2.500000e+04,+9.227154e-02,-2.862896e-01,+3.007919e-01,-7.213579e+01,
+2.510000e+04,+9.162077e-02,-2.853616e-01,+2.997092e-01,-7.219978e+01,
+2.520000e+04,+9.097683e-02,-2.844408e-01,+2.986358e-01,-7.226340e+01,
+2.530000e+04,+9.034319e-02,-2.835360e-01,+2.975812e-01,-7.232654e+01,
+2.540000e+04,+8.970501e-02,-2.826005e-01,+2.964963e-01,-7.238916e+01,
+2.550000e+04,+8.908732e-02,-2.817141e-01,+2.954647e-01,-7.245132e+01,
+2.560000e+04,+8.848244e-02,-2.808547e-01,+2.944631e-01,-7.251311e+01,
+2.570000e+04,+8.787622e-02,-2.799763e-01,+2.934433e-01,-7.257447e+01,
+2.580000e+04,+8.726338e-02,-2.790614e-01,+2.923870e-01,-7.263536e+01,
+2.590000e+04,+8.667155e-02,-2.782001e-01,+2.913885e-01,-7.269589e+01,
+2.600000e+04,+8.609398e-02,-2.773688e-01,+2.904232e-01,-7.275590e+01,
+2.610000e+04,+8.549942e-02,-2.764711e-01,+2.893898e-01,-7.281564e+01,
+2.620000e+04,+8.492001e-02,-2.756080e-01,+2.883941e-01,-7.287495e+01,
+2.630000e+04,+8.435395e-02,-2.747736e-01,+2.874302e-01,-7.293380e+01,
+2.640000e+04,+8.378760e-02,-2.739234e-01,+2.864513e-01,-7.299219e+01,
+2.650000e+04,+8.321812e-02,-2.730497e-01,+2.854495e-01,-7.305020e+01,
+2.660000e+04,+8.266150e-02,-2.722042e-01,+2.844785e-01,-7.310779e+01,
+2.670000e+04,+8.210935e-02,-2.713614e-01,+2.835118e-01,-7.316507e+01,
+2.680000e+04,+8.156826e-02,-2.705390e-01,+2.825681e-01,-7.322179e+01,
+2.690000e+04,+8.102967e-02,-2.697147e-01,+2.816236e-01,-7.327829e+01,
+2.700000e+04,+8.049858e-02,-2.689024e-01,+2.806929e-01,-7.333440e+01,
+2.710000e+04,+7.997138e-02,-2.680894e-01,+2.797630e-01,-7.339009e+01,
+2.720000e+04,+7.944151e-02,-2.672544e-01,+2.788115e-01,-7.344538e+01,
+2.730000e+04,+7.892063e-02,-2.664388e-01,+2.778815e-01,-7.350043e+01,
+2.740000e+04,+7.840492e-02,-2.656282e-01,+2.769579e-01,-7.355509e+01,
+2.750000e+04,+7.789934e-02,-2.648385e-01,+2.760575e-01,-7.360932e+01,
+2.760000e+04,+7.739958e-02,-2.640558e-01,+2.751656e-01,-7.366316e+01,
+2.770000e+04,+7.689311e-02,-2.632407e-01,+2.742412e-01,-7.371681e+01,
+2.780000e+04,+7.639962e-02,-2.624567e-01,+2.733504e-01,-7.377003e+01,
+2.790000e+04,+7.590459e-02,-2.616544e-01,+2.724418e-01,-7.382282e+01,
+2.800000e+04,+7.542420e-02,-2.608920e-01,+2.715759e-01,-7.387535e+01,
+2.810000e+04,+7.494257e-02,-2.601117e-01,+2.706926e-01,-7.392741e+01,
+2.820000e+04,+7.446813e-02,-2.593476e-01,+2.698271e-01,-7.397929e+01,
+2.830000e+04,+7.399486e-02,-2.585741e-01,+2.689532e-01,-7.403072e+01,
+2.840000e+04,+7.351997e-02,-2.577874e-01,+2.680663e-01,-7.408205e+01,
+2.850000e+04,+7.306147e-02,-2.570410e-01,+2.672229e-01,-7.413270e+01,
+2.860000e+04,+7.259656e-02,-2.562615e-01,+2.663460e-01,-7.418305e+01,
+2.870000e+04,+7.215271e-02,-2.555462e-01,+2.655370e-01,-7.423313e+01,
+2.880000e+04,+7.170280e-02,-2.548004e-01,+2.646971e-01,-7.428298e+01,
+2.890000e+04,+7.124772e-02,-2.540252e-01,+2.638276e-01,-7.433251e+01,
+2.900000e+04,+7.080264e-02,-2.532734e-01,+2.629837e-01,-7.438165e+01,
+2.910000e+04,+7.036991e-02,-2.525578e-01,+2.621781e-01,-7.443062e+01,
+2.920000e+04,+6.992700e-02,-2.517934e-01,+2.613230e-01,-7.447919e+01,
+2.930000e+04,+6.951000e-02,-2.511120e-01,+2.605550e-01,-7.452744e+01,
+2.940000e+04,+6.908467e-02,-2.503910e-01,+2.597467e-01,-7.457544e+01,
+2.950000e+04,+6.865988e-02,-2.496618e-01,+2.589309e-01,-7.462313e+01,
+2.960000e+04,+6.823603e-02,-2.489260e-01,+2.581091e-01,-7.467054e+01,
+2.970000e+04,+6.782368e-02,-2.482223e-01,+2.573216e-01,-7.471767e+01,
+2.980000e+04,+6.741278e-02,-2.475142e-01,+2.565303e-01,-7.476450e+01,
+2.990000e+04,+6.700914e-02,-2.468220e-01,+2.557564e-01,-7.481100e+01,
+3.000000e+04,+6.660379e-02,-2.461161e-01,+2.549690e-01,-7.485735e+01,
+3.010000e+04,+6.620268e-02,-2.454149e-01,+2.541874e-01,-7.490334e+01,
+3.020000e+04,+6.581073e-02,-2.447370e-01,+2.534310e-01,-7.494897e+01,
+3.030000e+04,+6.542354e-02,-2.440682e-01,+2.526847e-01,-7.499438e+01,
+3.040000e+04,+6.503743e-02,-2.433935e-01,+2.519330e-01,-7.503946e+01,
+3.050000e+04,+6.464508e-02,-2.426859e-01,+2.511483e-01,-7.508427e+01,
+3.060000e+04,+6.425793e-02,-2.419894e-01,+2.503756e-01,-7.512885e+01,
+3.070000e+04,+6.387904e-02,-2.413138e-01,+2.496255e-01,-7.517310e+01,
+3.080000e+04,+6.350704e-02,-2.406579e-01,+2.488963e-01,-7.521725e+01,
+3.090000e+04,+6.313109e-02,-2.399741e-01,+2.481393e-01,-7.526089e+01,
+3.100000e+04,+6.275712e-02,-2.392924e-01,+2.473850e-01,-7.530450e+01,
+3.110000e+04,+6.239757e-02,-2.386553e-01,+2.466775e-01,-7.534772e+01,
+3.120000e+04,+6.203519e-02,-2.379982e-01,+2.459502e-01,-7.539069e+01,
+3.130000e+04,+6.167241e-02,-2.373310e-01,+2.452132e-01,-7.543339e+01,
+3.140000e+04,+6.131647e-02,-2.366832e-01,+2.444967e-01,-7.547594e+01,
+3.150000e+04,+6.096370e-02,-2.360357e-01,+2.437815e-01,-7.551804e+01,
+3.160000e+04,+6.060963e-02,-2.353788e-01,+2.430570e-01,-7.556013e+01,
+3.170000e+04,+6.025717e-02,-2.347194e-01,+2.423307e-01,-7.560194e+01,
+3.180000e+04,+5.990655e-02,-2.340569e-01,+2.416018e-01,-7.564342e+01,
+3.190000e+04,+5.957264e-02,-2.334524e-01,+2.409334e-01,-7.568470e+01,
+3.200000e+04,+5.922858e-02,-2.327994e-01,+2.402157e-01,-7.572570e+01,
+3.210000e+04,+5.889527e-02,-2.321808e-01,+2.395341e-01,-7.576649e+01,
+3.220000e+04,+5.856160e-02,-2.315518e-01,+2.388424e-01,-7.580697e+01,
+3.230000e+04,+5.821551e-02,-2.308677e-01,+2.380944e-01,-7.584736e+01,
+3.240000e+04,+5.789488e-02,-2.302748e-01,+2.374411e-01,-7.588740e+01,
+3.250000e+04,+5.756573e-02,-2.296410e-01,+2.367463e-01,-7.592725e+01,
+3.260000e+04,+5.724480e-02,-2.290317e-01,+2.360773e-01,-7.596684e+01,
+3.270000e+04,+5.691864e-02,-2.283951e-01,+2.353806e-01,-7.600629e+01,
+3.280000e+04,+5.660845e-02,-2.278146e-01,+2.347424e-01,-7.604549e+01,
+3.290000e+04,+5.629244e-02,-2.272026e-01,+2.340724e-01,-7.608443e+01,
+3.300000e+04,+5.598490e-02,-2.266173e-01,+2.334303e-01,-7.612315e+01,
+3.310000e+04,+5.567135e-02,-2.260011e-01,+2.327570e-01,-7.616171e+01,
+3.320000e+04,+5.536944e-02,-2.254242e-01,+2.321246e-01,-7.620000e+01,
+3.330000e+04,+5.506223e-02,-2.248184e-01,+2.314631e-01,-7.623808e+01,
+3.340000e+04,+5.476055e-02,-2.242288e-01,+2.308186e-01,-7.627601e+01,
+3.350000e+04,+5.446291e-02,-2.236470e-01,+2.301829e-01,-7.631362e+01,
+3.360000e+04,+5.416593e-02,-2.230614e-01,+2.295438e-01,-7.635106e+01,
+3.370000e+04,+5.386961e-02,-2.224722e-01,+2.289014e-01,-7.638834e+01,
+3.380000e+04,+5.358718e-02,-2.219317e-01,+2.283095e-01,-7.642530e+01,
+3.390000e+04,+5.329257e-02,-2.213353e-01,+2.276608e-01,-7.646214e+01,
+3.400000e+04,+5.300434e-02,-2.207577e-01,+2.270317e-01,-7.649873e+01,
+3.410000e+04,+5.271744e-02,-2.201792e-01,+2.264023e-01,-7.653516e+01,
+3.420000e+04,+5.243083e-02,-2.195945e-01,+2.257670e-01,-7.657135e+01,
+3.430000e+04,+5.215470e-02,-2.190467e-01,+2.251701e-01,-7.660732e+01,
+3.440000e+04,+5.187070e-02,-2.184612e-01,+2.245348e-01,-7.664322e+01,
+3.450000e+04,+5.159939e-02,-2.179201e-01,+2.239456e-01,-7.667876e+01,
+3.460000e+04,+5.132486e-02,-2.173598e-01,+2.233372e-01,-7.671418e+01,
+3.470000e+04,+5.105110e-02,-2.167973e-01,+2.227269e-01,-7.674946e+01,
+3.480000e+04,+5.078280e-02,-2.162511e-01,+2.221338e-01,-7.678453e+01,
+3.490000e+04,+5.051560e-02,-2.157012e-01,+2.215374e-01,-7.681930e+01,
+3.500000e+04,+5.024576e-02,-2.151369e-01,+2.209265e-01,-7.685406e+01,
+3.510000e+04,+4.998452e-02,-2.146019e-01,+2.203461e-01,-7.688857e+01,
+3.520000e+04,+4.972322e-02,-2.140612e-01,+2.197603e-01,-7.692295e+01,
+3.530000e+04,+4.946524e-02,-2.135255e-01,+2.191802e-01,-7.695695e+01,
+3.540000e+04,+4.921177e-02,-2.130061e-01,+2.186170e-01,-7.699095e+01,
+3.550000e+04,+4.895253e-02,-2.124564e-01,+2.180231e-01,-7.702480e+01,
+3.560000e+04,+4.869858e-02,-2.119219e-01,+2.174453e-01,-7.705839e+01,
+3.570000e+04,+4.845008e-02,-2.114060e-01,+2.168868e-01,-7.709185e+01,
+3.580000e+04,+4.819562e-02,-2.108566e-01,+2.162945e-01,-7.712504e+01,
+3.590000e+04,+4.795234e-02,-2.103492e-01,+2.157457e-01,-7.715800e+01,
+3.600000e+04,+4.770884e-02,-2.098358e-01,+2.151911e-01,-7.719083e+01,
+3.610000e+04,+4.746483e-02,-2.093175e-01,+2.146316e-01,-7.722367e+01,
+3.620000e+04,+4.723031e-02,-2.088324e-01,+2.141067e-01,-7.725616e+01,
+3.630000e+04,+4.698574e-02,-2.082991e-01,+2.135327e-01,-7.728861e+01,
+3.640000e+04,+4.674804e-02,-2.077901e-01,+2.129838e-01,-7.732085e+01,
+3.650000e+04,+4.650858e-02,-2.072678e-01,+2.124217e-01,-7.735294e+01,
+3.660000e+04,+4.627949e-02,-2.067851e-01,+2.119006e-01,-7.738481e+01,
+3.670000e+04,+4.604556e-02,-2.062748e-01,+2.113516e-01,-7.741648e+01,
+3.680000e+04,+4.581677e-02,-2.057839e-01,+2.108227e-01,-7.744810e+01,
+3.690000e+04,+4.557882e-02,-2.052458e-01,+2.102457e-01,-7.747952e+01,
+3.700000e+04,+4.535669e-02,-2.047723e-01,+2.097354e-01,-7.751072e+01,
+3.710000e+04,+4.512832e-02,-2.042657e-01,+2.091914e-01,-7.754179e+01,
+3.720000e+04,+4.490724e-02,-2.037871e-01,+2.086764e-01,-7.757271e+01,
+3.730000e+04,+4.468545e-02,-2.033008e-01,+2.081538e-01,-7.760353e+01,
+3.740000e+04,+4.445378e-02,-2.027638e-01,+2.075796e-01,-7.763416e+01,
+3.750000e+04,+4.423868e-02,-2.022974e-01,+2.070780e-01,-7.766466e+01,
+3.760000e+04,+4.402385e-02,-2.018256e-01,+2.065712e-01,-7.769491e+01,
+3.770000e+04,+4.380681e-02,-2.013388e-01,+2.060494e-01,-7.772503e+01,
+3.780000e+04,+4.359612e-02,-2.008762e-01,+2.055526e-01,-7.775500e+01,
+3.790000e+04,+4.337968e-02,-2.003818e-01,+2.050235e-01,-7.778481e+01,
+3.800000e+04,+4.316863e-02,-1.999086e-01,+2.045164e-01,-7.781454e+01,
+3.810000e+04,+4.295372e-02,-1.994118e-01,+2.039855e-01,-7.784410e+01,
+3.820000e+04,+4.275413e-02,-1.989814e-01,+2.035228e-01,-7.787351e+01,
+3.830000e+04,+4.254051e-02,-1.984807e-01,+2.029884e-01,-7.790277e+01,
+3.840000e+04,+4.233984e-02,-1.980345e-01,+2.025101e-01,-7.793183e+01,
+3.850000e+04,+4.213876e-02,-1.975833e-01,+2.020268e-01,-7.796084e+01,
+3.860000e+04,+4.193332e-02,-1.971060e-01,+2.015173e-01,-7.798966e+01,
+3.870000e+04,+4.173294e-02,-1.966475e-01,+2.010270e-01,-7.801833e+01,
+3.880000e+04,+4.153780e-02,-1.962076e-01,+2.005562e-01,-7.804678e+01,
+3.890000e+04,+4.133599e-02,-1.957347e-01,+2.000519e-01,-7.807527e+01,
+3.900000e+04,+4.113900e-02,-1.952794e-01,+1.995657e-01,-7.810360e+01,
+3.910000e+04,+4.093985e-02,-1.948073e-01,+1.990627e-01,-7.813167e+01,
+3.920000e+04,+4.074840e-02,-1.943683e-01,+1.985937e-01,-7.815968e+01,
+3.930000e+04,+4.055303e-02,-1.939065e-01,+1.981017e-01,-7.818758e+01,
+3.940000e+04,+4.036408e-02,-1.934695e-01,+1.976353e-01,-7.821526e+01,
+3.950000e+04,+4.017582e-02,-1.930322e-01,+1.971688e-01,-7.824287e+01,
+3.960000e+04,+3.998894e-02,-1.925964e-01,+1.967041e-01,-7.827029e+01,
+3.970000e+04,+3.980261e-02,-1.921581e-01,+1.962370e-01,-7.829754e+01,
+3.980000e+04,+3.961687e-02,-1.917195e-01,+1.957699e-01,-7.832474e+01,
+3.990000e+04,+3.943577e-02,-1.912985e-01,+1.953210e-01,-7.835177e+01,
+4.000000e+04,+3.924510e-02,-1.908266e-01,+1.948203e-01,-7.837867e+01,
+4.010000e+04,+3.906216e-02,-1.903886e-01,+1.943545e-01,-7.840549e+01,
+4.020000e+04,+3.888416e-02,-1.899705e-01,+1.939092e-01,-7.843218e+01,
+4.030000e+04,+3.870415e-02,-1.895371e-01,+1.934485e-01,-7.845867e+01,
+4.040000e+04,+3.852440e-02,-1.891019e-01,+1.929862e-01,-7.848511e+01,
+4.050000e+04,+3.834859e-02,-1.886831e-01,+1.925407e-01,-7.851149e+01,
+4.060000e+04,+3.817449e-02,-1.882671e-01,+1.920984e-01,-7.853767e+01,
+4.070000e+04,+3.800165e-02,-1.878525e-01,+1.916577e-01,-7.856367e+01,
+4.080000e+04,+3.782644e-02,-1.874235e-01,+1.912026e-01,-7.858964e+01,
+4.090000e+04,+3.765381e-02,-1.870025e-01,+1.907557e-01,-7.861546e+01,
+4.100000e+04,+3.748594e-02,-1.866030e-01,+1.903309e-01,-7.864125e+01,
+4.110000e+04,+3.731802e-02,-1.861969e-01,+1.898998e-01,-7.866680e+01,
+4.120000e+04,+3.714677e-02,-1.857703e-01,+1.894478e-01,-7.869222e+01,
+4.130000e+04,+3.698236e-02,-1.853741e-01,+1.890271e-01,-7.871754e+01,
+4.140000e+04,+3.681360e-02,-1.849529e-01,+1.885810e-01,-7.874279e+01,
+4.150000e+04,+3.664640e-02,-1.845354e-01,+1.881390e-01,-7.876791e+01,
+4.160000e+04,+3.648710e-02,-1.841527e-01,+1.877326e-01,-7.879284e+01,
+4.170000e+04,+3.631945e-02,-1.837254e-01,+1.872808e-01,-7.881774e+01,
+4.180000e+04,+3.616267e-02,-1.833489e-01,+1.868811e-01,-7.884251e+01,
+4.190000e+04,+3.599859e-02,-1.829320e-01,+1.864403e-01,-7.886720e+01,
+4.200000e+04,+3.583565e-02,-1.825166e-01,+1.860014e-01,-7.889175e+01,
+4.210000e+04,+3.567936e-02,-1.821324e-01,+1.855943e-01,-7.891623e+01,
+4.220000e+04,+3.551938e-02,-1.817242e-01,+1.851629e-01,-7.894053e+01,
+4.230000e+04,+3.536081e-02,-1.813213e-01,+1.847371e-01,-7.896482e+01,
+4.240000e+04,+3.521171e-02,-1.809613e-01,+1.843552e-01,-7.898889e+01,
+4.250000e+04,+3.505389e-02,-1.805515e-01,+1.839229e-01,-7.901276e+01,
+4.260000e+04,+3.490042e-02,-1.801624e-01,+1.835117e-01,-7.903665e+01,
+4.270000e+04,+3.474719e-02,-1.797697e-01,+1.830970e-01,-7.906036e+01,
+4.280000e+04,+3.459729e-02,-1.793927e-01,+1.826985e-01,-7.908408e+01,
+4.290000e+04,+3.444588e-02,-1.790025e-01,+1.822866e-01,-7.910757e+01,
+4.300000e+04,+3.429408e-02,-1.786083e-01,+1.818708e-01,-7.913107e+01,
+4.310000e+04,+3.414658e-02,-1.782320e-01,+1.814735e-01,-7.915440e+01,
+4.320000e+04,+3.400231e-02,-1.778673e-01,+1.810882e-01,-7.917752e+01,
+4.330000e+04,+3.385247e-02,-1.774756e-01,+1.806753e-01,-7.920087e+01,
+4.340000e+04,+3.370672e-02,-1.770979e-01,+1.802771e-01,-7.922388e+01,
+4.350000e+04,+3.356360e-02,-1.767306e-01,+1.798895e-01,-7.924679e+01,
+4.360000e+04,+3.342015e-02,-1.763609e-01,+1.794995e-01,-7.926975e+01,
+4.370000e+04,+3.327505e-02,-1.759754e-01,+1.790937e-01,-7.929240e+01,
+4.380000e+04,+3.313712e-02,-1.756262e-01,+1.787250e-01,-7.931505e+01,
+4.390000e+04,+3.299253e-02,-1.752388e-01,+1.783175e-01,-7.933762e+01,
+4.400000e+04,+3.285208e-02,-1.748698e-01,+1.779290e-01,-7.936009e+01,
+4.410000e+04,+3.271434e-02,-1.745106e-01,+1.775505e-01,-7.938237e+01,
+4.420000e+04,+3.257487e-02,-1.741396e-01,+1.771602e-01,-7.940460e+01,
+4.430000e+04,+3.244026e-02,-1.737920e-01,+1.767938e-01,-7.942677e+01,
+4.440000e+04,+3.230364e-02,-1.734316e-01,+1.764144e-01,-7.944891e+01,
+4.450000e+04,+3.216886e-02,-1.730770e-01,+1.760412e-01,-7.947090e+01,
+4.460000e+04,+3.203269e-02,-1.727098e-01,+1.756552e-01,-7.949268e+01,
+4.470000e+04,+3.189959e-02,-1.723591e-01,+1.752861e-01,-7.951455e+01,
+4.480000e+04,+3.176402e-02,-1.719918e-01,+1.749004e-01,-7.953632e+01,
+4.490000e+04,+3.163064e-02,-1.716308e-01,+1.745211e-01,-7.955785e+01,
+4.500000e+04,+3.149620e-02,-1.712614e-01,+1.741335e-01,-7.957933e+01,
+4.510000e+04,+3.136416e-02,-1.709013e-01,+1.737555e-01,-7.960067e+01,
+4.520000e+04,+3.123809e-02,-1.705713e-01,+1.734082e-01,-7.962196e+01,
+4.530000e+04,+3.110720e-02,-1.702120e-01,+1.730312e-01,-7.964317e+01,
+4.540000e+04,+3.097954e-02,-1.698684e-01,+1.726702e-01,-7.966433e+01,
+4.550000e+04,+3.085366e-02,-1.695310e-01,+1.723157e-01,-7.968538e+01,
+4.560000e+04,+3.072711e-02,-1.691883e-01,+1.719559e-01,-7.970641e+01,
+4.570000e+04,+3.060292e-02,-1.688541e-01,+1.716049e-01,-7.972729e+01,
+4.580000e+04,+3.047367e-02,-1.684902e-01,+1.712238e-01,-7.974812e+01,
+4.590000e+04,+3.035308e-02,-1.681714e-01,+1.708887e-01,-7.976889e+01,
+4.600000e+04,+3.023122e-02,-1.678425e-01,+1.705434e-01,-7.978955e+01,
+4.610000e+04,+3.010937e-02,-1.675077e-01,+1.701922e-01,-7.980994e+01,
+4.620000e+04,+2.998674e-02,-1.671718e-01,+1.698400e-01,-7.983061e+01,
+4.630000e+04,+2.986444e-02,-1.668306e-01,+1.694826e-01,-7.985094e+01,
+4.640000e+04,+2.974281e-02,-1.664916e-01,+1.691274e-01,-7.987126e+01,
+4.650000e+04,+2.962299e-02,-1.661594e-01,+1.687793e-01,-7.989146e+01,
+4.660000e+04,+2.950189e-02,-1.658187e-01,+1.684227e-01,-7.991169e+01,
+4.670000e+04,+2.938503e-02,-1.654952e-01,+1.680837e-01,-7.993159e+01,
+4.680000e+04,+2.926589e-02,-1.651604e-01,+1.677333e-01,-7.995168e+01,
+4.690000e+04,+2.915082e-02,-1.648433e-01,+1.674010e-01,-7.997151e+01,
+4.700000e+04,+2.903526e-02,-1.645193e-01,+1.670618e-01,-7.999118e+01,
+4.710000e+04,+2.891819e-02,-1.641854e-01,+1.667126e-01,-8.001087e+01,
+4.720000e+04,+2.880369e-02,-1.638646e-01,+1.663769e-01,-8.003054e+01,
+4.730000e+04,+2.868886e-02,-1.635369e-01,+1.660343e-01,-8.004999e+01,
+4.740000e+04,+2.857794e-02,-1.632306e-01,+1.657134e-01,-8.006947e+01,
+4.750000e+04,+2.846377e-02,-1.629014e-01,+1.653694e-01,-8.008876e+01,
+4.760000e+04,+2.835286e-02,-1.625887e-01,+1.650423e-01,-8.010800e+01,
+4.770000e+04,+2.824094e-02,-1.622683e-01,+1.647075e-01,-8.012720e+01,
+4.780000e+04,+2.813097e-02,-1.619586e-01,+1.643835e-01,-8.014646e+01,
+4.790000e+04,+2.802332e-02,-1.616556e-01,+1.640666e-01,-8.016540e+01,
+4.800000e+04,+2.791294e-02,-1.613371e-01,+1.637339e-01,-8.018442e+01,
+4.810000e+04,+2.780174e-02,-1.610103e-01,+1.633929e-01,-8.020330e+01,
+4.820000e+04,+2.769594e-02,-1.607125e-01,+1.630814e-01,-8.022212e+01,
+4.830000e+04,+2.758621e-02,-1.603923e-01,+1.627473e-01,-8.024104e+01,
+4.840000e+04,+2.747989e-02,-1.600859e-01,+1.624274e-01,-8.025970e+01,
+4.850000e+04,+2.737319e-02,-1.597756e-01,+1.621035e-01,-8.027831e+01,
+4.860000e+04,+2.726950e-02,-1.594805e-01,+1.617951e-01,-8.029686e+01,
+4.870000e+04,+2.716072e-02,-1.591531e-01,+1.614541e-01,-8.031532e+01,
+4.880000e+04,+2.705959e-02,-1.588678e-01,+1.611558e-01,-8.033370e+01,
+4.890000e+04,+2.695028e-02,-1.585322e-01,+1.608066e-01,-8.035201e+01,
+4.900000e+04,+2.684738e-02,-1.582321e-01,+1.604936e-01,-8.037028e+01,
+4.910000e+04,+2.674677e-02,-1.579434e-01,+1.601921e-01,-8.038848e+01,
+4.920000e+04,+2.664671e-02,-1.576576e-01,+1.598936e-01,-8.040673e+01,
+4.930000e+04,+2.654538e-02,-1.573596e-01,+1.595829e-01,-8.042477e+01,
+4.940000e+04,+2.643861e-02,-1.570276e-01,+1.592378e-01,-8.044279e+01,
+4.950000e+04,+2.634250e-02,-1.567538e-01,+1.589518e-01,-8.046057e+01,
+4.960000e+04,+2.624031e-02,-1.564445e-01,+1.586299e-01,-8.047845e+01,
+4.970000e+04,+2.614163e-02,-1.561535e-01,+1.583266e-01,-8.049625e+01,
+4.980000e+04,+2.604201e-02,-1.558524e-01,+1.580132e-01,-8.051385e+01,
+4.990000e+04,+2.594303e-02,-1.555538e-01,+1.577024e-01,-8.053144e+01,
+5.000000e+04,+2.584261e-02,-1.552452e-01,+1.573814e-01,-8.054902e+01,
+5.010000e+04,+2.574777e-02,-1.549663e-01,+1.570907e-01,-8.056644e+01,
+5.020000e+04,+2.565267e-02,-1.546850e-01,+1.567976e-01,-8.058386e+01,
+5.030000e+04,+2.555574e-02,-1.543911e-01,+1.564919e-01,-8.060128e+01,
+5.040000e+04,+2.545783e-02,-1.540875e-01,+1.561764e-01,-8.061852e+01,
+5.050000e+04,+2.536833e-02,-1.538342e-01,+1.559119e-01,-8.063580e+01,
+5.060000e+04,+2.527290e-02,-1.535416e-01,+1.556076e-01,-8.065294e+01,
+5.070000e+04,+2.517988e-02,-1.532614e-01,+1.553161e-01,-8.067001e+01,
+5.080000e+04,+2.508418e-02,-1.529627e-01,+1.550059e-01,-8.068702e+01,
+5.090000e+04,+2.499459e-02,-1.526992e-01,+1.547313e-01,-8.070396e+01,
+5.100000e+04,+2.490124e-02,-1.524129e-01,+1.544337e-01,-8.072099e+01,
+5.110000e+04,+2.480849e-02,-1.521248e-01,+1.541344e-01,-8.073774e+01,
+5.120000e+04,+2.472032e-02,-1.518635e-01,+1.538624e-01,-8.075449e+01,
+5.130000e+04,+2.462787e-02,-1.515722e-01,+1.535599e-01,-8.077106e+01,
+5.140000e+04,+2.454092e-02,-1.513165e-01,+1.532936e-01,-8.078783e+01,
+5.150000e+04,+2.444847e-02,-1.510212e-01,+1.529874e-01,-8.080429e+01,
+5.160000e+04,+2.435800e-02,-1.507359e-01,+1.526913e-01,-8.082069e+01,
+5.170000e+04,+2.427273e-02,-1.504820e-01,+1.524270e-01,-8.083712e+01,
+5.180000e+04,+2.418456e-02,-1.502074e-01,+1.521419e-01,-8.085343e+01,
+5.190000e+04,+2.409462e-02,-1.499183e-01,+1.518422e-01,-8.086959e+01,
+5.200000e+04,+2.400848e-02,-1.496536e-01,+1.515671e-01,-8.088586e+01,
+5.210000e+04,+2.392500e-02,-1.494034e-01,+1.513069e-01,-8.090207e+01,
+5.220000e+04,+2.383872e-02,-1.491321e-01,+1.510254e-01,-8.091811e+01,
+5.230000e+04,+2.375009e-02,-1.488452e-01,+1.507281e-01,-8.093417e+01,
+5.240000e+04,+2.366669e-02,-1.485884e-01,+1.504613e-01,-8.095012e+01,
+5.250000e+04,+2.357991e-02,-1.483083e-01,+1.501711e-01,-8.096601e+01,
+5.260000e+04,+2.349803e-02,-1.480560e-01,+1.499091e-01,-8.098178e+01,
+5.270000e+04,+2.341405e-02,-1.477895e-01,+1.496327e-01,-8.099754e+01,
+5.280000e+04,+2.333035e-02,-1.475246e-01,+1.493580e-01,-8.101335e+01,
+5.290000e+04,+2.324623e-02,-1.472521e-01,+1.490758e-01,-8.102893e+01,
+5.300000e+04,+2.316458e-02,-1.469960e-01,+1.488100e-01,-8.104460e+01,
+5.310000e+04,+2.308477e-02,-1.467505e-01,+1.485551e-01,-8.106027e+01,
+5.320000e+04,+2.300370e-02,-1.464927e-01,+1.482878e-01,-8.107574e+01,
+5.330000e+04,+2.291779e-02,-1.462039e-01,+1.479892e-01,-8.109125e+01,
+5.340000e+04,+2.283988e-02,-1.459631e-01,+1.477392e-01,-8.110664e+01,
+5.350000e+04,+2.275776e-02,-1.456936e-01,+1.474603e-01,-8.112197e+01,
+5.360000e+04,+2.267675e-02,-1.454291e-01,+1.471865e-01,-8.113724e+01,
+5.370000e+04,+2.259938e-02,-1.451855e-01,+1.469339e-01,-8.115241e+01,
+5.380000e+04,+2.251846e-02,-1.449178e-01,+1.466569e-01,-8.116756e+01,
+5.390000e+04,+2.244155e-02,-1.446759e-01,+1.464061e-01,-8.118276e+01,
+5.400000e+04,+2.236376e-02,-1.444249e-01,+1.461462e-01,-8.119783e+01,
+5.410000e+04,+2.228700e-02,-1.441798e-01,+1.458922e-01,-8.121288e+01,
+5.420000e+04,+2.220987e-02,-1.439293e-01,+1.456328e-01,-8.122781e+01,
+5.430000e+04,+2.213221e-02,-1.436755e-01,+1.453702e-01,-8.124282e+01,
+5.440000e+04,+2.205466e-02,-1.434188e-01,+1.451046e-01,-8.125764e+01,
+5.450000e+04,+2.197965e-02,-1.431763e-01,+1.448535e-01,-8.127239e+01,
+5.460000e+04,+2.190425e-02,-1.429301e-01,+1.445988e-01,-8.128712e+01,
+5.470000e+04,+2.182779e-02,-1.426755e-01,+1.443355e-01,-8.130180e+01,
+5.480000e+04,+2.175409e-02,-1.424367e-01,+1.440884e-01,-8.131642e+01,
+5.490000e+04,+2.168004e-02,-1.421960e-01,+1.438392e-01,-8.133110e+01,
+5.500000e+04,+2.160721e-02,-1.419589e-01,+1.435938e-01,-8.134557e+01,
+5.510000e+04,+2.153333e-02,-1.417142e-01,+1.433408e-01,-8.136005e+01,
+5.520000e+04,+2.145861e-02,-1.414618e-01,+1.430801e-01,-8.137444e+01,
+5.530000e+04,+2.138408e-02,-1.412106e-01,+1.428206e-01,-8.138890e+01,
+5.540000e+04,+2.130998e-02,-1.409609e-01,+1.425626e-01,-8.140331e+01,
+5.550000e+04,+2.124289e-02,-1.407524e-01,+1.423464e-01,-8.141747e+01,
+5.560000e+04,+2.117147e-02,-1.405172e-01,+1.421032e-01,-8.143179e+01,
+5.570000e+04,+2.109637e-02,-1.402546e-01,+1.418323e-01,-8.144598e+01,
+5.580000e+04,+2.102874e-02,-1.400413e-01,+1.416114e-01,-8.146021e+01,
+5.590000e+04,+2.095412e-02,-1.397781e-01,+1.413400e-01,-8.147427e+01,
+5.600000e+04,+2.088697e-02,-1.395640e-01,+1.411183e-01,-8.148835e+01,
+5.610000e+04,+2.081585e-02,-1.393191e-01,+1.408656e-01,-8.150222e+01,
+5.620000e+04,+2.074629e-02,-1.390882e-01,+1.406270e-01,-8.151635e+01,
+5.630000e+04,+2.067833e-02,-1.388647e-01,+1.403958e-01,-8.153033e+01,
+5.640000e+04,+2.060808e-02,-1.386230e-01,+1.401465e-01,-8.154417e+01,
+5.650000e+04,+2.054022e-02,-1.383948e-01,+1.399108e-01,-8.155792e+01,
+5.660000e+04,+2.047246e-02,-1.381653e-01,+1.396738e-01,-8.157159e+01,
+5.670000e+04,+2.040375e-02,-1.379296e-01,+1.394306e-01,-8.158533e+01,
+5.680000e+04,+2.033609e-02,-1.376989e-01,+1.391924e-01,-8.159898e+01,
+5.690000e+04,+2.026557e-02,-1.374467e-01,+1.389327e-01,-8.161256e+01,
+5.700000e+04,+2.019933e-02,-1.372206e-01,+1.386994e-01,-8.162601e+01,
+5.710000e+04,+2.013247e-02,-1.369919e-01,+1.384633e-01,-8.163960e+01,
+5.720000e+04,+2.006668e-02,-1.367681e-01,+1.382323e-01,-8.165308e+01,
+5.730000e+04,+2.000025e-02,-1.365392e-01,+1.379962e-01,-8.166657e+01,
+5.740000e+04,+1.993713e-02,-1.363300e-01,+1.377801e-01,-8.167995e+01,
+5.750000e+04,+1.986827e-02,-1.360803e-01,+1.375231e-01,-8.169328e+01,
+5.760000e+04,+1.980575e-02,-1.358712e-01,+1.373072e-01,-8.170648e+01,
+5.770000e+04,+1.973943e-02,-1.356357e-01,+1.370645e-01,-8.171971e+01,
+5.780000e+04,+1.967435e-02,-1.354080e-01,+1.368299e-01,-8.173295e+01,
+5.790000e+04,+1.961149e-02,-1.351935e-01,+1.366085e-01,-8.174610e+01,
+5.800000e+04,+1.954887e-02,-1.349817e-01,+1.363900e-01,-8.175936e+01,
+5.810000e+04,+1.948048e-02,-1.347248e-01,+1.361259e-01,-8.177235e+01,
+5.820000e+04,+1.941845e-02,-1.345108e-01,+1.359052e-01,-8.178532e+01,
+5.830000e+04,+1.935663e-02,-1.342968e-01,+1.356846e-01,-8.179826e+01,
+5.840000e+04,+1.929601e-02,-1.340944e-01,+1.354757e-01,-8.181142e+01,
+5.850000e+04,+1.923483e-02,-1.338840e-01,+1.352587e-01,-8.182437e+01,
+5.860000e+04,+1.917407e-02,-1.336767e-01,+1.350449e-01,-8.183739e+01,
+5.870000e+04,+1.911048e-02,-1.334447e-01,+1.348062e-01,-8.185014e+01,
+5.880000e+04,+1.904861e-02,-1.332258e-01,+1.345806e-01,-8.186300e+01,
+5.890000e+04,+1.898954e-02,-1.330250e-01,+1.343735e-01,-8.187581e+01,
+5.900000e+04,+1.892718e-02,-1.327974e-01,+1.341395e-01,-8.188845e+01,
+5.910000e+04,+1.886701e-02,-1.325853e-01,+1.339210e-01,-8.190112e+01,
+5.920000e+04,+1.880662e-02,-1.323697e-01,+1.336991e-01,-8.191374e+01,
+5.930000e+04,+1.874947e-02,-1.321745e-01,+1.334977e-01,-8.192623e+01,
+5.940000e+04,+1.868796e-02,-1.319488e-01,+1.332656e-01,-8.193879e+01,
+5.950000e+04,+1.862881e-02,-1.317425e-01,+1.330530e-01,-8.195155e+01,
+5.960000e+04,+1.856786e-02,-1.315160e-01,+1.328203e-01,-8.196391e+01,
+5.970000e+04,+1.851188e-02,-1.313229e-01,+1.326212e-01,-8.197619e+01,
+5.980000e+04,+1.845446e-02,-1.311213e-01,+1.324136e-01,-8.198862e+01,
+5.990000e+04,+1.839595e-02,-1.309121e-01,+1.321983e-01,-8.200108e+01,
+6.000000e+04,+1.833365e-02,-1.306719e-01,+1.319517e-01,-8.201337e+01,
+6.010000e+04,+1.827727e-02,-1.304705e-01,+1.317445e-01,-8.202547e+01,
+6.020000e+04,+1.822018e-02,-1.302644e-01,+1.315325e-01,-8.203765e+01,
+6.030000e+04,+1.816629e-02,-1.300794e-01,+1.313418e-01,-8.204975e+01,
+6.040000e+04,+1.810930e-02,-1.298736e-01,+1.311301e-01,-8.206197e+01,
+6.050000e+04,+1.805297e-02,-1.296687e-01,+1.309194e-01,-8.207401e+01,
+6.060000e+04,+1.799708e-02,-1.294664e-01,+1.307113e-01,-8.208604e+01,
+6.070000e+04,+1.793977e-02,-1.292530e-01,+1.304920e-01,-8.209806e+01,
+6.080000e+04,+1.788458e-02,-1.290541e-01,+1.302875e-01,-8.211008e+01,
+6.090000e+04,+1.782934e-02,-1.288534e-01,+1.300811e-01,-8.212205e+01,
+6.100000e+04,+1.777414e-02,-1.286519e-01,+1.298739e-01,-8.213398e+01,
+6.110000e+04,+1.771890e-02,-1.284486e-01,+1.296649e-01,-8.214587e+01,
+6.120000e+04,+1.766654e-02,-1.282653e-01,+1.294762e-01,-8.215774e+01,
+6.130000e+04,+1.761008e-02,-1.280482e-01,+1.292534e-01,-8.216940e+01,
+6.140000e+04,+1.755788e-02,-1.278633e-01,+1.290632e-01,-8.218118e+01,
+6.150000e+04,+1.750283e-02,-1.276564e-01,+1.288507e-01,-8.219291e+01,
+6.160000e+04,+1.745075e-02,-1.274649e-01,+1.286539e-01,-8.220431e+01,
+6.170000e+04,+1.739427e-02,-1.272472e-01,+1.284305e-01,-8.221609e+01,
+6.180000e+04,+1.734223e-02,-1.270552e-01,+1.282332e-01,-8.222751e+01,
+6.190000e+04,+1.729183e-02,-1.268734e-01,+1.280463e-01,-8.223885e+01,
+6.200000e+04,+1.723752e-02,-1.266656e-01,+1.278331e-01,-8.225040e+01,
+6.210000e+04,+1.718534e-02,-1.264707e-01,+1.276330e-01,-8.226181e+01,
+6.220000e+04,+1.713459e-02,-1.262871e-01,+1.274442e-01,-8.227331e+01,
+6.230000e+04,+1.708056e-02,-1.260754e-01,+1.272272e-01,-8.228461e+01,
+6.240000e+04,+1.703113e-02,-1.258967e-01,+1.270434e-01,-8.229587e+01,
+6.250000e+04,+1.697799e-02,-1.256912e-01,+1.268327e-01,-8.230721e+01,
+6.260000e+04,+1.692825e-02,-1.255068e-01,+1.266433e-01,-8.231834e+01,
+6.270000e+04,+1.687525e-02,-1.252985e-01,+1.264297e-01,-8.232953e+01,
+6.280000e+04,+1.682563e-02,-1.251150e-01,+1.262413e-01,-8.234073e+01,
+6.290000e+04,+1.677837e-02,-1.249461e-01,+1.260676e-01,-8.235178e+01,
+6.300000e+04,+1.672792e-02,-1.247554e-01,+1.258719e-01,-8.236300e+01,
+6.310000e+04,+1.667591e-02,-1.245578e-01,+1.256692e-01,-8.237453e+01,
+6.320000e+04,+1.662737e-02,-1.243794e-01,+1.254859e-01,-8.238569e+01,
+6.330000e+04,+1.657589e-02,-1.241797e-01,+1.252811e-01,-8.239692e+01,
+6.340000e+04,+1.652908e-02,-1.240099e-01,+1.251066e-01,-8.240788e+01,
+6.350000e+04,+1.647940e-02,-1.238196e-01,+1.249114e-01,-8.241894e+01,
+6.360000e+04,+1.643080e-02,-1.236372e-01,+1.247243e-01,-8.243002e+01,
+6.370000e+04,+1.638204e-02,-1.234495e-01,+1.245317e-01,-8.244088e+01,
+6.380000e+04,+1.633365e-02,-1.232635e-01,+1.243410e-01,-8.245171e+01,
+6.390000e+04,+1.628603e-02,-1.230836e-01,+1.241564e-01,-8.246259e+01,
+6.400000e+04,+1.623814e-02,-1.229025e-01,+1.239706e-01,-8.247355e+01,
+6.410000e+04,+1.618988e-02,-1.227145e-01,+1.237779e-01,-8.248429e+01,
+6.420000e+04,+1.614209e-02,-1.225299e-01,+1.235886e-01,-8.249507e+01,
+6.430000e+04,+1.609628e-02,-1.223582e-01,+1.234124e-01,-8.250574e+01,
+6.440000e+04,+1.604748e-02,-1.221614e-01,+1.232109e-01,-8.251630e+01,
+6.450000e+04,+1.600025e-02,-1.219765e-01,+1.230214e-01,-8.252690e+01,
+6.460000e+04,+1.595391e-02,-1.217976e-01,+1.228381e-01,-8.253748e+01,
+6.470000e+04,+1.590699e-02,-1.216112e-01,+1.226471e-01,-8.254790e+01,
+6.480000e+04,+1.586170e-02,-1.214385e-01,+1.224700e-01,-8.255843e+01,
+6.490000e+04,+1.581507e-02,-1.212514e-01,+1.222785e-01,-8.256874e+01,
+6.500000e+04,+1.576824e-02,-1.210652e-01,+1.220877e-01,-8.257923e+01,
+6.510000e+04,+1.572329e-02,-1.208935e-01,+1.219117e-01,-8.258975e+01,
+6.520000e+04,+1.567871e-02,-1.207225e-01,+1.217364e-01,-8.260019e+01,
+6.530000e+04,+1.563365e-02,-1.205460e-01,+1.215555e-01,-8.261053e+01,
+6.540000e+04,+1.558817e-02,-1.203666e-01,+1.213718e-01,-8.262093e+01,
+6.550000e+04,+1.554298e-02,-1.201883e-01,+1.211891e-01,-8.263129e+01,
+6.560000e+04,+1.549754e-02,-1.200048e-01,+1.210014e-01,-8.264149e+01,
+6.570000e+04,+1.545287e-02,-1.198285e-01,+1.208208e-01,-8.265179e+01,
+6.580000e+04,+1.540855e-02,-1.196529e-01,+1.206410e-01,-8.266199e+01,
+6.590000e+04,+1.536453e-02,-1.194807e-01,+1.204645e-01,-8.267230e+01,
+6.600000e+04,+1.532173e-02,-1.193146e-01,+1.202943e-01,-8.268243e+01,
+6.610000e+04,+1.527755e-02,-1.191388e-01,+1.201143e-01,-8.269266e+01,
+6.620000e+04,+1.523425e-02,-1.189669e-01,+1.199383e-01,-8.270272e+01,
+6.630000e+04,+1.519198e-02,-1.188035e-01,+1.197709e-01,-8.271286e+01,
+6.640000e+04,+1.514695e-02,-1.186161e-01,+1.195792e-01,-8.272286e+01,
+6.650000e+04,+1.510885e-02,-1.184835e-01,+1.194429e-01,-8.273293e+01,
+6.660000e+04,+1.506363e-02,-1.182947e-01,+1.192499e-01,-8.274301e+01,
+6.670000e+04,+1.502153e-02,-1.181263e-01,+1.190776e-01,-8.275288e+01,
+6.680000e+04,+1.497946e-02,-1.179620e-01,+1.189092e-01,-8.276299e+01,
+6.690000e+04,+1.493629e-02,-1.177851e-01,+1.187284e-01,-8.277292e+01,
+6.700000e+04,+1.489351e-02,-1.176071e-01,+1.185464e-01,-8.278260e+01,
+6.710000e+04,+1.485220e-02,-1.174405e-01,+1.183759e-01,-8.279230e+01,
+6.720000e+04,+1.481058e-02,-1.172715e-01,+1.182030e-01,-8.280204e+01,
+6.730000e+04,+1.477106e-02,-1.171193e-01,+1.180471e-01,-8.281182e+01,
+6.740000e+04,+1.472922e-02,-1.169480e-01,+1.178719e-01,-8.282158e+01,
+6.750000e+04,+1.468823e-02,-1.167835e-01,+1.177036e-01,-8.283137e+01,
+6.760000e+04,+1.464674e-02,-1.166121e-01,+1.175283e-01,-8.284100e+01,
+6.770000e+04,+1.460509e-02,-1.164433e-01,+1.173557e-01,-8.285091e+01,
+6.780000e+04,+1.456312e-02,-1.162712e-01,+1.171796e-01,-8.286079e+01,
+6.790000e+04,+1.452238e-02,-1.161031e-01,+1.170078e-01,-8.287036e+01,
+6.800000e+04,+1.448448e-02,-1.159584e-01,+1.168595e-01,-8.288000e+01,
+6.810000e+04,+1.444209e-02,-1.157761e-01,+1.166734e-01,-8.288956e+01,
+6.820000e+04,+1.440281e-02,-1.156189e-01,+1.165125e-01,-8.289915e+01,
+6.830000e+04,+1.436428e-02,-1.154664e-01,+1.163564e-01,-8.290871e+01,
+6.840000e+04,+1.432646e-02,-1.153172e-01,+1.162037e-01,-8.291813e+01,
+6.850000e+04,+1.428428e-02,-1.151349e-01,+1.160176e-01,-8.292770e+01,
+6.860000e+04,+1.424636e-02,-1.149842e-01,+1.158634e-01,-8.293713e+01,
+6.870000e+04,+1.420872e-02,-1.148346e-01,+1.157103e-01,-8.294652e+01,
+6.880000e+04,+1.416746e-02,-1.146550e-01,+1.155270e-01,-8.295589e+01,
+6.890000e+04,+1.412977e-02,-1.145034e-01,+1.153719e-01,-8.296523e+01,
+6.900000e+04,+1.409169e-02,-1.143489e-01,+1.152139e-01,-8.297462e+01,
+6.910000e+04,+1.405264e-02,-1.141849e-01,+1.150464e-01,-8.298393e+01,
+6.920000e+04,+1.401312e-02,-1.140158e-01,+1.148737e-01,-8.299319e+01,
+6.930000e+04,+1.397823e-02,-1.138828e-01,+1.147374e-01,-8.300238e+01,
+6.940000e+04,+1.393927e-02,-1.137192e-01,+1.145703e-01,-8.301176e+01,
+6.950000e+04,+1.390126e-02,-1.135580e-01,+1.144057e-01,-8.302082e+01,
+6.960000e+04,+1.386471e-02,-1.134108e-01,+1.142552e-01,-8.303005e+01,
+6.970000e+04,+1.382419e-02,-1.132316e-01,+1.140723e-01,-8.303934e+01,
+6.980000e+04,+1.378744e-02,-1.130795e-01,+1.139169e-01,-8.304841e+01,
+6.990000e+04,+1.375139e-02,-1.129343e-01,+1.137685e-01,-8.305757e+01,
+7.000000e+04,+1.371357e-02,-1.127707e-01,+1.136014e-01,-8.306654e+01,
+7.010000e+04,+1.367680e-02,-1.126172e-01,+1.134446e-01,-8.307561e+01,
+7.020000e+04,+1.363981e-02,-1.124602e-01,+1.132843e-01,-8.308461e+01,
+7.030000e+04,+1.360166e-02,-1.122947e-01,+1.131154e-01,-8.309370e+01,
+7.040000e+04,+1.356744e-02,-1.121574e-01,+1.129750e-01,-8.310256e+01,
+7.050000e+04,+1.353199e-02,-1.120110e-01,+1.128255e-01,-8.311151e+01,
+7.060000e+04,+1.349563e-02,-1.118555e-01,+1.126667e-01,-8.312038e+01,
+7.070000e+04,+1.345879e-02,-1.116961e-01,+1.125040e-01,-8.312928e+01,
+7.080000e+04,+1.342169e-02,-1.115315e-01,+1.123362e-01,-8.313802e+01,
+7.090000e+04,+1.338575e-02,-1.113773e-01,+1.121788e-01,-8.314684e+01,
+7.100000e+04,+1.335082e-02,-1.112331e-01,+1.120315e-01,-8.315578e+01,
+7.110000e+04,+1.331553e-02,-1.110827e-01,+1.118779e-01,-8.316454e+01,
+7.120000e+04,+1.328103e-02,-1.109377e-01,+1.117299e-01,-8.317326e+01,
+7.130000e+04,+1.324570e-02,-1.107877e-01,+1.115767e-01,-8.318211e+01,
+7.140000e+04,+1.321049e-02,-1.106358e-01,+1.114217e-01,-8.319082e+01,
+7.150000e+04,+1.317507e-02,-1.104852e-01,+1.112680e-01,-8.319975e+01,
+7.160000e+04,+1.314206e-02,-1.103498e-01,+1.111296e-01,-8.320837e+01,
+7.170000e+04,+1.310883e-02,-1.102112e-01,+1.109881e-01,-8.321694e+01,
+7.180000e+04,+1.307271e-02,-1.100513e-01,+1.108251e-01,-8.322572e+01,
+7.190000e+04,+1.303744e-02,-1.098949e-01,+1.106656e-01,-8.323430e+01,
+7.200000e+04,+1.300430e-02,-1.097551e-01,+1.105228e-01,-8.324282e+01,
+7.210000e+04,+1.297014e-02,-1.096090e-01,+1.103737e-01,-8.325151e+01,
+7.220000e+04,+1.293445e-02,-1.094454e-01,+1.102070e-01,-8.325994e+01,
+7.230000e+04,+1.290182e-02,-1.093095e-01,+1.100682e-01,-8.326850e+01,
+7.240000e+04,+1.286732e-02,-1.091576e-01,+1.099134e-01,-8.327708e+01,
+7.250000e+04,+1.283444e-02,-1.090163e-01,+1.097692e-01,-8.328549e+01,
+7.260000e+04,+1.280093e-02,-1.088696e-01,+1.096196e-01,-8.329393e+01,
+7.270000e+04,+1.276839e-02,-1.087322e-01,+1.094793e-01,-8.330244e+01,
+7.280000e+04,+1.273407e-02,-1.085766e-01,+1.093208e-01,-8.331080e+01,
+7.290000e+04,+1.270114e-02,-1.084329e-01,+1.091742e-01,-8.331917e+01,
+7.300000e+04,+1.266947e-02,-1.082992e-01,+1.090377e-01,-8.332753e+01,
+7.310000e+04,+1.263672e-02,-1.081531e-01,+1.088889e-01,-8.333572e+01,
+7.320000e+04,+1.260285e-02,-1.079985e-01,+1.087313e-01,-8.334398e+01,
+7.330000e+04,+1.256987e-02,-1.078512e-01,+1.085813e-01,-8.335226e+01,
+7.340000e+04,+1.253849e-02,-1.077189e-01,+1.084462e-01,-8.336063e+01,
+7.350000e+04,+1.250582e-02,-1.075753e-01,+1.082997e-01,-8.336902e+01,
+7.360000e+04,+1.247592e-02,-1.074498e-01,+1.081717e-01,-8.337708e+01,
+7.370000e+04,+1.244284e-02,-1.072976e-01,+1.080167e-01,-8.338520e+01,
+7.380000e+04,+1.241117e-02,-1.071580e-01,+1.078744e-01,-8.339337e+01,
+7.390000e+04,+1.237980e-02,-1.070196e-01,+1.077333e-01,-8.340147e+01,
+7.400000e+04,+1.234934e-02,-1.068883e-01,+1.075993e-01,-8.340955e+01,
+7.410000e+04,+1.231597e-02,-1.067335e-01,+1.074418e-01,-8.341776e+01,
+7.420000e+04,+1.228483e-02,-1.065945e-01,+1.073001e-01,-8.342577e+01,
+7.430000e+04,+1.225444e-02,-1.064643e-01,+1.071672e-01,-8.343392e+01,
+7.440000e+04,+1.222330e-02,-1.063253e-01,+1.070256e-01,-8.344198e+01,
+7.450000e+04,+1.219212e-02,-1.061851e-01,+1.068828e-01,-8.345000e+01,
+7.460000e+04,+1.216175e-02,-1.060497e-01,+1.067448e-01,-8.345791e+01,
+7.470000e+04,+1.213204e-02,-1.059181e-01,+1.066106e-01,-8.346571e+01,
+7.480000e+04,+1.210159e-02,-1.057836e-01,+1.064736e-01,-8.347375e+01,
+7.490000e+04,+1.207020e-02,-1.056373e-01,+1.063246e-01,-8.348160e+01,
+7.500000e+04,+1.203989e-02,-1.055018e-01,+1.061866e-01,-8.348955e+01,
+7.510000e+04,+1.201006e-02,-1.053691e-01,+1.060513e-01,-8.349744e+01,
+7.520000e+04,+1.198060e-02,-1.052394e-01,+1.059192e-01,-8.350532e+01,
+7.530000e+04,+1.195033e-02,-1.050996e-01,+1.057769e-01,-8.351305e+01,
+7.540000e+04,+1.192076e-02,-1.049697e-01,+1.056444e-01,-8.352103e+01,
+7.550000e+04,+1.189067e-02,-1.048346e-01,+1.055068e-01,-8.352898e+01,
+7.560000e+04,+1.186041e-02,-1.046909e-01,+1.053606e-01,-8.353652e+01,
+7.570000e+04,+1.183124e-02,-1.045612e-01,+1.052285e-01,-8.354436e+01,
+7.580000e+04,+1.180318e-02,-1.044400e-01,+1.051049e-01,-8.355213e+01,
+7.590000e+04,+1.177328e-02,-1.042970e-01,+1.049594e-01,-8.355959e+01,
+7.600000e+04,+1.174603e-02,-1.041807e-01,+1.048408e-01,-8.356725e+01,
+7.610000e+04,+1.171521e-02,-1.040352e-01,+1.046927e-01,-8.357509e+01,
+7.620000e+04,+1.168634e-02,-1.039015e-01,+1.045566e-01,-8.358260e+01,
+7.630000e+04,+1.165822e-02,-1.037744e-01,+1.044272e-01,-8.359015e+01,
+7.640000e+04,+1.162823e-02,-1.036357e-01,+1.042861e-01,-8.359801e+01,
+7.650000e+04,+1.159957e-02,-1.035025e-01,+1.041505e-01,-8.360551e+01,
+7.660000e+04,+1.157179e-02,-1.033753e-01,+1.040209e-01,-8.361291e+01,
+7.670000e+04,+1.154213e-02,-1.032373e-01,+1.038805e-01,-8.362070e+01,
+7.680000e+04,+1.151458e-02,-1.031158e-01,+1.037567e-01,-8.362837e+01,
+7.690000e+04,+1.148690e-02,-1.029903e-01,+1.036289e-01,-8.363588e+01,
+7.700000e+04,+1.145829e-02,-1.028566e-01,+1.034928e-01,-8.364342e+01,
+7.710000e+04,+1.143002e-02,-1.027271e-01,+1.033611e-01,-8.365105e+01,
+7.720000e+04,+1.140305e-02,-1.026061e-01,+1.032378e-01,-8.365849e+01,
+7.730000e+04,+1.137433e-02,-1.024680e-01,+1.030974e-01,-8.366588e+01,
+7.740000e+04,+1.134710e-02,-1.023437e-01,+1.029709e-01,-8.367331e+01,
+7.750000e+04,+1.131931e-02,-1.022110e-01,+1.028358e-01,-8.368055e+01,
+7.760000e+04,+1.129150e-02,-1.020809e-01,+1.027035e-01,-8.368798e+01,
+7.770000e+04,+1.126371e-02,-1.019486e-01,+1.025689e-01,-8.369528e+01,
+7.780000e+04,+1.123644e-02,-1.018223e-01,+1.024404e-01,-8.370269e+01,
+7.790000e+04,+1.120907e-02,-1.016931e-01,+1.023090e-01,-8.370999e+01,
+7.800000e+04,+1.118340e-02,-1.015796e-01,+1.021934e-01,-8.371732e+01,
+7.810000e+04,+1.115698e-02,-1.014575e-01,+1.020691e-01,-8.372456e+01,
+7.820000e+04,+1.112926e-02,-1.013256e-01,+1.019349e-01,-8.373194e+01,
+7.830000e+04,+1.110248e-02,-1.011973e-01,+1.018045e-01,-8.373904e+01,
+7.840000e+04,+1.107565e-02,-1.010677e-01,+1.016727e-01,-8.374611e+01,
+7.850000e+04,+1.104953e-02,-1.009468e-01,+1.015497e-01,-8.375332e+01,
+7.860000e+04,+1.102240e-02,-1.008175e-01,+1.014182e-01,-8.376061e+01,
+7.870000e+04,+1.099573e-02,-1.006915e-01,+1.012901e-01,-8.376786e+01,
+7.880000e+04,+1.096900e-02,-1.005623e-01,+1.011587e-01,-8.377497e+01,
+7.890000e+04,+1.094391e-02,-1.004515e-01,+1.010459e-01,-8.378230e+01,
+7.900000e+04,+1.091856e-02,-1.003324e-01,+1.009248e-01,-8.378928e+01,
+7.910000e+04,+1.089181e-02,-1.002042e-01,+1.007944e-01,-8.379651e+01,
+7.920000e+04,+1.086575e-02,-1.000776e-01,+1.006658e-01,-8.380348e+01,
+7.930000e+04,+1.084039e-02,-9.995881e-02,+1.005449e-01,-8.381055e+01,
+7.940000e+04,+1.081348e-02,-9.982786e-02,+1.004118e-01,-8.381775e+01,
+7.950000e+04,+1.078819e-02,-9.970918e-02,+1.002911e-01,-8.382481e+01,
+7.960000e+04,+1.076287e-02,-9.958897e-02,+1.001689e-01,-8.383181e+01,
+7.970000e+04,+1.073760e-02,-9.947152e-02,+1.000494e-01,-8.383897e+01,
+7.980000e+04,+1.071258e-02,-9.935475e-02,+9.993061e-02,-8.384605e+01,
+7.990000e+04,+1.068706e-02,-9.923189e-02,+9.980572e-02,-8.385305e+01,
+8.000000e+04,+1.066288e-02,-9.911867e-02,+9.969056e-02,-8.385990e+01,
