Datos provenientes de SR865 
F,X,Y,R,T,



+1.000000e+04,+1.011577e+00,-8.002607e-04,+1.011578e+00,-4.532684e-02,
+2.000000e+04,+1.011574e+00,-8.181927e-04,+1.011574e+00,-4.634112e-02,
+3.000000e+04,+1.012079e+00,-3.082148e-03,+1.012084e+00,-1.744857e-01,
+4.000000e+04,+1.012058e+00,-5.477857e-03,+1.012072e+00,-3.101162e-01,
+5.000000e+04,+1.011868e+00,-7.792000e-03,+1.011898e+00,-4.412029e-01,
+6.000000e+04,+1.011710e+00,-9.957085e-03,+1.011759e+00,-5.638782e-01,
+7.000000e+04,+1.011624e+00,-1.202728e-02,+1.011696e+00,-6.811610e-01,
+8.000000e+04,+1.011587e+00,-1.405063e-02,+1.011684e+00,-7.957699e-01,
+9.000000e+04,+1.011525e+00,-1.603476e-02,+1.011652e+00,-9.081812e-01,
+1.000000e+05,+1.011436e+00,-1.799146e-02,+1.011596e+00,-1.019073e+00,
+1.100000e+05,+1.011290e+00,-1.996947e-02,+1.011487e+00,-1.131247e+00,
+1.200000e+05,+1.011046e+00,-2.197896e-02,+1.011285e+00,-1.245347e+00,
+1.300000e+05,+1.010809e+00,-2.400190e-02,+1.011094e+00,-1.360246e+00,
+1.400000e+05,+1.010685e+00,-2.597552e-02,+1.011019e+00,-1.472229e+00,
+1.500000e+05,+1.010519e+00,-2.794355e-02,+1.010906e+00,-1.583977e+00,
+1.600000e+05,+1.010342e+00,-2.994618e-02,+1.010786e+00,-1.697729e+00,
+1.700000e+05,+1.010292e+00,-3.188339e-02,+1.010795e+00,-1.807574e+00,
+1.800000e+05,+1.010242e+00,-3.381126e-02,+1.010808e+00,-1.916886e+00,
+1.900000e+05,+1.010193e+00,-3.578097e-02,+1.010827e+00,-2.028563e+00,
+2.000000e+05,+1.010141e+00,-3.773024e-02,+1.010845e+00,-2.139085e+00,
+2.100000e+05,+1.010010e+00,-3.967997e-02,+1.010789e+00,-2.249804e+00,
+2.200000e+05,+1.009861e+00,-4.160120e-02,+1.010717e+00,-2.358965e+00,
+2.300000e+05,+1.009858e+00,-4.354468e-02,+1.010796e+00,-2.469042e+00,
+2.400000e+05,+1.009827e+00,-4.549926e-02,+1.010851e+00,-2.579802e+00,
+2.500000e+05,+1.009718e+00,-4.738798e-02,+1.010829e+00,-2.687029e+00,
+2.600000e+05,+1.009528e+00,-4.933752e-02,+1.010733e+00,-2.797925e+00,
+2.700000e+05,+1.009436e+00,-5.127675e-02,+1.010738e+00,-2.907979e+00,
+2.800000e+05,+1.009335e+00,-5.329241e-02,+1.010741e+00,-3.022384e+00,
+2.900000e+05,+1.009162e+00,-5.522436e-02,+1.010672e+00,-3.132273e+00,
+3.000000e+05,+1.008954e+00,-5.719355e-02,+1.010574e+00,-3.244394e+00,
+3.100000e+05,+1.008695e+00,-5.917915e-02,+1.010429e+00,-3.357639e+00,
+3.200000e+05,+1.008481e+00,-6.111611e-02,+1.010331e+00,-3.468004e+00,
+3.300000e+05,+1.008383e+00,-6.311973e-02,+1.010356e+00,-3.581756e+00,
+3.400000e+05,+1.008253e+00,-6.506430e-02,+1.010350e+00,-3.692274e+00,
+3.500000e+05,+1.008005e+00,-6.701827e-02,+1.010230e+00,-3.803771e+00,
+3.600000e+05,+1.007751e+00,-6.897859e-02,+1.010108e+00,-3.915679e+00,
+3.700000e+05,+1.007553e+00,-7.090109e-02,+1.010045e+00,-4.025244e+00,
+3.800000e+05,+1.007304e+00,-7.280730e-02,+1.009932e+00,-4.134114e+00,
+3.900000e+05,+1.006981e+00,-7.473275e-02,+1.009750e+00,-4.244406e+00,
+4.000000e+05,+1.006805e+00,-7.666651e-02,+1.009720e+00,-4.354573e+00,
+4.100000e+05,+1.006644e+00,-7.864174e-02,+1.009712e+00,-4.467027e+00,
+4.200000e+05,+1.006393e+00,-8.056675e-02,+1.009613e+00,-4.577048e+00,
+4.300000e+05,+1.006185e+00,-8.247788e-02,+1.009559e+00,-4.686109e+00,
+4.400000e+05,+1.005980e+00,-8.439057e-02,+1.009514e+00,-4.795250e+00,
+4.500000e+05,+1.005802e+00,-8.631199e-02,+1.009499e+00,-4.904767e+00,
+4.600000e+05,+1.005558e+00,-8.826581e-02,+1.009425e+00,-5.016448e+00,
+4.700000e+05,+1.005272e+00,-9.019379e-02,+1.009310e+00,-5.126897e+00,
+4.800000e+05,+1.004967e+00,-9.212675e-02,+1.009181e+00,-5.237746e+00,
+4.900000e+05,+1.004648e+00,-9.409747e-02,+1.009045e+00,-5.350835e+00,
+5.000000e+05,+1.004344e+00,-9.602025e-02,+1.008923e+00,-5.461163e+00,
+5.100000e+05,+1.004007e+00,-9.798795e-02,+1.008777e+00,-5.574237e+00,
+5.200000e+05,+1.003697e+00,-9.989358e-02,+1.008656e+00,-5.683680e+00,
+5.300000e+05,+1.003429e+00,-1.018018e-01,+1.008580e+00,-5.793060e+00,
+5.400000e+05,+1.003085e+00,-1.036975e-01,+1.008431e+00,-5.902190e+00,
+5.500000e+05,+1.002726e+00,-1.055361e-01,+1.008265e+00,-6.008210e+00,
+5.600000e+05,+1.002367e+00,-1.074447e-01,+1.008109e+00,-6.118234e+00,
+5.700000e+05,+1.001998e+00,-1.092871e-01,+1.007941e+00,-6.224595e+00,
+5.800000e+05,+1.001534e+00,-1.111271e-01,+1.007680e+00,-6.331464e+00,
+5.900000e+05,+1.001055e+00,-1.129666e-01,+1.007409e+00,-6.438444e+00,
+6.000000e+05,+1.000798e+00,-1.148229e-01,+1.007363e+00,-6.545008e+00,
+6.100000e+05,+1.000536e+00,-1.167008e-01,+1.007319e+00,-6.652822e+00,
+6.200000e+05,+1.000144e+00,-1.185201e-01,+1.007142e+00,-6.758207e+00,
+6.300000e+05,+9.997885e-01,-1.203358e-01,+1.007004e+00,-6.863177e+00,
+6.400000e+05,+9.994023e-01,-1.221905e-01,+1.006844e+00,-6.970592e+00,
+6.500000e+05,+9.990067e-01,-1.240343e-01,+1.006677e+00,-7.077491e+00,
+6.600000e+05,+9.986472e-01,-1.258783e-01,+1.006549e+00,-7.184179e+00,
+6.700000e+05,+9.983401e-01,-1.277306e-01,+1.006478e+00,-7.290982e+00,
+6.800000e+05,+9.981203e-01,-1.295629e-01,+1.006494e+00,-7.396031e+00,
+6.900000e+05,+9.977418e-01,-1.313840e-01,+1.006355e+00,-7.501626e+00,
+7.000000e+05,+9.973613e-01,-1.332226e-01,+1.006220e+00,-7.608253e+00,
+7.100000e+05,+9.971011e-01,-1.350671e-01,+1.006208e+00,-7.714319e+00,
+7.200000e+05,+9.968057e-01,-1.369256e-01,+1.006166e+00,-7.821451e+00,
+7.300000e+05,+9.965167e-01,-1.387907e-01,+1.006135e+00,-7.928908e+00,
+7.400000e+05,+9.961399e-01,-1.406636e-01,+1.006022e+00,-8.037520e+00,
+7.500000e+05,+9.957439e-01,-1.425475e-01,+1.005896e+00,-8.146928e+00,
+7.600000e+05,+9.953617e-01,-1.444072e-01,+1.005782e+00,-8.254881e+00,
+7.700000e+05,+9.949335e-01,-1.462723e-01,+1.005628e+00,-8.363549e+00,
+7.800000e+05,+9.945673e-01,-1.481361e-01,+1.005539e+00,-8.471654e+00,
+7.900000e+05,+9.942693e-01,-1.499680e-01,+1.005516e+00,-8.577404e+00,
+8.000000e+05,+9.939205e-01,-1.518223e-01,+1.005449e+00,-8.684854e+00,
+8.100000e+05,+9.935530e-01,-1.537111e-01,+1.005373e+00,-8.794421e+00,
+8.200000e+05,+9.932180e-01,-1.556063e-01,+1.005333e+00,-8.904085e+00,
+8.300000e+05,+9.928396e-01,-1.575087e-01,+1.005256e+00,-9.014541e+00,
+8.400000e+05,+9.924232e-01,-1.593745e-01,+1.005139e+00,-9.123303e+00,
+8.500000e+05,+9.919171e-01,-1.613035e-01,+1.004947e+00,-9.236471e+00,
+8.600000e+05,+9.914379e-01,-1.631683e-01,+1.004775e+00,-9.345816e+00,
+8.700000e+05,+9.909101e-01,-1.651000e-01,+1.004570e+00,-9.459417e+00,
+8.800000e+05,+9.903093e-01,-1.669744e-01,+1.004287e+00,-9.570532e+00,
+8.900000e+05,+9.897772e-01,-1.688469e-01,+1.004076e+00,-9.680941e+00,
+9.000000e+05,+9.891117e-01,-1.706802e-01,+1.003730e+00,-9.790492e+00,
+9.100000e+05,+9.884931e-01,-1.725132e-01,+1.003434e+00,-9.899633e+00,
+9.200000e+05,+9.880269e-01,-1.744263e-01,+1.003305e+00,-1.001184e+01,
+9.300000e+05,+9.875392e-01,-1.763290e-01,+1.003158e+00,-1.012370e+01,
+9.400000e+05,+9.870040e-01,-1.782093e-01,+1.002963e+00,-1.023482e+01,
+9.500000e+05,+9.864870e-01,-1.801011e-01,+1.002793e+00,-1.034643e+01,
+9.600000e+05,+9.860200e-01,-1.820099e-01,+1.002678e+00,-1.045853e+01,
+9.700000e+05,+9.855980e-01,-1.838990e-01,+1.002608e+00,-1.056907e+01,
+9.800000e+05,+9.850764e-01,-1.857982e-01,+1.002445e+00,-1.068125e+01,
+9.900000e+05,+9.845814e-01,-1.876214e-01,+1.002298e+00,-1.078891e+01,
+1.000000e+06,+9.841267e-01,-1.895066e-01,+1.002207e+00,-1.089965e+01,
+1.010000e+06,+9.836865e-01,-1.913891e-01,+1.002132e+00,-1.101009e+01,
+1.020000e+06,+9.832433e-01,-1.932531e-01,+1.002055e+00,-1.111955e+01,
+1.030000e+06,+9.825957e-01,-1.951117e-01,+1.001780e+00,-1.123100e+01,
+1.040000e+06,+9.819587e-01,-1.969917e-01,+1.001523e+00,-1.134359e+01,
+1.050000e+06,+9.814280e-01,-1.988882e-01,+1.001378e+00,-1.145595e+01,
+1.060000e+06,+9.808671e-01,-2.007379e-01,+1.001197e+00,-1.156607e+01,
+1.070000e+06,+9.803923e-01,-2.026523e-01,+1.001118e+00,-1.167886e+01,
+1.080000e+06,+9.798801e-01,-2.044956e-01,+1.000991e+00,-1.178812e+01,
+1.090000e+06,+9.793495e-01,-2.063199e-01,+1.000846e+00,-1.189656e+01,
+1.100000e+06,+9.787883e-01,-2.081949e-01,+1.000686e+00,-1.200823e+01,
+1.110000e+06,+9.782707e-01,-2.100406e-01,+1.000565e+00,-1.211778e+01,
+1.120000e+06,+9.776074e-01,-2.118751e-01,+1.000304e+00,-1.222849e+01,
+1.130000e+06,+9.768810e-01,-2.136963e-01,+9.999812e-01,-1.233928e+01,
+1.140000e+06,+9.763510e-01,-2.155512e-01,+9.998618e-01,-1.244961e+01,
+1.150000e+06,+9.758621e-01,-2.173979e-01,+9.997844e-01,-1.255900e+01,
+1.160000e+06,+9.752595e-01,-2.192699e-01,+9.996051e-01,-1.267124e+01,
+1.170000e+06,+9.746454e-01,-2.211134e-01,+9.994122e-01,-1.278208e+01,
+1.180000e+06,+9.740025e-01,-2.229378e-01,+9.991907e-01,-1.289226e+01,
+1.190000e+06,+9.732322e-01,-2.247812e-01,+9.988530e-01,-1.300519e+01,
+1.200000e+06,+9.725683e-01,-2.266317e-01,+9.986246e-01,-1.311721e+01,
+1.210000e+06,+9.720072e-01,-2.285321e-01,+9.985113e-01,-1.323072e+01,
+1.220000e+06,+9.714262e-01,-2.304061e-01,+9.983767e-01,-1.334304e+01,
+1.230000e+06,+9.707868e-01,-2.322398e-01,+9.981796e-01,-1.345392e+01,
+1.240000e+06,+9.701917e-01,-2.340536e-01,+9.980246e-01,-1.356314e+01,
+1.250000e+06,+9.694434e-01,-2.358257e-01,+9.977146e-01,-1.367215e+01,
+1.260000e+06,+9.687193e-01,-2.376150e-01,+9.974357e-01,-1.378185e+01,
+1.270000e+06,+9.680980e-01,-2.393960e-01,+9.972583e-01,-1.388973e+01,
+1.280000e+06,+9.674904e-01,-2.412108e-01,+9.971060e-01,-1.399935e+01,
+1.290000e+06,+9.668159e-01,-2.430563e-01,+9.968999e-01,-1.411165e+01,
+1.300000e+06,+9.661439e-01,-2.449244e-01,+9.967056e-01,-1.422521e+01,
+1.310000e+06,+9.654974e-01,-2.467819e-01,+9.965373e-01,-1.433787e+01,
+1.320000e+06,+9.648248e-01,-2.486221e-01,+9.963433e-01,-1.444997e+01,
+1.330000e+06,+9.641322e-01,-2.504207e-01,+9.961233e-01,-1.456010e+01,
+1.340000e+06,+9.634405e-01,-2.522508e-01,+9.959157e-01,-1.467200e+01,
+1.350000e+06,+9.627626e-01,-2.540433e-01,+9.957157e-01,-1.478167e+01,
+1.360000e+06,+9.619704e-01,-2.558025e-01,+9.954004e-01,-1.489121e+01,
+1.370000e+06,+9.612336e-01,-2.575541e-01,+9.951402e-01,-1.499957e+01,
+1.380000e+06,+9.605583e-01,-2.593826e-01,+9.949631e-01,-1.511135e+01,
+1.390000e+06,+9.598001e-01,-2.611794e-01,+9.947014e-01,-1.522265e+01,
+1.400000e+06,+9.590958e-01,-2.630137e-01,+9.945053e-01,-1.533528e+01,
+1.410000e+06,+9.582849e-01,-2.648180e-01,+9.942025e-01,-1.544791e+01,
+1.420000e+06,+9.575310e-01,-2.666489e-01,+9.939654e-01,-1.556122e+01,
+1.430000e+06,+9.567860e-01,-2.684710e-01,+9.937385e-01,-1.567394e+01,
+1.440000e+06,+9.560166e-01,-2.702652e-01,+9.934843e-01,-1.578556e+01,
+1.450000e+06,+9.553269e-01,-2.720083e-01,+9.932965e-01,-1.589314e+01,
+1.460000e+06,+9.544768e-01,-2.737743e-01,+9.929644e-01,-1.600458e+01,
+1.470000e+06,+9.536514e-01,-2.755040e-01,+9.926497e-01,-1.611368e+01,
+1.480000e+06,+9.529193e-01,-2.773042e-01,+9.924479e-01,-1.622525e+01,
+1.490000e+06,+9.521701e-01,-2.790610e-01,+9.922212e-01,-1.633475e+01,
+1.500000e+06,+9.514065e-01,-2.808526e-01,+9.919942e-01,-1.644646e+01,
+1.510000e+06,+9.506309e-01,-2.826750e-01,+9.917683e-01,-1.656012e+01,
+1.520000e+06,+9.499094e-01,-2.844969e-01,+9.915978e-01,-1.667290e+01,
+1.530000e+06,+9.491207e-01,-2.862941e-01,+9.913599e-01,-1.678548e+01,
+1.540000e+06,+9.481889e-01,-2.880566e-01,+9.909787e-01,-1.689860e+01,
+1.550000e+06,+9.473406e-01,-2.898258e-01,+9.906833e-01,-1.701077e+01,
+1.560000e+06,+9.465755e-01,-2.916293e-01,+9.904811e-01,-1.712348e+01,
+1.570000e+06,+9.458289e-01,-2.933915e-01,+9.902883e-01,-1.723363e+01,
+1.580000e+06,+9.449100e-01,-2.951277e-01,+9.899269e-01,-1.734537e+01,
+1.590000e+06,+9.439919e-01,-2.968570e-01,+9.895680e-01,-1.745679e+01,
+1.600000e+06,+9.431463e-01,-2.986068e-01,+9.892882e-01,-1.756816e+01,
+1.610000e+06,+9.422597e-01,-3.003798e-01,+9.889800e-01,-1.768158e+01,
+1.620000e+06,+9.413274e-01,-3.021315e-01,+9.886256e-01,-1.779472e+01,
+1.630000e+06,+9.405413e-01,-3.039292e-01,+9.884285e-01,-1.790787e+01,
+1.640000e+06,+9.396480e-01,-3.056929e-01,+9.881227e-01,-1.802110e+01,
+1.650000e+06,+9.387379e-01,-3.073890e-01,+9.877837e-01,-1.813099e+01,
+1.660000e+06,+9.379125e-01,-3.091267e-01,+9.875420e-01,-1.824171e+01,
+1.670000e+06,+9.371056e-01,-3.108773e-01,+9.873255e-01,-1.835285e+01,
+1.680000e+06,+9.361559e-01,-3.125733e-01,+9.869600e-01,-1.846366e+01,
+1.690000e+06,+9.352932e-01,-3.142931e-01,+9.866881e-01,-1.857425e+01,
+1.700000e+06,+9.345139e-01,-3.160328e-01,+9.865054e-01,-1.868444e+01,
+1.710000e+06,+9.335088e-01,-3.177084e-01,+9.860920e-01,-1.879538e+01,
+1.720000e+06,+9.325591e-01,-3.194174e-01,+9.857454e-01,-1.890720e+01,
+1.730000e+06,+9.316801e-01,-3.211371e-01,+9.854729e-01,-1.901836e+01,
+1.740000e+06,+9.307622e-01,-3.228353e-01,+9.851604e-01,-1.912912e+01,
+1.750000e+06,+9.298316e-01,-3.245660e-01,+9.848502e-01,-1.924200e+01,
+1.760000e+06,+9.289702e-01,-3.262865e-01,+9.846057e-01,-1.935304e+01,
+1.770000e+06,+9.280278e-01,-3.280229e-01,+9.842940e-01,-1.946658e+01,
+1.780000e+06,+9.271187e-01,-3.297609e-01,+9.840179e-01,-1.957964e+01,
+1.790000e+06,+9.261608e-01,-3.314561e-01,+9.836853e-01,-1.969136e+01,
+1.800000e+06,+9.251020e-01,-3.331022e-01,+9.832451e-01,-1.980247e+01,
+1.810000e+06,+9.241671e-01,-3.347097e-01,+9.829117e-01,-1.990909e+01,
+1.820000e+06,+9.232461e-01,-3.363447e-01,+9.826042e-01,-2.001702e+01,
+1.830000e+06,+9.223683e-01,-3.379958e-01,+9.823464e-01,-2.012502e+01,
+1.840000e+06,+9.214090e-01,-3.396289e-01,+9.820092e-01,-2.023375e+01,
+1.850000e+06,+9.203470e-01,-3.412963e-01,+9.815914e-01,-2.034651e+01,
+1.860000e+06,+9.193746e-01,-3.429995e-01,+9.812738e-01,-2.045950e+01,
+1.870000e+06,+9.183674e-01,-3.446724e-01,+9.809168e-01,-2.057161e+01,
+1.880000e+06,+9.173136e-01,-3.463679e-01,+9.805279e-01,-2.068600e+01,
+1.890000e+06,+9.162367e-01,-3.480305e-01,+9.801096e-01,-2.079917e+01,
+1.900000e+06,+9.152733e-01,-3.497483e-01,+9.798209e-01,-2.091308e+01,
+1.910000e+06,+9.142537e-01,-3.514421e-01,+9.794750e-01,-2.102693e+01,
+1.920000e+06,+9.132497e-01,-3.531312e-01,+9.791459e-01,-2.114026e+01,
+1.930000e+06,+9.122530e-01,-3.548104e-01,+9.788237e-01,-2.125298e+01,
+1.940000e+06,+9.111801e-01,-3.564276e-01,+9.784119e-01,-2.136402e+01,
+1.950000e+06,+9.101312e-01,-3.580686e-01,+9.780347e-01,-2.147593e+01,
+1.960000e+06,+9.091232e-01,-3.596631e-01,+9.776823e-01,-2.158451e+01,
+1.970000e+06,+9.081265e-01,-3.613132e-01,+9.773643e-01,-2.169596e+01,
+1.980000e+06,+9.070032e-01,-3.628712e-01,+9.768983e-01,-2.180522e+01,
+1.990000e+06,+9.059188e-01,-3.644578e-01,+9.764826e-01,-2.191528e+01,
+2.000000e+06,+9.049044e-01,-3.660278e-01,+9.761293e-01,-2.202300e+01,
