Barrido en f -> f_inicial:10, f_final:40000, step: 10
Parametros -> M:512,	N:32, Modo:0,	Fuente:1
Formato -> f,x,y,r,phi

9.998933,121708554.034607,13944.966736,7428.727368,0.006565
19.997867,121716336.576782,-24629.689453,7429.202495,-0.011594
30.001920,121698593.031555,-28281.598938,7428.119530,-0.013315
40.003765,121720017.695740,-157796.148254,7429.433270,-0.074280
50.000000,121727749.080200,-265859.248413,7429.916648,-0.125140
60.000662,121706404.473267,-368714.302429,7428.630207,-0.173584
69.996387,121693708.784119,-516929.262573,7427.888222,-0.243386
80.000883,121652219.639343,-654600.071472,7425.396332,-0.308310
89.994552,121688622.335388,-753488.349792,7427.653132,-0.354778
100.000000,121702792.302917,-964741.101135,7428.609028,-0.454189
110.000782,121714997.364685,-1112799.399353,7429.431088,-0.523837
120.001324,121669372.188171,-1213459.089600,7426.705112,-0.571432
130.001981,121640594.828735,-1382082.229004,7425.058516,-0.650987
140.000734,121731858.605103,-1523879.099548,7430.731922,-0.717231
150.000000,121633309.023071,-1677371.836304,7424.840497,-0.790105
160.001766,121655597.066833,-1825860.507019,7426.331245,-0.859881
170.001209,121628166.385864,-1998272.359192,7424.822562,-0.941276
179.993873,121603353.654846,-2126901.766296,7423.441420,-1.002058
189.992704,121589273.825378,-2212884.806030,7422.675805,-1.042680
200.000000,121596777.037720,-2420296.516968,7423.374846,-1.140314
210.013441,121599349.953857,-2538098.558838,7423.678425,-1.195775
219.994849,121617301.401550,-2684832.500183,7424.966159,-1.264698
230.001207,121561910.976318,-2844758.506287,7421.808072,-1.340615
240.002648,121562425.338013,-3046497.085083,7422.137745,-1.435641
250.000000,121541283.004578,-3177649.294373,7421.052590,-1.497679
259.993912,121542211.614624,-3287849.009827,7421.288090,-1.549581
269.990809,121541332.067261,-3479956.265869,7421.560759,-1.640086
279.993444,121540032.633179,-3602590.665344,7421.699481,-1.697868
290.009470,121527111.393555,-3795913.309937,7421.270170,-1.789111
300.009796,121502976.112427,-3969183.718262,7420.135517,-1.871093
310.019841,121474398.154541,-4029019.424377,7418.512304,-1.899726
320.003531,121484244.772461,-4208404.509216,7419.483980,-1.984081
330.010776,121433569.469727,-4407524.908630,7416.823658,-2.078743
339.988426,121425248.381775,-4544452.351746,7416.623969,-2.143410
349.981936,121436135.442871,-4693479.651306,7417.633752,-2.213433
359.987745,121390024.855286,-4848194.909424,7415.192253,-2.287187
370.001941,121421058.580750,-5048132.390686,7417.581860,-2.380796
379.985409,121400638.959656,-5143469.358643,7416.580625,-2.426113
389.426764,121380021.677612,-5298523.975769,7415.730043,-2.499583
400.037651,121367018.077271,-5417343.524841,7415.256954,-2.555836
410.007156,121377174.061035,-5617200.478699,7416.430154,-2.649772
420.026882,121324071.419922,-5781732.360168,7413.663645,-2.728463
429.979011,121359543.922485,-5901867.728149,7416.178888,-2.784255
439.989698,121318581.508728,-6077553.010681,7414.210401,-2.867966
449.984681,121270499.121338,-6198359.308777,7411.652004,-2.926033
460.002413,121256900.848694,-6357307.966553,7411.324705,-3.001268
470.003342,121243415.083435,-6454170.551208,7410.814631,-3.047249
480.005297,121196820.401428,-6694310.964783,7408.768570,-3.161615
490.166506,121201501.403748,-6787611.318054,7409.370091,-3.205465
500.000000,121182175.529358,-6978051.255310,7408.851487,-3.295729
509.982639,121095651.182861,-7106744.592285,7404.035085,-3.358766
519.987825,121217001.819824,-7282038.477600,7412.063165,-3.437979
529.993719,121119419.411499,-7383214.871582,7406.490938,-3.488431
539.981618,121128497.013672,-7574218.966980,7407.762421,-3.578178
550.017960,121102421.419617,-7759538.088440,7406.888626,-3.666276
559.986888,121100528.214722,-7882786.494812,7407.258144,-3.724405
570.050837,121054106.785339,-8050945.464355,7405.104740,-3.805079
580.018939,121022299.932495,-8149250.498840,7403.568329,-3.852411
590.006510,120961683.288513,-8337591.617371,7400.658446,-3.943137
599.979575,120998949.431213,-8471699.676086,7403.494884,-4.005127
609.756098,120960759.264038,-8609389.471130,7401.761475,-4.071285
620.039683,120938450.919067,-8781625.509521,7401.157202,-4.153215
630.040323,120913067.720398,-8965178.859375,7400.431941,-4.240599
640.007062,120886784.967651,-9099233.725769,7399.441765,-4.304704
651.041667,120818910.229980,-9220765.770081,7395.871376,-4.364419
660.021552,120823798.308960,-9388201.416321,7396.953553,-4.443177
669.967297,120814288.065369,-9568663.583801,7397.236340,-4.528588
679.976852,120764254.658203,-9714151.290588,7394.898698,-4.599047
690.026198,120784530.305176,-9855890.428833,7396.830854,-4.665077
699.963873,120716954.699768,-10077032.019226,7393.830521,-4.771930
710.227273,120710136.880066,-10099190.207214,7393.528461,-4.782643
720.214844,120682635.137512,-10245065.895752,7392.603518,-4.852498
729.955808,120600414.633606,-10364823.723938,7388.225343,-4.912275
740.003882,120594250.327393,-10576207.509827,7388.966503,-5.012208
750.000000,120579878.708008,-10776692.048096,7389.171927,-5.107328
760.198353,120560673.962708,-10869583.609863,7388.511342,-5.151931
769.981971,120528221.774597,-11048376.284851,7387.526742,-5.237610
778.853528,120514938.108826,-11182155.059021,7387.469260,-5.301251
790.028090,120470090.764709,-11335670.978027,7385.615542,-5.375596
800.075301,120414357.922119,-11552825.528687,7383.482803,-5.480474
809.832317,120417412.120972,-11635392.796265,7384.151368,-5.519262
820.014313,120353898.104980,-11851331.541870,7381.572609,-5.623991
830.078125,120362112.626709,-11909754.810486,7382.421870,-5.651153
840.053763,120299576.853455,-12073539.122681,7379.615025,-5.731313
849.971065,120268001.465637,-12226671.137695,7378.636866,-5.805025
859.958022,120300900.357178,-12315933.598816,7381.187509,-5.845525
870.028409,120242630.567627,-12498615.550598,7378.793873,-5.934471
879.979396,120156340.941284,-12627190.661743,7374.371336,-5.999352
890.031646,120142503.548950,-12770930.748657,7374.453586,-6.067832
899.969363,120094422.786560,-12886463.094727,7372.284346,-6.124742
909.978693,120048530.459656,-13074525.176758,7370.733180,-6.215787
919.950181,120033007.363403,-13203531.464050,7370.648069,-6.277437
930.059524,119980855.732727,-13439543.532776,7369.073660,-6.391480
939.849624,119980825.768677,-13611526.907166,7370.247768,-6.472582
950.168919,120007075.510071,-13774162.691406,7372.965114,-6.547831
960.010593,119908835.773865,-13887137.702515,7367.798124,-6.606424
969.107824,119870411.069092,-13994457.283447,7366.225084,-6.659137
976.562500,119841887.631104,-14080477.215332,7365.106666,-6.701278
989.940068,119819081.004150,-14246683.860474,7364.915029,-6.780927
1000.000000,119720732.936096,-14456855.570801,7360.481060,-6.885607
1010.237069,119727026.313416,-14476188.788940,7361.003973,-6.894367
1019.965278,119654909.753052,-14586440.669128,7357.445325,-6.950510
1029.829545,119598372.071594,-14731650.186462,7355.098083,-7.022301
1039.975649,119604519.022461,-14957468.523926,7357.168127,-7.128483
1050.067204,119582447.266968,-15056848.031006,7356.586662,-7.176664
1060.267857,119531245.051819,-15309846.097900,7355.431825,-7.299055
1069.972826,119448637.970215,-15474295.029175,7351.713434,-7.381644
1079.963235,119400261.811890,-15641485.417236,7350.103720,-7.463493
1090.116279,119443201.621765,-15801987.274536,7353.980888,-7.536522
1100.035920,119348190.215820,-15946151.502747,7349.391961,-7.610461
1110.197368,119325646.064209,-16065635.442993,7348.997620,-7.668241
1120.174632,119255901.474854,-16175959.002502,7345.680769,-7.724727
1129.748775,119234376.073792,-16273340.525635,7345.180266,-7.772050
1139.322917,119186400.566772,-16364530.671997,7343.033938,-7.818172
1149.970794,119191602.284485,-16494091.026489,7344.428306,-7.878956
1160.272277,119087846.141052,-16641740.895630,7339.397007,-7.955425
1168.224299,119060926.526978,-16753962.551514,7338.721061,-8.010165
1180.013021,119039077.904968,-16932890.376465,7338.930555,-8.096050
1189.834770,118990288.998596,-17134228.208557,7337.723752,-8.194329
1200.112952,118970699.403992,-17226530.072754,7337.345491,-8.239205
1210.088315,118871461.339478,-17477195.994141,7333.560793,-8.364292
1220.703125,118842205.021179,-17655330.439819,7333.383924,-8.450370
1229.745370,118781204.151733,-17814505.247620,7331.135754,-8.529755
1240.079365,118731233.480469,-17924561.999817,7329.119199,-8.585227
1250.000000,118753281.930725,-17935947.736633,7330.553648,-8.589028
1260.080645,118632867.024231,-18196236.426514,7325.678210,-8.720481
1269.531250,118610896.617493,-18292238.140381,7325.243538,-8.767375
1279.633621,118590863.848511,-18325696.848938,7324.346688,-8.784623
1289.799528,118502080.475830,-18474871.175293,7320.388280,-8.861531
1302.083333,118491252.541138,-18648108.485352,7321.371692,-8.944092
1310.022866,118409790.899231,-18750754.364868,7317.437310,-8.998607
1319.679054,118398104.801086,-18912746.826538,7318.285938,-9.075940
1329.787234,118365850.473633,-19052210.570190,7317.689812,-9.144190
1339.934593,118334786.645203,-19291824.415527,7318.156889,-9.259603
1349.954044,118251251.593628,-19432726.428650,7314.514324,-9.332521
1360.212054,118137514.731201,-19607100.278687,7309.399199,-9.423672
1370.102612,118098717.273743,-19770420.080933,7308.702361,-9.503807
1379.925272,118062371.300537,-19929443.384705,7308.123710,-9.581734
1389.723558,117996725.507019,-20002603.046753,7304.917813,-9.621502
1399.739583,117968269.150330,-20125658.764038,7304.464741,-9.681868
1410.590278,117910699.997681,-20211914.737793,7301.888622,-9.727229
1420.454545,117888356.833435,-20339288.381592,7301.862258,-9.789166
1429.966518,117848946.936279,-20435095.221497,7300.488652,-9.837604
1440.429688,117782899.204224,-20530745.939209,7297.516881,-9.888177
1450.047348,117758930.833862,-20657542.220337,7297.408897,-9.950014
1459.231322,117648452.615540,-20851909.843628,7292.828220,-10.050975
1470.588235,117640453.420044,-21047942.397400,7294.445283,-10.144188
1479.640152,117611800.317139,-21153728.293762,7293.863952,-10.196538
1489.671610,117499258.518860,-21352558.055908,7289.263412,-10.299985
1500.226449,117400237.465332,-21538714.194336,7285.358732,-10.396406
1510.416667,117354365.882202,-21731223.412048,7284.735165,-10.491283
1519.097222,117291073.638916,-21833207.587769,7282.073188,-10.544977
1529.947917,117242121.386292,-21993852.898132,7280.937264,-10.625140
1539.963942,117213747.560303,-22016876.943237,7279.494409,-10.638526
1550.099206,117142040.471985,-22073180.301697,7275.828471,-10.671487
1557.555380,117166696.223755,-22179607.632263,7278.512798,-10.719546
1570.159314,117072300.277954,-22349077.675110,7274.784302,-10.808036
1579.733456,117006852.989502,-22436277.417480,7271.860934,-10.855131
1589.752907,116969037.104858,-22569515.995056,7271.130458,-10.921495
1600.477431,116922382.814636,-22884082.972229,7271.997892,-11.074288
1610.008446,116875088.712769,-22937949.523560,7269.797453,-11.104089
1619.664634,116766071.328186,-23129582.220886,7265.531747,-11.204711
1632.063356,116675828.041626,-23323037.124207,7262.433961,-11.304539
1640.625000,116632008.018616,-23482551.646484,7261.726678,-11.384008
1650.053879,116570637.491577,-23617578.871948,7259.686574,-11.453611
1660.156250,116524693.126709,-23804934.980408,7259.218406,-11.546472
1670.063406,116470568.541931,-23891853.903687,7257.045907,-11.592732
1679.687500,116449958.068481,-23894212.540894,7255.842506,-11.595842
1690.204327,116353946.881653,-24086408.159851,7252.470889,-11.695937
1699.942130,116308506.335815,-24060575.763733,7249.435361,-11.688177
1708.984375,116294324.680176,-24138225.872131,7249.549434,-11.726246
1719.916045,116198952.691711,-24308767.025818,7245.974109,-11.816194
1729.910714,116102594.110779,-24478542.003296,7242.348089,-11.905968
1740.056818,116090046.160583,-24524259.753784,7242.174926,-11.928821
1749.674479,116055181.098999,-24708248.751404,7242.422996,-12.019228
1760.563380,115965173.756836,-24908137.202271,7239.602033,-12.122726
1770.019531,115881369.447083,-25040327.273254,7236.300865,-12.193694
1779.513889,115802878.223083,-25316290.779480,7235.196817,-12.332090
1790.364583,115735191.820923,-25544063.987244,7234.144419,-12.446653
1799.938725,115665564.827881,-25641478.390869,7231.279079,-12.499915
1810.213415,115612143.653687,-25737228.525635,7229.363432,-12.550731
1819.957386,115524620.573120,-25854980.346863,7225.715324,-12.615566
1829.117063,115522450.408386,-25836468.266296,7225.339364,-12.607052
1839.900362,115431490.466919,-25982768.714478,7221.877091,-12.685805
1850.328947,115427690.779480,-26012698.105530,7222.052225,-12.700348
1860.119048,115341418.373291,-26164999.715393,7218.966182,-12.781515
1870.013298,115299182.562988,-26238305.715942,7217.443652,-12.820683
1879.422170,115196501.046448,-26354888.649170,7212.916298,-12.886848
1890.120968,115117419.786438,-26520575.688232,7210.474685,-12.973741
1900.337838,115075031.283875,-26667505.282104,7209.972813,-13.047807
1909.722222,114946992.555969,-26979177.602051,7206.682758,-13.209179
1920.021186,114939924.579712,-27109110.976746,7208.079182,-13.271337
1923.532197,114861066.245667,-27248475.613953,7205.353249,-13.345960
1953.125000,114656241.843933,-27600160.777100,7198.183054,-13.535184
1983.642578,114493587.184326,-27808394.472961,7191.520386,-13.652149
1989.976415,114521715.706238,-27771799.031921,7192.662032,-13.631630
1999.627976,114438837.009460,-27830019.991150,7188.584845,-13.668659
2010.569853,114330338.051392,-27974284.291199,7184.237797,-13.749379
2020.474138,114262089.608032,-28136922.119446,7182.558665,-13.834198
2029.718137,114208055.826172,-28287858.161804,7181.565676,-13.911860
2039.930556,114134440.434753,-28542909.176208,7180.965243,-14.041051
2050.781250,114032748.131531,-28663516.949524,7176.734882,-14.110091
2059.659091,113962529.680359,-28914575.146912,7176.331516,-14.237091
2070.312500,113872500.597107,-29063129.468140,7173.242245,-14.318088
2080.502717,113800926.976685,-29195544.005371,7171.013541,-14.389292
2090.186404,113698769.152100,-29369906.202148,7167.628228,-14.484086
2099.609375,113715922.817261,-29328069.880615,7168.003827,-14.462229
2109.375000,113625421.348328,-29529069.749878,7165.731035,-14.568251
2120.535714,113557378.728516,-29464729.272339,7160.724187,-14.546196
2130.681818,113474612.264343,-29606449.443359,7158.013307,-14.623374
2139.136905,113424954.972046,-29568064.814819,7154.489232,-14.611347
2148.437500,113408499.804688,-29659978.828125,7154.934778,-14.656850
2160.904255,113321417.903381,-29886401.551025,7153.304456,-14.774719
2170.138889,113299564.918518,-29856787.740540,7151.553910,-14.763441
2180.232558,113097608.495361,-30189426.245850,7144.844026,-14.946076
2189.867424,113100322.359131,-30371316.861572,7147.875302,-15.031718
2201.704545,112798015.771912,-30833238.593689,7137.438646,-15.288727
2210.115132,112843647.293091,-30825124.287170,7139.994805,-15.279000
2219.460227,112769340.394226,-30922628.945007,7137.191268,-15.334684
2232.142857,112689718.617249,-31091243.448792,7135.234852,-15.424707
2240.349265,112691784.053040,-31020776.442017,7134.213666,-15.391138
2250.339674,112601366.259888,-31189232.459351,7131.630674,-15.482552
2259.497549,112545262.432434,-31146017.267212,7127.626600,-15.469466
2269.847973,112498341.549805,-31259688.150085,7126.720848,-15.529367
2278.645833,112436153.737793,-31264732.278809,7123.146199,-15.539928
2289.870690,112366786.406738,-31399819.314209,7121.281715,-15.612971
2300.347222,112305631.464661,-31496669.095154,7119.280815,-15.666877
2308.238636,112260700.974609,-31582778.053955,7118.061901,-15.713574
2319.335938,112151036.522156,-31805212.908081,7115.310882,-15.833415
2331.149194,112030383.021545,-31970536.402710,7110.988722,-15.927828
2343.750000,111869400.941406,-32302302.192322,7107.131614,-16.106554
2350.983796,111800212.620300,-32464768.926331,7105.833373,-16.192823
2360.026042,111736732.732239,-32581711.301392,7104.107355,-16.256824
2368.683511,111682067.906189,-32633541.819275,7101.790885,-16.288863
2380.371094,111556289.855042,-32818484.666809,7097.599865,-16.393716
2391.581633,111536844.346619,-32791314.744690,7095.993292,-16.383575
2399.553571,111516446.729431,-32775035.246460,7094.518591,-16.378712
2410.239362,111430776.542114,-32838144.595947,7090.589788,-16.420491
2420.176630,111411421.769714,-32968523.324463,7091.710606,-16.484862
2429.496951,111305926.942810,-32981649.964905,7085.764004,-16.505850
2441.406250,111271802.626343,-33073231.159546,7085.357587,-16.553976
2450.980392,111051263.658691,-33382934.780090,7077.874271,-16.731709
2459.490741,110971360.849792,-33608059.054749,7077.174457,-16.849614
2470.128676,110999579.022217,-33765133.157532,7081.607099,-16.919816
2480.996622,110876695.774353,-33870921.607239,7076.315413,-16.987511
2490.234375,110727091.516479,-34138105.602905,7072.370488,-17.135482
2500.000000,110678994.341797,-34111537.396606,7069.087344,-17.129932
2511.160714,110593253.733032,-34390429.372253,7069.122293,-17.274279
2520.161290,110546251.114197,-34343079.148865,7065.524863,-17.258808
2530.184659,110461770.362061,-34248667.880981,7058.892045,-17.226556
2539.062500,110401327.518372,-34412190.611572,7058.332056,-17.312813
2549.913194,110411731.167297,-34334801.544312,7057.534213,-17.274667
2559.267241,110314187.492493,-34492486.899536,7054.715477,-17.363670
2569.901316,110241726.294373,-34543047.701965,7051.416459,-17.398329
2580.915179,110091037.622864,-34809229.994263,7047.521202,-17.546736
2590.013587,110003472.011475,-34900693.437866,7044.111571,-17.603139
2604.166667,109932945.263306,-35015910.020386,7042.139656,-17.668271
2620.045732,109743813.205444,-35307798.483032,7036.577004,-17.835030
2629.206731,109613750.232971,-35606385.987488,7034.629362,-17.996143
2639.358108,109531061.280029,-35663680.605042,7030.911281,-18.035955
2650.669643,109452991.405518,-35776394.738831,7028.514835,-18.101311
2659.574468,109321083.833679,-35986716.380066,7024.865867,-18.221238
2669.270833,109286257.241821,-35961060.440552,7022.357146,-18.214525
2679.869186,109233264.103699,-36003100.755005,7020.087566,-18.242671
2690.972222,109070902.800720,-36125748.915833,7013.026402,-18.326105
2699.908088,109144579.878601,-35970322.437866,7014.320312,-18.240991
2709.173387,109054422.595520,-36135331.786560,7012.255472,-18.333226
2720.424107,108993202.975647,-36224320.859314,7010.419750,-18.384973
2734.375000,108764936.004211,-36696778.046936,7006.365155,-18.644703
2743.675595,108730960.038940,-36617818.908752,7002.860558,-18.612764
2748.842593,108613693.039062,-36928719.015930,7002.163144,-18.778617
2759.850543,108575332.131958,-36912526.410645,6999.628187,-18.777127
2770.712209,108376557.272827,-37281344.465210,6995.432694,-18.983687
2779.447115,108317487.884705,-37282456.152832,6992.045539,-18.993823
2790.178571,108291501.646667,-37352357.906921,6991.935844,-19.031114
2799.479167,108200422.288757,-37375643.733337,6987.144630,-19.056997
2810.594512,108089808.749084,-37561402.687439,6984.476967,-19.162996
2821.180556,108111393.797668,-37296246.703613,6980.426692,-19.033961
2828.663793,108021072.556396,-37410888.662781,6977.502212,-19.103044
2840.909091,107969386.088013,-37366756.346924,6973.639769,-19.090614
2850.506757,107921987.417664,-37543074.554077,6974.434390,-19.181938
2859.933036,107832727.627869,-37748773.117004,6973.427198,-19.294079
2868.652344,107743878.520508,-37661180.700745,6966.542959,-19.267314
2880.859375,107638585.389099,-37933305.159302,6965.979503,-19.413725
2890.625000,107554386.276611,-38267026.953003,6967.934157,-19.585747
2900.094697,107339312.881531,-38301359.123108,6956.271575,-19.638254
2906.976744,107224035.123840,-38627546.772217,6956.367675,-19.812182
2929.687500,107057155.426819,-38804764.242004,6950.464205,-19.924534
2952.398256,106872121.574890,-38861727.051697,6941.034739,-19.983287
2959.280303,106790173.585022,-39174691.122437,6942.889834,-20.145549
2968.750000,106703264.399963,-39244577.871033,6939.381208,-20.193700
2981.085526,106688249.418030,-39306913.741882,6939.835518,-20.225795
2990.722656,106636203.454590,-39222121.351685,6935.066461,-20.194745
2999.441964,106557055.496216,-39247201.048462,6931.061601,-20.220408
3011.067708,106480219.763306,-39295635.467163,6927.683950,-20.256758
3018.465909,106448648.685303,-39221022.016418,6924.300321,-20.226925
3030.711207,106350222.553162,-39318336.541687,6920.720937,-20.290264
3038.194444,106256815.134705,-39441531.073669,6917.986763,-20.365053
3048.780488,106162607.977539,-39558806.668152,6915.092490,-20.437237
3059.895833,106034352.425354,-39779399.389893,6912.475275,-20.564476
3069.196429,105920909.774536,-40002189.045898,6910.785374,-20.690202
3079.927885,105773603.127319,-40192442.266418,6906.491092,-20.806682
3092.447917,105622043.678589,-40395441.167542,6902.260789,-20.930108
3098.060345,105546525.782227,-40512719.568726,6900.517644,-20.999297
3110.532407,105451687.836243,-40649166.608704,6898.104905,-21.081110
3125.000000,105395922.701599,-40599221.718323,6893.832672,-21.067643
3138.950893,105253284.584595,-40824812.948059,6890.676461,-21.200509
3150.201613,105220012.294189,-40681450.824219,6885.622718,-21.138733
3159.466912,105208962.072693,-40626801.578430,6883.791341,-21.114862
3167.229730,105143690.798157,-40621283.531677,6879.953609,-21.124197
3180.803571,104937750.472412,-41024266.188416,6877.147372,-21.353100
3190.104167,104881844.325928,-41057601.269287,6874.710807,-21.379249
3200.954861,104800327.444397,-41151545.127563,6872.171571,-21.438890
3208.705357,104698819.926392,-41239426.714844,6868.368902,-21.499433
3220.016892,104549184.381226,-41448243.074463,6864.558887,-21.626355
3230.168269,104395657.322083,-41738869.953491,6862.414199,-21.792876
3238.075658,104277834.192749,-41860235.193420,6858.493287,-21.872644
3255.208333,104158305.437134,-42034123.251648,6855.688215,-21.977679
3272.804054,103836991.122375,-42183909.245605,6840.941004,-22.110163
3281.250000,104109284.584595,-41723992.373230,6845.849211,-21.840130
3289.473684,103950213.035400,-41986310.462463,6842.817989,-21.994819
3300.107759,103953026.311035,-41882980.286377,6840.617725,-21.945298
3309.461806,103825924.304504,-41975349.365417,6835.533685,-22.013435
3320.312500,103777313.929260,-42008677.456116,6833.546069,-22.038572
3331.801471,103637535.365295,-42270053.315125,6831.647561,-22.189449
3339.213710,103542013.213806,-42380057.585938,6828.789869,-22.260090
3348.214286,103468762.476379,-42450788.032349,6826.289771,-22.307842
3359.375000,103258911.994446,-42728115.212402,6820.895671,-22.480235
3367.456897,103185480.307678,-42909642.107300,6821.001085,-22.580631
3380.408654,103014388.002319,-43040298.165771,6814.430247,-22.676261
3389.246324,103000366.684021,-43068729.744141,6814.309865,-22.692499
3399.884259,102890690.782959,-43107845.799072,6809.056488,-22.732766
3404.017857,102720595.109131,-43307302.200928,6804.202286,-22.861104
3417.968750,102731102.039856,-43205836.270081,6802.389859,-22.810937
3431.165541,102644431.444702,-43255927.052856,6798.700500,-22.851973
3441.220238,102721575.316528,-43166593.431580,6800.925543,-22.794234
3450.520833,102593329.009155,-43190328.540771,6794.271723,-22.831072
3459.821429,102362386.415771,-43467728.923828,6787.882287,-23.008966
3472.222222,102183269.032349,-43781384.640015,6785.337486,-23.193853
3479.003906,102281630.630798,-43550732.965454,6785.328755,-23.064613
3491.950758,101995593.294128,-43801796.182739,6775.301120,-23.241689
3499.348958,101980822.037781,-44081926.548279,6781.238712,-23.377443
3515.625000,101799507.284180,-43963985.939880,6768.224298,-23.358677
3530.649038,101569320.373718,-44415730.953125,6766.328379,-23.620203
3540.039062,101534650.393188,-44530890.942810,6767.209684,-23.681910
3551.136364,101383469.898438,-44498431.995789,6757.963616,-23.697951
3561.580882,101370115.609375,-44517500.531128,6757.685152,-23.709765
3569.504310,101465062.800171,-44230777.500977,6755.979338,-23.554105
3580.729167,101306686.278259,-44411457.900208,6751.539235,-23.672682
3591.229839,101279458.254822,-44395391.161072,6749.623420,-23.670722
3601.074219,101227442.094543,-44380834.767334,6746.358925,-23.674637
3610.321970,101062058.625977,-44513589.905640,6740.377276,-23.772176
3619.025735,100814289.423828,-45132814.814758,6741.895016,-24.117949
3627.232143,100878865.273926,-44782114.324768,6736.779194,-23.938083
3639.914773,100741062.141724,-45004358.678284,6734.613993,-24.072602
3651.494565,100554481.587402,-45255633.855286,6730.497630,-24.231358
3662.109375,100400636.733948,-45493873.378601,6727.924399,-24.377109
3669.507576,100058028.414856,-45718843.248535,6714.577474,-24.557489
3680.889423,100402662.112549,-45204907.945984,6720.776778,-24.239711
3689.236111,100093157.254028,-45749009.515137,6717.292957,-24.564173
3700.657895,100044236.089172,-45694898.866821,6713.204459,-24.549129
3710.937500,99987491.677185,-45648297.094971,6708.872358,-24.539322
3720.238095,100116211.320984,-45374728.658142,6709.110097,-24.381732
3728.693182,99969450.621948,-45520989.882324,6704.646785,-24.482822
3743.489583,99837771.622375,-45673869.127075,6701.209519,-24.583913
3750.000000,99801644.004822,-45648322.484680,6698.555605,-24.579631
3761.574074,99701252.273926,-45673894.920654,6693.633632,-24.613598
3771.551724,99368211.112000,-46072533.478210,6685.356494,-24.875750
3780.241935,99253390.088928,-46371832.008301,6686.711216,-25.043027
3791.360294,99267755.909912,-46300989.947693,6685.676722,-25.006272
3797.743056,99160649.959900,-46453097.716064,6683.685901,-25.102093
3808.593750,99002072.492676,-46648658.702087,6680.001257,-25.230028
3821.331522,98841739.966187,-46782356.454041,6674.636901,-25.329206
3831.129808,98842163.249512,-46662053.799255,6671.522216,-25.272110
3838.900862,98760871.116638,-46724367.342224,6668.661278,-25.319862
3847.064394,98710228.528931,-46748391.231995,6666.494756,-25.342616
3906.250000,98118815.480286,-47228109.228394,6646.535159,-25.703940
3967.285156,97629476.828369,-47515644.078064,6627.296864,-25.952657
3969.254032,97540101.273682,-47616566.858643,6625.092210,-26.021207
3981.370192,97363399.201721,-47823965.577148,6620.973065,-26.160599
3991.168478,97263930.073975,-47911281.108521,6617.877511,-26.225189
3999.255952,97322628.409241,-47750495.448059,6616.763024,-26.135244
4009.046053,97193842.573669,-47769825.725159,6610.227229,-26.174439
4021.139706,97240636.378418,-47653543.628540,6609.664254,-26.108300
4028.320312,97181962.699707,-47656578.921570,6606.530143,-26.123411
4040.948276,97022876.901428,-47828544.819336,6602.447537,-26.242298
4050.925926,96787575.171448,-47971897.259033,6593.449673,-26.365682
4062.500000,96579126.743652,-48424979.239136,6594.401319,-26.630069
4069.010417,96655839.522400,-48208671.269470,6592.683914,-26.509254
4083.806818,96418495.608032,-48538774.903992,6588.758605,-26.722280
4092.261905,96228727.567993,-48768191.451111,6584.733042,-26.876434
4101.562500,96125308.164734,-48829664.131165,6580.801518,-26.930420
4108.297414,95970124.914490,-48923903.274292,6574.968533,-27.012494
4123.263889,96106579.415466,-48567597.565430,6572.552286,-26.810608
4131.610577,95940949.206970,-48815390.569580,6570.375852,-26.968089
4140.625000,95963806.761047,-48626087.955444,6566.388665,-26.872708
4150.390625,95904398.420532,-48679634.843384,6564.632970,-26.912460
4161.005435,95862445.664185,-48682852.267151,6562.438627,-26.924109
4172.585227,95789169.755005,-48642639.678223,6557.339478,-26.922682
4175.646552,95397161.670715,-48923378.198914,6543.816175,-27.151318
4185.267857,95501829.983215,-49122845.021362,6555.061389,-27.220529
4199.218750,95281809.871826,-49337295.913757,6549.130507,-27.376106
4206.730769,95198962.153381,-49214602.534119,6541.197954,-27.338221
4218.750000,95018268.370056,-49548870.460693,6540.811331,-27.541357
4231.770833,94875902.177063,-49674732.668457,6536.667458,-27.636284
4242.995690,94825993.476257,-49686486.284790,6534.301796,-27.654247
4250.919118,94705350.649963,-49880796.654236,6533.298646,-27.776353
4261.363636,94630307.323914,-49825395.009766,6527.670204,-27.768827
4267.939815,94667060.237671,-49528518.981384,6521.235349,-27.618767
4278.273810,94816028.084412,-49363851.196777,6524.645773,-27.503545
4296.875000,94336052.433960,-49888354.490234,6513.579055,-27.872345
4310.344828,94330995.466492,-49629042.982178,6505.921681,-27.750393
4317.434211,94347627.754822,-49733510.960693,6509.791073,-27.795901
4330.842391,94237951.594299,-49598745.014832,6500.034740,-27.759275
4340.277778,94192927.994446,-49842042.025635,6504.535249,-27.886308
4350.142045,93819978.212830,-50226877.367004,6495.476714,-28.163368
4356.971154,93643366.735840,-50490235.866577,6493.588446,-28.333307
4371.279762,93605958.230652,-50628045.943054,6495.576205,-28.408175
4377.693966,93505341.647644,-50483129.358582,6485.968157,-28.365255
4394.531250,93248835.536926,-50653321.180664,6477.147760,-28.511913
4412.615741,93002606.814392,-50859886.686157,6469.985319,-28.673559
4420.230263,93299463.865417,-50509292.439270,6475.673497,-28.430510
4432.091346,93231062.067871,-50452335.141785,6470.346952,-28.421039
4438.920455,93123129.341492,-50564097.361328,6467.806127,-28.501964
4448.784722,93068395.117004,-50450398.907104,6461.560251,-28.462019
4464.285714,92980461.074646,-50464158.634949,6457.242786,-28.491268
4480.698529,92713827.250610,-50746995.892334,6451.214838,-28.694978
4492.187500,92596608.495728,-50893592.964661,6449.244818,-28.795231
4500.679348,92613518.275757,-50771824.722168,6446.573202,-28.732921
4507.211538,92267639.905762,-51202587.688110,6440.785876,-29.028305
4523.026316,92094356.924011,-51402167.413086,6437.468047,-29.168790
4531.250000,91932306.425903,-51555056.060547,6433.392359,-29.284296
4534.040179,91923010.874451,-51608188.927124,6434.484525,-29.311956
4557.291667,91869388.416321,-51470314.350525,6427.513355,-29.260825
4582.331731,91618606.716614,-51432214.365356,6413.025060,-29.309543
4589.843750,91512127.234253,-51629317.726624,6413.261526,-29.431693
4603.794643,91637906.466370,-51292963.331055,6409.896634,-29.238138
4609.375000,91478649.913025,-51520158.779358,6408.209778,-29.388785
4616.477273,91227052.085754,-51848366.952271,6404.708425,-29.612357
4629.629630,91230271.422729,-51712400.880920,6400.782785,-29.546901
4638.671875,91071967.010925,-51898522.843384,6397.995663,-29.678080
4650.297619,91009335.322021,-51844369.159912,6393.037799,-29.669305
4657.451923,90768569.577759,-52228339.763672,6391.929019,-29.917055
4670.516304,90662694.483093,-52210252.135925,6385.777576,-29.937387
4687.500000,90405020.856506,-52457576.666199,6379.716160,-30.125369
4701.967593,90343153.486694,-52421886.525757,6375.356679,-30.125468
4710.477941,90497853.526001,-52069250.531433,6372.764147,-29.915476
4720.052083,90304257.918945,-52284654.955078,6369.102271,-30.071010
4728.618421,90410292.195679,-52014232.614563,6366.456988,-29.913267
4743.303571,90278012.848389,-52024166.751831,6359.762589,-29.954277
4755.434783,89868610.426208,-52360485.145203,6348.433184,-30.227413
4760.742188,89731671.130127,-52814957.830933,6355.238362,-30.481442
4774.305556,89974674.531921,-52256162.347107,6350.827339,-30.148372
4785.156250,89570096.477966,-52737471.872009,6344.340288,-30.489810
4794.034091,89370544.019836,-53012784.040588,6342.404016,-30.676458
4801.432292,89365707.155945,-52987436.803040,6341.360906,-30.665796
4807.692308,89258804.206299,-53078581.987427,6338.590826,-30.739135
4817.708333,89154393.923462,-53101555.900513,6333.831542,-30.779504
4831.414474,89039236.882629,-53158452.412964,6329.573229,-30.839073
4840.353261,89063039.969421,-53028225.778137,6326.750625,-30.770520
4843.750000,88664587.368347,-53218565.834900,6311.837157,-30.974084
4882.812500,88922062.647461,-52780781.233093,6311.636261,-30.692674
4921.875000,88328502.501526,-53298337.741882,6296.771628,-31.108136
4929.315476,88170352.194519,-53500819.478088,6294.911050,-31.249847
4940.257353,87998993.042053,-53684934.669312,6291.816881,-31.386750
4947.916667,87944879.883606,-53668292.726440,6288.468302,-31.394522
4957.932692,87908017.801514,-53627233.970886,6285.242332,-31.385705
4971.590909,87601510.733215,-53894842.646912,6277.822451,-31.601897
4980.468750,87687429.142151,-53746830.102966,6277.563774,-31.506584
4991.319444,87861857.410400,-53331278.109741,6273.445029,-31.258258
5000.000000,87598696.320923,-53618331.577515,6268.848648,-31.471333
5010.190217,87687958.140869,-53414311.238647,6267.008921,-31.348223
5022.321429,87542408.139893,-53507790.056824,6262.397198,-31.435092
5037.006579,87416410.009033,-53571752.183960,6257.875659,-31.502314
5045.572917,87093350.631653,-53990763.298767,6254.509003,-31.796470
5060.369318,87051442.097778,-53889359.747498,6249.075006,-31.760594
5078.125000,86864084.673706,-54019309.414612,6243.539590,-31.877724
5095.108696,86590645.198242,-54253315.633484,6236.944693,-32.070122
5099.826389,86560322.554749,-54219991.615356,6234.296415,-32.063312
5108.173077,86498238.971619,-54235850.649170,6231.599504,-32.089350
5115.327381,86249058.861511,-54545431.681152,6228.798408,-32.310938
5126.953125,86207210.995850,-54507714.290894,6225.409145,-32.305596
5139.802632,86016869.769348,-54684486.100891,6221.374597,-32.446767
5149.147727,86290724.854553,-54152420.027222,6218.163730,-32.111595
5161.830357,85788774.621643,-54764981.400330,6212.272418,-32.553900
5170.036765,86085153.652405,-54229508.235962,6210.045983,-32.209906
5180.027174,86031421.598389,-54107933.981628,6203.317493,-32.168059
5208.333333,85512133.693604,-54761456.953003,6197.930502,-32.636217
5237.926136,85323308.080750,-54676184.892273,6185.418169,-32.653192
5249.023438,84951256.028015,-55156047.620178,6182.211077,-32.995307
5258.413462,85268810.760864,-54614225.165771,6180.577219,-32.640311
5273.437500,84835386.902832,-55030956.048523,6172.122086,-32.971611
5284.926471,84893875.867859,-54842525.492493,6168.868940,-32.863944
5289.713542,84784957.448547,-54954156.181763,6166.989105,-32.950636
5301.339286,84931671.876831,-54600825.537292,6162.816564,-32.737096
5316.840278,84748926.179688,-54769348.341736,6159.013886,-32.873704
5326.704545,84686817.615112,-54735625.904724,6154.712780,-32.876766
5338.541667,84415311.746399,-55055743.109680,6151.453491,-33.113404
5349.864130,83977128.342102,-55549911.389038,6145.658203,-33.485168
5371.093750,83942000.201599,-55421760.204956,6139.556819,-33.435324
5394.345238,83617326.470093,-55654306.744202,6130.881939,-33.648070
5399.816176,83622193.474915,-55534177.526062,6127.069778,-33.589450
5408.653846,83772798.549194,-55229444.744202,6124.472044,-33.396915
5415.482955,83369665.431030,-55708899.570007,6120.154408,-33.752454
5425.347222,83581300.588867,-55416871.272888,6121.031166,-33.546543
5440.848214,83553856.644043,-55278004.003113,6114.954283,-33.489023
5448.190789,83543395.637451,-55216961.136963,6112.366588,-33.463197
5468.750000,83261915.440308,-55254062.466553,6099.292814,-33.569937
5487.351190,82820693.603577,-55863449.390076,6097.592776,-34.001091
5504.261364,82492873.386536,-56151133.584229,6090.877963,-34.243291
5514.705882,82512735.391724,-56033665.000916,6087.849257,-34.181085
5519.701087,82437044.634644,-56148638.817139,6087.975580,-34.260152
5533.854167,82473313.834045,-55896846.386230,6081.169669,-34.128729
5550.986842,82087031.277466,-56290019.194824,6075.206461,-34.440845
5558.894231,82433223.264160,-55726945.389587,6073.330223,-34.060693
5566.406250,82211206.574280,-55943375.772095,6069.530427,-34.235654
5580.357143,82069651.469116,-55906613.986389,6061.125708,-34.264068
5593.039773,81965385.673584,-56006542.171570,6059.306059,-34.345615
5598.958333,81799281.061523,-56219682.494385,6058.296978,-34.501300
5615.234375,82064895.896851,-55733446.313660,6054.941247,-34.182951
5629.595588,81332886.686462,-56479422.970581,6043.886626,-34.778026
5642.361111,81474957.327698,-56229230.797852,6042.324252,-34.612180
5653.782895,81355306.610229,-56287243.738464,6038.328990,-34.679195
5664.062500,81182869.472961,-56481737.852051,6036.448544,-34.828702
5673.363095,80741921.132080,-56720187.315796,6022.729447,-35.088595
5681.818182,80862559.414917,-56648331.250732,6026.238681,-35.014228
5696.614583,80756374.078186,-56764656.682983,6025.011785,-35.104894
5709.134615,80851572.531433,-56460307.523926,6019.111430,-34.928415
5719.866071,80785542.064941,-56371801.376404,6012.714510,-34.908198
5729.166667,80980452.786316,-56221912.718079,6017.252471,-34.771929
5737.304688,80930160.702820,-55995315.713379,6006.850946,-34.680257
5750.868056,80692937.708984,-56027314.571777,5996.063187,-34.774331
5761.718750,80623300.537048,-56353343.120667,6003.950626,-34.953460
5770.596591,80282418.388855,-56465167.697388,5990.832963,-35.120970
5859.375000,79206758.841492,-57213144.351196,5963.867913,-35.842638
5952.380952,78672753.493408,-57001260.273315,5929.879369,-35.925750
5962.171053,78300087.942383,-57537494.685486,5930.796954,-36.310747
5967.881944,78168282.144714,-57556448.385742,5925.001821,-36.365831
5981.445312,78161839.873413,-57428154.186340,5920.045289,-36.307057
5989.583333,78246591.454956,-57319436.512329,5920.290955,-36.225660
5998.883929,78198483.538025,-57246452.963684,5915.289950,-36.207659
6009.615385,78368467.606934,-56921872.174377,5912.000488,-35.993332
6022.135417,78184591.108887,-57109968.518066,5909.688143,-36.147343
6036.931818,77996184.766235,-57079461.809265,5899.305969,-36.198620
6045.386905,77940629.039917,-57189261.234680,5900.532078,-36.270584
6064.967105,77698383.381226,-57335582.871948,5893.916041,-36.425619
6076.388889,77149546.434448,-57894067.918945,5887.391661,-36.886148
6089.154412,77086955.282654,-57883914.293823,5883.964261,-36.903651
6103.515625,76995360.410339,-57890801.761353,5879.747217,-36.939640
6119.791667,77099974.960327,-57580007.561890,5873.481495,-36.754293
6138.392857,76780172.095825,-57808690.125061,5866.238481,-36.977609
6152.343750,76951562.489075,-57463799.036133,5861.979275,-36.751725
6159.855769,77035036.382935,-57337195.170776,5861.445274,-36.661400
6167.763158,76795339.758850,-57509161.639954,5856.001113,-36.829255
6184.895833,76735277.732727,-57407636.187317,5849.352884,-36.802193
6204.044118,76110030.655151,-58111628.650452,5844.815874,-37.363606
6214.488636,76128224.495178,-57965925.010010,5840.306683,-37.287648
6225.585938,75961463.332031,-58063185.345032,5835.814914,-37.394562
6250.000000,75596699.252747,-58329199.949097,5828.046652,-37.654312
6270.559211,75781373.458191,-57804916.715820,5817.511557,-37.336956
6277.901786,75765862.265625,-57816881.065552,5817.201809,-37.348331
6293.402778,75501147.022034,-58052658.000061,5813.126176,-37.557708
6310.096154,75654524.038391,-57690694.360291,5807.127300,-37.328594
6318.933824,75602759.960754,-57680007.508972,5804.219538,-37.342387
6347.656250,75336737.661438,-57718189.734680,5792.735791,-37.458131
6373.355263,74043914.792542,-58684910.666077,5766.761289,-38.400385
6380.208333,74897178.922302,-58009296.774292,5782.324497,-37.759580
6392.045455,74309124.283508,-58636612.620483,5777.629672,-38.277759
6401.909722,74792248.385803,-57932193.669189,5774.379260,-37.761576
6417.410714,74301350.296021,-58406068.426758,5768.550338,-38.170954
6433.823529,73924631.094116,-58502348.731140,5754.135559,-38.358459
6445.312500,74356565.508728,-58085972.167114,5759.152119,-37.997415
6460.336538,74324300.140259,-57983960.677429,5753.768248,-37.960625
6469.726562,74222124.226501,-58056253.421631,5751.569916,-38.033499
6476.151316,73934305.001160,-58305693.977417,5747.158130,-38.260967
6510.416667,73268568.004211,-58857830.052917,5736.352179,-38.776622
6548.713235,73288050.660767,-58505229.837097,5723.827703,-38.601209
6556.919643,72980156.274475,-58807038.014465,5720.693072,-38.862836
6569.602273,72882664.741638,-58768900.781311,5714.599340,-38.882098
6578.947368,73184850.330261,-58289752.402100,5710.703068,-38.537509
6591.796875,73220254.836853,-58219556.193420,5709.726017,-38.490367
6610.576923,72550802.171204,-58843312.267822,5701.705194,-39.045401
6618.923611,72836579.116455,-58331233.195801,5695.672955,-38.690661
6640.625000,72277043.162598,-58934904.335938,5692.268641,-39.195055
6663.602941,72112755.617798,-58895589.590515,5682.982425,-39.240195
6673.177083,71855980.335022,-59125712.853821,5679.766610,-39.449953
6681.743421,71796104.295776,-59114246.870239,5676.500116,-39.467938
6696.428571,71784130.250427,-59020349.492004,5672.294342,-39.427938
6713.867188,72135722.417664,-58435215.070984,5666.338644,-39.011155
6727.430556,71910106.289124,-58571011.833557,5660.875621,-39.164081
6747.159091,71644002.244690,-58749333.835022,5655.186787,-39.353512
6760.817308,71762312.111816,-58487673.144958,5650.669075,-39.181856
6770.833333,71217938.885620,-59050616.877991,5646.821648,-39.665120
6778.492647,70963896.454163,-59252367.843811,5642.778385,-39.861875
6835.937500,70616749.393677,-59161860.582825,5622.980849,-39.957047
6893.382353,70128066.006409,-59260281.598816,5604.024944,-40.199980
6901.041667,70160967.862793,-59148048.455627,5601.141137,-40.133195
6911.057692,69920816.637085,-59354651.503296,5598.094722,-40.328579
6924.715909,70034545.891418,-59102920.260803,5593.466785,-40.162571
6944.444444,69576554.494690,-59478852.953369,5587.015081,-40.527308
6958.007812,69569375.643188,-59352022.473938,5581.654538,-40.469827
6975.446429,69273953.736816,-59531694.191895,5575.090465,-40.675849
6998.697917,69512885.417725,-59077927.305969,5568.183049,-40.361886
7008.272059,69506170.467957,-58911534.045105,5561.298669,-40.284889
7031.250000,69472519.401611,-58823261.648438,5556.248837,-40.256199
7052.951389,69213962.369446,-58967226.278809,5549.908670,-40.430717
7061.298077,68760357.080750,-59408215.713196,5546.422460,-40.827870
7080.078125,68378152.780640,-59674226.610596,5539.453351,-41.112707
7102.272727,68448124.869690,-59432317.143860,5532.980053,-40.968423
7114.955357,68582170.934265,-59144046.293579,5527.653563,-40.775103
7123.161765,68180993.919006,-59053724.256165,5505.522287,-40.898083
7161.458333,67732421.783936,-59736725.722351,5512.341469,-41.411959
7202.148438,67659028.218750,-59484269.420288,5498.796009,-41.322414
7211.538462,67763710.142212,-59307533.163696,5496.485703,-41.193981
7226.562500,67403173.387085,-59588484.125122,5491.288357,-41.479852
7238.051471,67093272.957825,-59774465.725891,5484.675951,-41.699583
7254.464286,67450436.596375,-59268320.586121,5480.531307,-41.306810
7279.829545,66823029.809570,-59769442.798828,5472.166564,-41.812076
7291.666667,66974212.656494,-59238335.658752,5457.516971,-41.493813
7324.218750,67038450.557617,-59169361.496216,5457.667703,-41.433434
7352.941176,66396053.180725,-59563988.532288,5444.387340,-41.896558
7361.778846,66110593.403809,-59896762.061218,5445.046971,-42.178090
7378.472222,66004117.574829,-59807872.774109,5436.587933,-42.181703
7393.973214,66453462.550537,-59262198.163696,5434.718761,-41.727330
7421.875000,65581236.456055,-59963358.981201,5423.888046,-42.439086
7446.289062,65971231.934143,-59243437.271790,5412.021475,-41.925687
7457.386364,65394935.736267,-59873903.725708,5411.812777,-42.477662
7467.830882,65957615.220337,-59195641.542969,5409.454138,-41.908578
7486.979167,65746719.514893,-59266376.185913,5402.770773,-42.033836
7512.019231,65148121.925293,-59721470.099182,5394.419753,-42.512828
7533.482143,65120659.392212,-59572034.916748,5387.023566,-42.453363
7552.083333,64784066.611023,-59803831.482605,5381.469423,-42.712156
7568.359375,65074805.239441,-59345019.734680,5375.612296,-42.364525
7595.486111,64697577.277832,-59550137.419495,5367.092833,-42.628916
7617.187500,64219465.061829,-59919707.910828,5361.021122,-43.017532
7634.943182,64380003.351746,-59567639.410645,5353.572380,-42.777825
7649.739583,63894733.233215,-59956460.748718,5348.080918,-43.179972
7662.259615,63737933.084961,-60030196.867737,5344.190524,-43.285373
7672.991071,63620399.481750,-60073700.876526,5340.793138,-43.358879
7682.291667,63928029.091370,-59648204.288269,5336.709606,-43.017733
7690.429688,63566724.591492,-59975939.504150,5334.314826,-43.336437
7812.500000,62713451.626160,-59949244.670410,5295.428017,-43.710346
7934.570312,61750818.272644,-60006904.000427,5255.564538,-44.180722
7942.708333,61608448.664795,-59989366.780151,5248.589221,-44.238453
7952.008929,61932911.867432,-59725518.867004,5251.604388,-43.961825
7962.740385,61993212.572693,-59537597.546753,5246.302718,-43.843749
7975.260417,61445543.345703,-59981555.813110,5241.136841,-44.310553
7990.056818,61342838.847595,-59971990.301758,5236.244691,-44.353898
8007.812500,61460241.506409,-59755383.912598,5232.146238,-44.195510
8029.513889,61419864.165710,-59598014.096313,5223.685944,-44.138814
8056.640625,61400078.765259,-59412275.788086,5214.929527,-44.058660
8072.916667,60645445.725891,-59639766.470703,5191.653917,-44.522286
8091.517857,60901705.489624,-59681750.181091,5204.610907,-44.421663
8112.980769,60405798.754333,-60023435.909851,5197.714633,-44.819408
8138.020833,60206181.839111,-59974315.849304,5186.962678,-44.890782
8167.613636,60432765.672729,-59567357.548401,5179.302799,-44.588121
8203.125000,60475851.030701,-59354422.488037,5172.063931,-44.465126
8231.026786,59833302.417725,-59716631.809387,5159.740558,-44.945410
8246.527778,59334396.505920,-60038861.646301,5152.202530,-45.339457
8263.221154,59320686.955200,-60015318.492737,5150.592255,-45.334841
8300.781250,59396040.617615,-59629321.277954,5137.107589,-45.113626
8333.333333,58898409.465454,-59841036.347046,5124.919155,-45.456180
8345.170455,58794262.685425,-59911119.833557,5123.514270,-45.540403
8370.535714,58442141.104553,-60084701.603271,5116.072983,-45.795312
8398.437500,58484342.769104,-59867275.037781,5108.367843,-45.670815
8413.461538,58117270.039551,-59702579.054016,5085.528460,-45.772239
8463.541667,58530207.245422,-59341612.960815,5087.431754,-45.395745
8510.044643,58087026.839355,-59369771.267883,5069.701295,-45.627047
8522.727273,57545774.581543,-59783051.206543,5064.796291,-46.093768
8544.921875,57702794.009583,-59560419.050171,5061.678927,-45.908929
8563.701923,57280966.420227,-59641011.014038,5047.344195,-46.157707
8593.750000,57541151.289124,-59383873.913025,5047.074504,-45.904253
8626.302083,56934564.219910,-59897386.043274,5044.051924,-46.454062
8649.553571,56675993.876282,-59725101.884888,5025.558515,-46.501882
8680.555556,56299757.689514,-59941266.342590,5019.387753,-46.795711
8700.284091,56610779.096313,-59541650.340210,5014.698523,-46.446806
8713.942308,56542073.414185,-59359539.332642,5003.755465,-46.393904
8789.062500,56279645.991089,-59366804.969116,4993.043075,-46.530509
8864.182692,55475578.336182,-59412120.149353,4961.427346,-46.963815
8877.840909,55321669.331421,-59568034.690979,4961.989751,-47.118099
8897.569444,55104605.794983,-59458667.981812,4948.085112,-47.177912
8928.571429,54604819.905945,-59720648.614502,4939.189428,-47.563561
8951.822917,54836356.848267,-59499937.157715,4938.822205,-47.337097
8984.375000,54234014.723877,-59755835.969360,4925.535510,-47.774726
9014.423077,54524707.455872,-59312797.060791,4917.535463,-47.409881
9033.203125,54148911.597534,-59585614.490967,4914.351937,-47.738160
9055.397727,54305969.030396,-59321527.058228,4908.902712,-47.528817
9068.080357,53758376.008911,-59686183.735718,4902.911728,-47.992566
9114.583333,53628196.135315,-59460951.807373,4887.380203,-47.953921
9164.663462,53506194.151733,-59084422.923218,4865.336490,-47.837774
9179.687500,53402346.231873,-59281994.724915,4870.037174,-47.988288
9207.589286,53397474.099854,-59119653.965454,4862.480212,-47.912744
9232.954545,52678184.664307,-59514485.441711,4851.181840,-48.488356
9277.343750,53150292.532227,-58850090.983521,4840.157403,-47.914733
9314.903846,52378636.033569,-58811529.899963,4806.957848,-48.312574
9331.597222,52546875.586365,-59028101.586670,4823.659070,-48.325917
9375.000000,52349553.684998,-58952379.016663,4812.202379,-48.396437
9410.511364,51779289.281067,-59177415.071594,4799.489976,-48.816035
9440.104167,51541800.432495,-59241544.241333,4792.909423,-48.977263
9465.144231,51593466.934204,-59019948.611511,4784.788490,-48.842461
9486.607143,51162852.212646,-59240556.251831,4777.713724,-49.186060
9521.484375,50939496.044373,-59243120.505066,4768.932709,-49.311254
9548.611111,50757706.173279,-59210397.033081,4760.189356,-49.396850
9570.312500,50975434.238342,-58898247.029480,4754.426629,-49.125816
9588.068182,51244961.231323,-58555957.838440,4749.466998,-48.810805
9602.864583,50364873.937866,-59199622.915649,4744.118104,-49.611542
9615.384615,50716206.122742,-58789301.924561,4739.050148,-49.217852
9765.625000,49890044.688477,-58637226.562927,4699.192838,-49.609481
9928.385417,48603969.040344,-58613263.133118,4647.583407,-50.334890
9943.181818,48079769.759827,-58791143.241760,4635.625081,-50.724978
9960.937500,48753443.130676,-58407698.879272,4643.773061,-50.149416
9982.638889,48251529.492554,-58682216.365417,4637.131652,-50.572695
10009.765625,48678412.971375,-58183971.769287,4630.357914,-50.084639
10044.642857,48033576.393188,-58505585.046021,4620.356369,-50.615210
10091.145833,47604041.323853,-58595069.220337,4608.002626,-50.910265
10120.738636,47930789.458435,-58162780.107300,4600.211377,-50.510234
10156.250000,47527047.780701,-58279246.459473,4590.085622,-50.804064
10199.652778,47600871.790955,-57964848.251953,4578.088362,-50.608571
10253.906250,47055340.256592,-58087508.688904,4562.844269,-50.991376
10298.295455,46909750.689758,-57965244.898682,4551.452508,-51.019167
10323.660714,47037425.938599,-57721275.208191,4544.805549,-50.824694
10351.562500,46250194.670837,-58198021.790466,4537.350210,-51.527217
10416.666667,45805029.262756,-58155841.845947,4518.472293,-51.776654
10475.852273,45757697.887817,-57878935.227905,4503.414527,-51.672473
10498.046875,45678974.418701,-57827564.986877,4497.975249,-51.695719
10546.875000,45161997.933105,-57954240.316223,4484.580494,-52.073321
10579.427083,45232824.943054,-57725700.847229,4476.250811,-51.919918
10602.678571,45347052.158813,-57507523.124878,4470.089893,-51.744291
10633.680556,45239686.722656,-57419381.596741,4461.808022,-51.767594
10653.409091,44987382.010132,-57511147.418152,4456.704205,-51.967679
10742.187500,44173535.504333,-57648652.649475,4432.930223,-52.540249
10830.965909,44241793.631104,-57020012.703247,4405.087857,-52.193674
10850.694444,43681207.507324,-57438848.896729,4404.517417,-52.749222
10881.696429,43790148.540710,-57190511.191589,4396.501042,-52.560665
10937.500000,43740649.020813,-56874437.482910,4379.356564,-52.438599
10986.328125,42771142.239197,-57416049.837769,4370.000514,-53.317910
11008.522727,42954251.494568,-56705026.605042,4342.014010,-52.857506
11067.708333,42837451.991882,-56923290.497253,4348.350353,-53.038384
11132.812500,42253669.583801,-57034503.020569,4332.470692,-53.468901
11160.714286,42801101.932556,-56498420.851624,4326.317460,-52.855344
11186.079545,42154659.484924,-56798923.653015,4317.321001,-53.419748
11230.468750,41702008.513550,-56958239.531799,4308.754683,-53.791841
11284.722222,41665674.850220,-56691520.245300,4294.316251,-53.687398
11328.125000,41976140.399719,-56250810.202209,4283.977004,-53.270103
11363.636364,41017806.868530,-56724959.088562,4272.670440,-54.130912
11393.229167,41018607.694519,-56623346.926147,4267.674841,-54.081588
11439.732143,41014276.684448,-56391149.488953,4256.049941,-53.972536
11474.609375,41207603.079163,-56088442.762878,4248.097575,-53.697241
11501.736111,40893824.104492,-56183616.332458,4241.481549,-53.952205
11523.437500,40262535.312805,-56521081.635010,4235.680815,-54.537610
11541.193182,40079948.267578,-56563591.751709,4231.341391,-54.680909
11718.750000,39376938.721252,-56205693.677368,4188.768900,-54.987063
11914.062500,39080029.654419,-55393255.126099,4137.779347,-54.798587
11935.763889,38470440.287231,-55808705.807922,4137.295367,-55.422095
11962.890625,38856558.985229,-55417046.138794,4131.120167,-54.964781
11997.767857,38868995.995728,-55242925.353699,4122.859586,-54.871348
12044.270833,38681413.219604,-55159838.984070,4112.128594,-54.961161
12109.375000,38332894.021362,-55102613.451294,4097.084049,-55.176689
12152.777778,37499446.814453,-55222534.070618,4074.300696,-55.822766
12207.031250,37513917.084045,-55216859.991028,4074.510463,-55.809754
12276.785714,37367682.811401,-54990570.546448,4058.069773,-55.804404
12304.687500,37581605.769226,-54696322.324585,4050.607506,-55.508848
12369.791667,37323774.398193,-54598213.914978,4036.771327,-55.644818
12451.171875,36756425.560730,-54623286.652100,4018.599763,-56.064743
12500.000000,36903598.923523,-54324020.562256,4008.498967,-55.812446
12555.803571,35897909.866272,-54731108.449463,3995.083490,-56.740969
12586.805556,36223408.701599,-54389488.342590,3988.642760,-56.338039
12695.312500,36179401.452881,-53950331.682983,3964.864107,-56.155625
12803.819444,35208104.437500,-54122709.333008,3940.968125,-56.956724
12834.821429,34782194.447266,-54260786.643005,3933.945499,-57.341049
12890.625000,35194400.858765,-53775824.619080,3922.779056,-56.798328
12939.453125,34726849.947083,-53882819.164368,3912.712060,-57.200378
13020.833333,33964490.064880,-53979584.139099,3892.698793,-57.823195
13113.839286,34329214.705505,-53389017.089600,3874.231744,-57.260613
13183.593750,33477676.207886,-53644694.353271,3859.600030,-58.034945
13237.847222,33199927.209106,-53494352.865234,3842.851622,-58.176948
13281.250000,33477353.647705,-53203748.610779,3836.783357,-57.822403
13346.354167,33724208.884827,-52817604.483459,3824.942933,-57.443333
13392.857143,33052691.186890,-53073446.352722,3816.288592,-58.088192
13427.734375,33209253.747803,-52870639.691467,3810.860869,-57.867840
13454.861111,32954937.573181,-52454794.507324,3781.110743,-57.862447
13671.875000,32110800.135864,-52509598.109192,3756.808127,-58.555003
13888.888889,31676126.365967,-51962788.534790,3714.496727,-58.635557
13916.015625,31120020.337158,-52233335.996399,3711.119546,-59.215747
13950.892857,30734641.542236,-52303071.717712,3702.804354,-59.562157
13997.395833,31006348.815369,-52002870.667847,3695.483893,-59.196530
14062.500000,31256335.766663,-51597210.878113,3682.121441,-58.795272
14105.902778,30908236.358704,-51641700.051392,3673.487649,-59.100668
14160.156250,30538141.096313,-51686188.312622,3664.275537,-59.425564
14229.910714,30326587.369690,-51554852.006775,3650.812163,-59.536043
14322.916667,29879517.591187,-51442712.042053,3631.132319,-59.852421
14404.296875,29784696.008850,-51235822.709229,3617.306104,-59.831231
14453.125000,29928046.340515,-50930337.392944,3605.623235,-59.562108
14508.928571,29325110.824524,-51122454.229065,3597.285700,-60.162120
14648.437500,28640347.683167,-51008282.825745,3570.594884,-60.688265
14787.946429,28470573.001770,-50639332.623535,3545.885997,-60.656114
14843.750000,28377218.536133,-50501608.845520,3535.766049,-60.669843
14892.578125,27925659.752258,-50486975.131409,3521.564718,-61.053678
14973.958333,28197747.256775,-50144333.545227,3511.388741,-60.651362
15066.964286,27986872.686035,-49947485.427063,3494.611259,-60.738749
15136.718750,27361558.456665,-50064270.325195,3482.367100,-61.343940
15234.375000,27757241.846313,-49531418.699829,3465.605351,-60.735666
15299.479167,27247040.011230,-49632957.081238,3455.919904,-61.236309
15345.982143,27589267.056885,-49261916.351990,3446.243309,-60.750669
15380.859375,27107349.542236,-49353000.803589,3436.837897,-61.223823
15625.000000,26275912.478821,-49114828.744873,3399.871524,-61.855516
15869.140625,26068509.826477,-48438490.020935,3357.510167,-61.713678
15904.017857,25813679.442688,-48501894.092529,3353.582776,-61.979026
15950.520833,25837051.468628,-48318914.696289,3344.400208,-61.867553
16015.625000,25290557.699097,-48362961.501038,3331.183511,-62.395316
16113.281250,25378148.652222,-48098715.010620,3319.390863,-62.184525
16183.035714,24892391.856750,-48085435.249573,3304.939139,-62.632596
16276.041667,24854873.733215,-47839268.792969,3290.546613,-62.547729
16406.250000,24423476.260193,-47650002.262817,3268.205455,-62.864000
16462.053571,24387760.149841,-47596788.819580,3264.320691,-62.872048
16601.562500,24318550.305176,-47203647.033508,3241.046270,-62.745064
16741.071429,24041397.962524,-46943902.618042,3219.214595,-62.883491
16796.875000,23760303.321350,-46864783.866211,3207.122180,-63.116991
16927.083333,22943030.152893,-46817933.490234,3182.307404,-63.894817
17020.089286,22780951.338562,-46734696.595581,3173.398855,-64.014847
17089.843750,23444172.762878,-46296966.845215,3167.485136,-63.144810
17187.500000,22762819.982849,-46350274.548828,3151.836015,-63.846029
17252.604167,22474215.946228,-46300730.951660,3141.389871,-64.110114
17299.107143,22361494.442444,-45778481.395630,3109.718288,-63.967685
17578.125000,22454240.643250,-45351198.329590,3088.813375,-63.660991
17857.142857,21464714.270996,-45151886.729248,3051.501084,-64.576000
17903.645833,21649591.195496,-45018876.622925,3049.044427,-64.318982
17968.750000,21281241.934143,-44958368.334839,3036.029512,-64.671167
18066.406250,21332069.138794,-44739863.224426,3025.314197,-64.509990
18136.160714,20609901.049072,-44865559.479675,3013.576607,-65.329286
18229.166667,20614347.995911,-44625957.268799,3000.407144,-65.207996
18359.375000,20192460.174988,-44482617.758911,2981.730989,-65.586714
18554.687500,19682840.939392,-44289737.028137,2958.246530,-66.041065
18750.000000,19786864.711304,-43840057.352234,2935.792191,-65.710276
18880.208333,19834981.713379,-43409172.063965,2913.060212,-65.444816
19042.968750,19283901.909119,-43349161.696838,2895.895361,-66.020027
19140.625000,18905896.728882,-43299644.305481,2883.824509,-66.414463
19205.729167,18788035.747131,-43212651.279236,2876.083192,-66.503478
19531.250000,18034308.635803,-42783434.246948,2833.892021,-67.145316
19856.770833,17883552.761963,-42104002.827820,2792.114073,-66.988758
19921.875000,18144029.249268,-41905757.793457,2787.259553,-66.590692
20019.531250,17426914.530762,-42029832.239929,2777.153608,-67.481528
20182.291667,17320815.434204,-41685383.185547,2755.253100,-67.438473
20312.500000,17233948.222839,-41478152.144226,2741.538078,-67.439368
20507.812500,16694880.963806,-41347219.717529,2721.670467,-68.014492
20703.125000,16931053.968689,-40837724.494263,2698.347361,-67.483413
20833.333333,16691354.951599,-40643027.706665,2681.781461,-67.674928
20996.093750,16749543.091736,-40357756.999207,2667.042380,-67.462239
21093.750000,16535170.915222,-40226600.829895,2654.648151,-67.656850
21158.854167,15724585.854675,-40441513.132874,2648.457081,-68.754807
21484.375000,16023407.028748,-39717630.409973,2614.094983,-68.031227
21875.000000,15269636.771912,-39103947.160278,2562.305042,-68.671958
21972.656250,14934899.776794,-39255994.528381,2563.616078,-69.172778
22135.416667,15092329.327209,-38845793.764038,2543.694677,-68.769934
22265.625000,14640726.111572,-38847015.775635,2533.912344,-69.351541
22460.937500,14828716.512268,-38458439.810120,2515.837843,-68.916506
22656.250000,14668828.396179,-38146301.368896,2494.551553,-68.968221
22786.458333,13825432.198730,-38231159.365173,2481.411284,-70.120693
22949.218750,13921101.516663,-37970406.089905,2468.454172,-69.867594
23046.875000,14010097.196655,-37748976.888489,2457.653942,-69.640227
23437.500000,13708739.902283,-37260788.086975,2423.327912,-69.802818
23828.125000,13166838.171387,-36749686.551514,2382.715962,-70.290265
23925.781250,13375757.774902,-36615545.604248,2379.355056,-69.934677
24088.541667,12687045.038330,-36567169.522888,2362.470914,-70.867781
24218.750000,13152758.483215,-35933840.034058,2335.602020,-69.898067
24414.062500,13091051.773193,-35985293.599731,2337.261192,-70.011238
24609.375000,12686361.502930,-35782545.991394,2317.264911,-70.480601
24739.583333,12020914.367615,-35837968.662048,2307.217385,-71.459419
24902.343750,12464428.030762,-35492160.224426,2296.043102,-70.651410
25000.000000,11875107.847412,-35495325.985596,2284.559729,-71.504231
25390.625000,11952398.169128,-34989896.255676,2256.845457,-71.142152
25878.906250,11395194.655945,-34498915.892456,2217.606578,-71.723422
26041.666667,11442213.133789,-34241284.279297,2203.588372,-71.524324
26367.187500,11023772.938171,-33987295.146301,2180.875664,-72.031663
26692.708333,10776793.033020,-33620088.033386,2154.917627,-72.229073
26855.468750,11115631.412720,-33342169.318665,2145.221136,-71.564726
27343.750000,10158064.415283,-32990192.921143,2106.917177,-72.887941
27832.031250,9997538.472290,-32515105.031311,2076.320086,-72.910866
27994.791667,9664856.131531,-32405135.329346,2064.010129,-73.394913
28320.312500,10182964.442322,-31901424.679260,2043.959861,-72.299001
28645.833333,9483152.064636,-31726578.763489,2021.151254,-73.360630
28808.593750,9425486.591003,-31590004.252014,2012.156559,-73.388678
29296.875000,9422707.155884,-31061880.183411,1981.239269,-73.126838
29785.156250,8887618.534912,-30655158.783447,1948.150694,-73.834118
29947.916667,8938363.744507,-30494629.022644,1939.610822,-73.665640
30273.437500,8720315.953186,-30261623.637024,1922.239542,-73.927094
30598.958333,8565132.675598,-29947172.303955,1901.177855,-74.041227
30761.718750,8620515.220276,-29785228.438782,1892.613298,-73.860546
31250.000000,8678843.398621,-29329382.534973,1866.909798,-73.518181
31738.281250,7794586.604187,-29122801.024902,1840.135155,-75.018448
31901.041667,7728227.627991,-28958963.840881,1829.428316,-75.060015
32226.562500,7561159.506653,-28740109.798889,1813.903798,-75.262437
32552.083333,7578649.434998,-28420221.452515,1795.302949,-75.070940
33203.125000,7512778.857178,-27917082.532959,1764.598421,-74.940150
33854.166667,7204225.195312,-27422726.910461,1730.597886,-75.282659
34179.687500,7091585.107666,-27223326.673950,1717.083296,-75.401357
34505.208333,6957814.041077,-26970726.205200,1700.109712,-75.536661
35156.250000,7045437.805542,-26484575.742188,1672.760620,-75.105373
35807.291667,6360378.930542,-26137346.965149,1641.901853,-76.325468
36132.812500,6186617.198059,-25990381.476379,1630.698703,-76.613035
36458.333333,5890566.006653,-25678566.125549,1608.053280,-77.082369
37109.375000,6086882.891113,-25357305.041077,1591.701119,-76.504110
37760.416667,5703515.302246,-24905412.650024,1559.504394,-77.103554
38085.937500,6045927.962219,-24671472.335876,1550.430143,-76.232843
38411.458333,5565742.408569,-24557368.294861,1536.923562,-77.232354
39062.500000,5216458.332275,-24310080.176453,1517.591225,-77.891417
39713.541667,5362459.676147,-23717937.674988,1484.212155,-77.262302
40039.062500,5040443.740540,-23739503.780090,1481.289496,-78.015103
