Barrido en f -> f_inicial:10, f_final:40000, step: 10
Parametros -> M:512,	N:32, Modo:0,	Fuente:1
Formato -> f,x,y,r,phi

9.998933,121698747.393921,-7997.830750,7428.128767,-0.003765
19.997867,121692429.941101,-23676.271729,7427.743293,-0.011148
30.001920,121688989.994080,-75454.622986,7427.534616,-0.035528
40.003765,121685125.414368,-161695.406616,7427.303863,-0.076137
50.000000,121681481.759277,-268727.243042,7427.093020,-0.126538
60.000662,121678246.445618,-388800.366943,7426.915349,-0.183083
69.996387,121674263.174133,-517148.447083,7426.701387,-0.243528
80.000883,121676177.368225,-652781.906250,7426.858023,-0.307393
89.994552,121671989.391418,-792445.570312,7426.653032,-0.373171
100.000000,121665352.202393,-933028.209595,7426.308771,-0.439395
110.000782,121660309.955811,-1078846.010681,7426.074605,-0.508083
120.001324,121654435.247498,-1225662.284912,7425.800918,-0.577250
130.001981,121652202.408386,-1372177.151794,7425.760119,-0.646260
140.000734,121645923.763733,-1523991.144836,7425.487212,-0.717790
150.000000,121639270.495728,-1668898.603394,7425.197220,-0.786076
160.001766,121631076.414673,-1817841.734558,7424.827416,-0.856278
170.001209,121632273.223328,-1969867.653259,7425.044920,-0.927867
179.993873,121617365.406738,-2118438.464661,7424.287510,-0.997957
189.992704,121610183.595581,-2269251.285156,7424.015254,-1.069049
200.000000,121602810.995667,-2421210.599609,7423.744178,-1.140688
210.013441,121593548.324097,-2573253.668762,7423.369478,-1.212391
219.994849,121585469.749512,-2723722.736389,7423.076507,-1.283347
230.001207,121575613.686829,-2883481.193420,7422.699881,-1.358703
240.002648,121567295.263977,-3029650.796082,7422.409209,-1.427649
250.000000,121556852.588928,-3179665.230591,7422.005803,-1.498437
259.993912,121545671.450928,-3332986.081482,7421.574199,-1.570799
269.990809,121535320.035095,-3485138.444397,7421.203013,-1.642608
279.993444,121523725.988708,-3637407.745300,7420.767885,-1.714497
290.009470,121513344.712036,-3789199.528381,7420.417519,-1.786151
300.009796,121498494.802734,-3939642.792725,7419.803483,-1.857245
310.019841,121487645.897949,-4090803.826721,7419.446417,-1.928626
320.003531,121476412.875732,-4240887.314514,7419.075141,-1.999511
330.010776,121461729.206848,-4394175.510315,7418.511810,-2.071973
339.988426,121448458.057617,-4545812.867981,7418.042733,-2.143642
349.981936,121435644.583069,-4698587.563904,7417.615861,-2.215848
359.987745,121419438.476257,-4856938.249695,7417.007454,-2.290753
370.001941,121403959.425842,-5020441.985718,7416.469054,-2.368084
379.985409,121390897.876831,-5164597.448975,7416.041296,-2.436262
389.426764,121375916.002075,-5309947.342407,7415.510125,-2.505049
400.037651,121361414.590027,-5472692.898621,7415.066696,-2.582033
410.007156,121345644.232605,-5623536.468628,7414.525619,-2.653445
420.026882,121325578.677246,-5775174.520569,7413.736497,-2.725339
429.979011,121311219.854919,-5920162.325806,7413.287159,-2.793982
439.989698,121293108.697937,-6068787.468140,7412.630809,-2.864437
449.984681,121274419.035278,-6215782.119446,7411.945309,-2.934149
460.002413,121255313.081665,-6377898.465088,7411.293833,-3.011010
470.003342,121237423.333801,-6518452.648926,7410.659046,-3.077693
480.005297,121222664.563538,-6668308.493347,7410.256277,-3.148689
490.166506,121201512.116638,-6825234.317444,7409.499502,-3.223195
500.000000,121183750.023499,-6997881.272217,7409.017110,-3.305031
509.982639,121163149.672852,-7139990.448242,7408.267015,-3.372567
519.987825,121139350.893188,-7298173.168701,7407.391278,-3.447782
529.993719,121116860.743774,-7453911.152588,7406.598864,-3.521824
539.981618,121096806.278137,-7606495.922729,7405.955128,-3.594324
550.017960,121073783.209106,-7758988.663086,7405.142068,-3.666882
559.986888,121051837.924805,-7905140.162231,7404.381299,-3.736435
570.050837,121031039.011597,-8065186.624390,7403.757601,-3.812514
580.018939,121004291.900024,-8186767.227966,7402.625878,-3.870667
590.006510,120991236.527283,-8326042.840027,7402.409592,-3.936734
599.979575,120967122.646667,-8470024.963745,7401.549877,-4.005388
609.756098,120937966.597778,-8628567.518250,7400.457003,-4.081090
620.039683,120914305.503357,-8774364.581238,7399.655219,-4.150619
630.040323,120892711.670227,-8930306.279541,7399.035760,-4.224872
640.007062,120868250.402222,-9094996.841858,7398.294253,-4.303364
651.041667,120833267.707886,-9274816.830505,7396.996929,-4.389384
660.021552,120812168.035278,-9433811.538147,7396.462014,-4.465104
669.967297,120787794.228577,-9571708.806885,7395.638965,-4.531013
679.976852,120761067.526672,-9728376.977417,7394.774464,-4.605874
690.026198,120738024.746155,-9820555.404480,7393.826541,-4.650208
699.963873,120691415.713013,-10104900.949524,7392.418830,-4.786074
710.227273,120683288.372009,-10152328.788086,7392.166597,-4.808755
720.214844,120654581.912170,-10284653.139709,7391.102200,-4.872285
729.955808,120630716.196655,-10427923.256897,7390.398770,-4.940798
740.003882,120596932.707153,-10584614.042725,7389.174446,-5.016060
750.000000,120565507.096191,-10776869.330078,7388.299173,-5.108017
760.198353,120544294.358337,-10859008.986511,7387.457682,-5.147642
769.981971,120513688.557312,-11016972.135376,7386.468633,-5.223431
778.853528,120486320.095215,-11158023.484497,7385.594006,-5.291125
790.028090,120451380.289246,-11341713.185181,7384.513098,-5.379275
800.075301,120413922.667480,-11521146.891907,7383.271945,-5.465557
809.832317,120382985.004517,-11667599.788208,7382.249164,-5.536018
820.014313,120352063.311462,-11830480.177246,7381.336544,-5.614244
830.078125,120319973.541565,-11978106.448181,7380.274449,-5.685351
840.053763,120289360.751404,-12119060.381165,7379.272584,-5.753262
849.971065,120259070.963257,-12248471.751953,7378.229281,-5.815733
859.958022,120228329.316101,-12367640.938354,7377.103320,-5.873414
870.028409,120197995.415222,-12502038.536743,7376.105693,-5.938274
879.979396,120165851.286865,-12630419.010315,7374.969236,-6.000403
890.031646,120130706.394714,-12769988.297119,7373.731477,-6.067979
899.969363,120099940.867493,-12913429.364563,7372.795011,-6.137181
909.978693,120064764.692383,-13068285.793762,7371.677027,-6.212011
919.950181,120029138.132629,-13226473.608093,7370.566565,-6.288458
930.059524,119985195.289917,-13406710.799988,7369.114082,-6.375765
939.849624,119946572.479736,-13595848.145020,7368.062535,-6.467020
950.168919,119912019.538696,-13743675.572815,7366.988930,-6.538598
960.010593,119872121.404419,-13902852.093079,7365.682514,-6.615842
969.107824,119838808.668823,-14041514.265930,7364.642882,-6.683073
976.562500,119816438.978271,-14142294.704224,7364.005303,-6.731846
989.940068,119763712.596741,-14312110.856323,7362.031948,-6.814895
1000.000000,119720767.172363,-14507403.469727,7360.853649,-6.909448
1010.237069,119698346.220520,-14545027.564148,7359.771742,-6.928478
1019.965278,119662971.134033,-14661159.914917,7358.486984,-6.985297
1029.829545,119624920.888489,-14799536.214661,7357.213989,-7.052786
1039.975649,119587943.338257,-14941355.919434,7356.042227,-7.121860
1050.067204,119541897.825500,-15096875.317383,7354.436753,-7.197958
1060.267857,119502494.495728,-15258929.209534,7353.296922,-7.276772
1069.972826,119454069.044678,-15483886.385010,7352.117416,-7.385836
1079.963235,119410979.294189,-15631633.972107,7350.674269,-7.458183
1090.116279,119367437.423401,-15796832.310486,7349.355152,-7.538819
1100.035920,119323625.216125,-15957798.655029,7347.999997,-7.617504
1110.197368,119280832.133301,-16105017.213928,7346.608024,-7.689668
1120.174632,119239219.424500,-16237707.678040,7345.179391,-7.754929
1129.748775,119203495.136292,-16348957.740051,7343.938425,-7.809718
1139.322917,119163462.714233,-16456711.705078,7342.414499,-7.863157
1149.970794,119126315.487793,-16567442.349426,7341.096413,-7.917834
1160.272277,119084408.215454,-16701017.204834,7339.690808,-7.983625
1168.224299,119052065.522705,-16793642.383362,7338.523389,-8.029479
1180.013021,119006636.737122,-16942902.545898,7337.056293,-8.102952
1189.834770,118958233.345276,-17108250.056458,7335.561265,-8.184248
1200.112952,118914456.034241,-17246334.076477,7334.121409,-8.252395
1210.088315,118862525.549438,-17438923.067017,7332.681711,-8.346852
1220.703125,118811396.192322,-17603864.276062,7331.062791,-8.428244
1229.745370,118756564.267761,-17819718.310608,7329.695657,-8.533959
1240.079365,118707569.145508,-17966647.380676,7328.074956,-8.606773
1250.000000,118682821.517395,-17978193.175598,7326.686962,-8.613990
1260.080645,118615257.870728,-18260079.952271,7325.207720,-8.751884
1269.531250,118572672.132935,-18366450.132812,7323.629691,-8.805182
1279.633621,118537144.417480,-18440859.574463,7322.183533,-8.842900
1289.799528,118484305.160217,-18590975.610657,7320.411436,-8.917645
1302.083333,118442991.500732,-18681364.976746,7318.777790,-8.963376
1310.022866,118408340.814697,-18768426.034241,7317.518673,-9.007057
1319.679054,118361838.324768,-18907621.643433,7316.050708,-9.076256
1329.787234,118314020.413208,-19046886.171509,7314.514818,-9.145615
1339.934593,118260251.124756,-19217297.026550,7312.935769,-9.230161
1349.954044,118204893.853760,-19383976.730164,7311.240145,-9.313106
1360.212054,118148617.124817,-19572483.952148,7309.722102,-9.406464
1370.102612,118086461.243774,-19764886.642151,7307.908795,-9.502164
1379.925272,118030484.672974,-19945599.260620,7306.368848,-9.591900
1389.723558,117980275.575439,-20092489.371460,7304.846972,-9.665247
1399.739583,117928463.049927,-20225973.975159,7303.102253,-9.732428
1410.590278,117879589.347961,-20331013.251526,7301.249045,-9.785974
1420.454545,117828736.276245,-20469975.109070,7299.637292,-9.855723
1429.966518,117788259.558533,-20545491.958008,7297.993806,-9.894698
1440.429688,117743687.463196,-20632334.138245,7296.226757,-9.939375
1450.047348,117702147.002197,-20720505.887085,7294.660455,-9.984451
1459.231322,117657955.410034,-20825383.458923,7293.116976,-10.037655
1470.588235,117590249.882996,-21000313.257568,7290.917270,-10.125940
1479.640152,117545118.610657,-21128734.699951,7289.588168,-10.190399
1489.671610,117486312.998535,-21293183.334717,7287.838823,-10.273062
1500.226449,117409715.250854,-21535269.591919,7285.889798,-10.393959
1510.416667,117344319.062134,-21731109.652893,7284.130925,-10.492108
1519.097222,117290745.207275,-21865033.863953,7282.409228,-10.560032
1529.947917,117231021.611084,-22037533.510803,7280.763474,-10.646745
1539.963942,117175088.078003,-22177531.696350,7278.992510,-10.717816
1550.099206,117119424.157349,-22306390.169556,7277.121673,-10.783638
1557.555380,117087675.367432,-22331115.297363,7275.500629,-10.798169
1570.159314,117030199.894226,-22453181.510315,7273.454805,-10.860999
1579.733456,116985294.971619,-22538823.821228,7271.750177,-10.905520
1589.752907,116944676.109558,-22600554.520935,7270.029710,-10.938376
1600.477431,116883096.479858,-22740864.751160,7267.970101,-11.010287
1610.008446,116815545.790710,-22894081.480713,7265.715756,-11.088889
1619.664634,116759921.026672,-23046198.882507,7264.176240,-11.165907
1632.063356,116676409.164856,-23254931.791077,7261.655054,-11.272320
1640.625000,116630467.997803,-23385891.760010,7260.472321,-11.338511
1650.053879,116562533.434265,-23576499.522461,7258.704276,-11.434989
1660.156250,116492632.884277,-23754843.221802,7256.689641,-11.525912
1670.063406,116423951.126343,-23927841.413574,7254.700466,-11.614243
1679.687500,116362244.703308,-24070965.374512,7252.775848,-11.687834
1690.204327,116304124.085327,-24201225.934143,7250.917481,-11.755037
1699.942130,116270280.757507,-24206180.713318,7248.956751,-11.760704
1708.984375,116204169.525452,-24370527.849731,7247.058597,-11.844852
1719.916045,116164653.078247,-24399517.439331,7245.061517,-11.862463
1729.910714,116112626.584290,-24501842.645020,7243.240780,-11.915977
1740.056818,116062407.084961,-24579443.501282,7241.221450,-11.957656
1749.674479,116008000.393494,-24693738.598022,7239.421935,-12.017118
1760.563380,115928639.504150,-24864623.580811,7236.864381,-12.105874
1770.019531,115868567.179749,-25024106.501343,7235.328012,-12.187337
1779.513889,115799570.999512,-25195784.193237,7233.432243,-12.275513
1790.364583,115718579.108582,-25396217.651550,7231.214453,-12.378561
1799.938725,115633366.249756,-25624214.849365,7229.132324,-12.495133
1810.213415,115565734.401611,-25771177.899292,7227.049194,-12.571647
1819.957386,115495468.122559,-25928441.497314,7224.959754,-12.653349
1829.117063,115437784.737366,-26039853.736938,7223.017803,-12.712101
1839.900362,115378275.343750,-26148013.837585,7220.930876,-12.769543
1850.328947,115315562.220032,-26253895.322815,7218.629670,-12.826287
1860.119048,115275674.727600,-26280077.727356,7216.610868,-12.842950
1870.013298,115227310.558472,-26341301.264404,7214.564603,-12.877097
1879.422170,115188360.724304,-26376841.835876,7212.730927,-12.898105
1890.120968,115121583.586365,-26501810.227722,7210.465302,-12.964418
1900.337838,115053940.065979,-26644550.638306,7208.402478,-13.039268
1909.722222,114984064.147278,-26783494.919800,7206.166688,-13.112612
1920.021186,114907395.237915,-26969009.273010,7204.187981,-13.208766
1923.532197,114866666.547302,-27086595.809387,7203.411676,-13.268862
1953.125000,114668443.208435,-27461369.289856,7196.929406,-13.468226
1983.642578,114422216.183655,-28004823.785522,7190.128115,-13.753186
1989.976415,114412236.285767,-27956858.141541,7188.840936,-13.731675
1999.627976,114357171.877258,-28039901.655273,7186.781459,-13.777291
2010.569853,114291580.747803,-28141226.234924,7184.369321,-13.832800
2020.474138,114248647.953369,-28172271.248169,7182.278287,-13.852476
2029.718137,114186363.569946,-28286576.029480,7180.261671,-13.913794
2039.930556,114124201.998840,-28384041.169739,7178.012409,-13.967170
2050.781250,114047555.515930,-28521788.517822,7175.507727,-14.041338
2059.659091,113948436.334045,-28777376.322815,7173.442624,-14.173946
2070.312500,113870068.395752,-28935485.541504,7171.175639,-14.258065
2080.502717,113783871.993896,-29107897.158386,7168.677491,-14.349942
2090.186404,113669503.430603,-29350189.766968,7165.597759,-14.478341
2099.609375,113610195.586670,-29493980.160034,7164.293105,-14.553542
2109.375000,113536844.715637,-29616073.471252,7161.837060,-14.620250
2120.535714,113463094.542053,-29738217.117432,7159.367932,-14.687077
2130.681818,113404801.601257,-29810376.408325,7157.044674,-14.728407
2139.136905,113373196.833923,-29807974.426636,7155.141731,-14.731199
2148.437500,113320174.745850,-29872283.589844,7153.011384,-14.768199
2160.904255,113259095.822571,-29926100.473206,7150.244956,-14.801267
2170.138889,113210047.538757,-29964225.747864,7147.945633,-14.825432
2180.232558,113127413.465881,-30128846.895447,7145.649218,-14.913668
2189.867424,113066071.123657,-30223577.354614,7143.522232,-14.966212
2201.704545,112839325.841309,-30608332.301086,7136.264772,-15.177070
2210.115132,112833305.525146,-30768576.254333,7138.477067,-15.253610
2219.460227,112790298.166870,-30788778.646912,7136.269155,-15.268707
2232.142857,112674932.596924,-31005217.174194,7132.969971,-15.385976
2240.349265,112588328.056519,-31208128.436401,7131.171733,-15.493190
2250.339674,112509963.188232,-31335490.511108,7128.644276,-15.563672
2259.497549,112445135.876404,-31437984.139954,7126.514481,-15.620661
2269.847973,112383223.343018,-31505909.880249,7123.993198,-15.660959
2278.645833,112340117.111206,-31505420.788696,7121.451767,-15.666442
2289.870690,112277594.022827,-31558415.736816,7118.651964,-15.699804
2300.347222,112241148.380981,-31565870.746521,7116.633620,-15.708178
2308.238636,112190050.910767,-31630473.014038,7114.700292,-15.745547
2319.335938,112115314.538818,-31740209.846375,7112.131476,-15.807456
2331.149194,112026880.950623,-31869833.001953,7109.098831,-15.880662
2343.750000,111927756.991455,-32041005.500488,7106.147954,-15.975038
2350.983796,111826596.202881,-32278234.886719,7104.213998,-16.101017
2360.026042,111730144.872803,-32466991.137634,7101.764248,-16.203496
2368.683511,111631548.400330,-32678437.256470,7099.600526,-16.317070
2380.371094,111532181.078979,-32842358.454468,7096.599649,-16.408356
2391.581633,111436555.557129,-33005115.056335,7093.815598,-16.498645
2399.553571,111391237.131409,-33035621.696289,7091.692635,-16.519416
2410.239362,111328700.937317,-33088044.364014,7088.944157,-16.552983
2420.176630,111255403.436707,-33196050.310242,7086.537887,-16.614382
2429.496951,111201290.587524,-33241386.014832,7084.164985,-16.643467
2441.406250,111132877.382568,-33286131.509644,7080.947419,-16.674318
2450.980392,111082243.010681,-33300019.800171,7078.230223,-16.688070
2459.490741,111028931.492615,-33352955.179993,7076.042232,-16.720697
2470.128676,110959275.101929,-33460824.196289,7073.868580,-16.781679
2480.996622,110856898.037048,-33636333.493774,7070.989087,-16.879408
2490.234375,110762102.644592,-33817605.515442,7068.675484,-16.978847
2500.000000,110694860.382324,-33888464.768860,7066.015069,-17.022108
2511.160714,110561506.706299,-34164992.616638,7063.197263,-17.172359
2520.161290,110450480.514038,-34386797.835754,7060.735472,-17.293560
2530.184659,110348134.377991,-34561585.765564,7057.952542,-17.391329
2539.062500,110265760.195251,-34701992.592468,7055.722615,-17.469946
2549.913194,110204089.460388,-34740560.320679,7052.839522,-17.497369
2559.267241,110128137.624695,-34839543.016846,7050.238195,-17.555525
2569.901316,110057025.020935,-34904152.324036,7047.291125,-17.596738
2580.915179,110082114.066406,-34691069.775818,7044.830791,-17.492142
2590.013587,109948869.875183,-34907465.223206,7041.060006,-17.614547
2604.166667,109912112.904236,-34931923.803284,7039.373718,-17.631655
2620.045732,109733157.480713,-35223112.590149,7034.376355,-17.796572
2629.206731,109679222.935059,-35256858.357239,7031.872016,-17.820751
2639.358108,109523178.897095,-35623172.325073,7029.688649,-18.018006
2650.669643,109419594.894714,-35747281.747131,7026.025284,-18.092701
2659.574468,109271267.844849,-36022074.452820,7022.653154,-18.245721
2669.270833,109201972.099487,-36134719.532227,7020.793198,-18.309819
2679.869186,109144762.236694,-36163025.602783,7018.021348,-18.332166
2690.972222,108850389.525391,-36566419.034180,7008.769634,-18.569438
2699.908088,109111298.116089,-35977027.948975,7012.519152,-18.249363
2709.173387,108934625.600647,-36368055.425720,7009.800184,-18.462241
2720.424107,108921119.852661,-36262807.419556,7006.986386,-18.414548
2734.375000,108805319.719788,-36382964.429016,7002.602897,-18.489754
2743.675595,108747135.655334,-36456295.006104,7000.656304,-18.533714
2748.842593,108715246.276855,-36479837.802856,6999.267844,-18.549932
2759.850543,108624271.949036,-36592090.921631,6996.188033,-18.617597
2770.712209,108452349.502136,-36869846.407166,6991.682669,-18.776715
2779.447115,108362202.594360,-37081217.196777,6990.639787,-18.891348
2790.178571,108216282.928101,-37356462.952759,6987.677562,-19.045331
2799.479167,108126715.919434,-37480258.986328,6984.981220,-19.118554
2810.594512,108024050.528320,-37622430.033264,6981.910045,-19.202683
2821.180556,107923288.834106,-37768889.583496,6979.050069,-19.288600
2828.663793,107881580.010376,-37770959.888550,6976.688988,-19.296485
2840.909091,107764211.517883,-37939130.690125,6973.329939,-19.395540
2850.506757,107751173.402832,-37840146.990417,6970.575103,-19.350868
2859.933036,107713999.697021,-37817693.823669,6967.980228,-19.346417
2868.652344,107661883.501587,-37845401.179932,6965.539562,-19.368211
2880.859375,107603281.110107,-37845074.913879,6962.158557,-19.377819
2890.625000,107522491.427124,-37936757.201660,6959.366842,-19.434752
2900.094697,107429241.477356,-38070846.226135,6956.729214,-19.513918
2906.976744,107345371.766724,-38165883.937561,6953.845412,-19.573059
2929.687500,107064051.807312,-38669896.071777,6948.059194,-19.859529
2952.398256,106829719.842957,-38999616.149719,6941.484217,-20.055877
2959.280303,106727417.256897,-39181831.720886,6939.444023,-20.159820
2968.750000,106649389.361877,-39253885.252136,6936.491256,-20.207481
2981.085526,106546134.457642,-39360792.779602,6932.835671,-20.276082
2990.722656,106552253.908936,-39217186.972107,6930.153606,-20.207032
2999.441964,106477900.692871,-39302738.896973,6927.701280,-20.260528
3011.067708,106423722.223755,-39296314.209595,6924.463233,-20.266959
3018.465909,106388166.001465,-39280292.984985,6922.088618,-20.265588
3030.711207,106308436.880371,-39341093.823730,6918.810735,-20.308378
3038.194444,106194015.133057,-39464014.777710,6914.871273,-20.386767
3048.780488,106011798.168640,-39835832.497681,6912.397232,-20.595217
3059.895833,105982843.812134,-39807027.250488,6910.124515,-20.586725
3069.196429,105910465.661865,-39869383.870789,6907.329027,-20.629166
3079.927885,105710789.326965,-40242715.386963,6903.998399,-20.841790
3092.447917,105569580.049988,-40440091.053711,6900.244359,-20.960744
3098.060345,105501192.787109,-40542592.208435,6898.588325,-21.021670
3110.532407,105381890.961304,-40676567.559814,6894.732067,-21.106812
3125.000000,105328330.385742,-40613432.639282,6890.294967,-21.086706
3138.950893,105268014.461975,-40590234.495850,6886.350558,-21.086734
3150.201613,105159051.975159,-40724342.801270,6883.097378,-21.170230
3159.466912,105107813.704834,-40728785.796021,6880.279073,-21.181741
3167.229730,105096210.271057,-40658833.870483,6878.076988,-21.150707
3180.803571,104858686.668701,-41078272.557251,6873.854730,-21.393337
3190.104167,104879177.289734,-40905314.331787,6871.176246,-21.307567
3200.954861,104766665.379089,-41047430.740356,6867.938355,-21.395806
3208.705357,104501425.571533,-41600500.612793,6865.280878,-21.707424
3220.016892,104417635.518372,-41582463.711609,6860.122116,-21.714679
3230.168269,104336585.038208,-41727285.274170,6858.803804,-21.798573
3238.075658,104217563.393433,-41881829.476929,6855.570849,-21.894321
3255.208333,104068153.157043,-42048820.629700,6850.921773,-22.001859
3272.804054,103698476.316956,-42370298.842285,6837.403864,-22.225155
3281.250000,104069422.614807,-41708861.683716,6843.247216,-21.840531
3289.473684,103759241.172546,-42357332.253662,6840.538212,-22.207268
3300.107759,103874797.775391,-41935938.812195,6837.398514,-21.985376
3309.461806,103776761.463196,-41979029.087036,6832.835998,-22.024612
3320.312500,103696852.881470,-42111404.450500,6831.350768,-22.102776
3331.801471,103619670.476746,-42145215.010132,6827.763450,-22.133697
3339.213710,103492301.837708,-42351506.225769,6825.321635,-22.256199
3348.214286,103405649.155762,-42441720.648743,6822.515810,-22.315822
3359.375000,103138056.875122,-42941055.454102,6819.065214,-22.604846
3367.456897,103143153.422302,-42824274.952148,6816.615977,-22.548529
3380.408654,102961457.451477,-43085090.884705,6812.504291,-22.707953
3389.246324,102898137.024353,-43115736.686462,6809.661800,-22.735026
3399.884259,102736283.695007,-43353033.291504,6806.169393,-22.879625
3404.017857,102765400.521606,-43157419.074402,6803.174842,-22.781159
3417.968750,102695639.667419,-43185997.645996,6799.925188,-22.808603
3431.165541,102564283.916138,-43352389.957581,6796.482900,-22.913730
3441.220238,102586614.716064,-43169904.262756,6793.410380,-22.822722
3450.520833,102526530.825562,-43196314.085876,6790.656001,-22.847261
3459.821429,102180136.394714,-43478610.440552,6777.904638,-23.050889
3472.222222,102200023.635559,-43621887.751709,6782.449893,-23.114855
3479.003906,102052979.181030,-43925340.797119,6781.497417,-23.288554
3491.950758,102099160.506348,-43653263.214539,6777.540791,-23.150177
3499.348958,101918585.538330,-43975517.374329,6775.176246,-23.339771
3515.625000,101707753.385254,-44245926.244019,6769.929724,-23.511180
3530.649038,101569938.590088,-44357274.670227,6764.934192,-23.592387
3540.039062,101434608.365784,-44541025.057129,6761.866715,-23.707493
3551.136364,101333662.676880,-44639840.920715,6758.654930,-23.775311
3561.580882,101357763.247009,-44438310.341736,6755.052565,-23.674798
3569.504310,101340090.713440,-44377650.382202,6752.578631,-23.649700
3580.729167,101332996.251648,-44260039.091980,6749.305420,-23.595350
3591.229839,101164234.298035,-44504397.296326,6745.859183,-23.746462
3601.074219,101140282.571350,-44434362.696228,6742.800494,-23.718215
3610.321970,100965789.874329,-44622132.400146,6737.675622,-23.843878
3619.025735,100819229.640381,-44886710.992676,6736.046598,-24.000280
3627.232143,100844012.791504,-44765165.156799,6734.415125,-23.937382
3639.914773,100615006.867004,-45109102.121277,6730.202742,-24.149015
3651.494565,100486881.633850,-45240327.872925,6726.351671,-24.238526
3662.109375,100308922.893921,-45498776.344971,6722.949505,-24.399124
3669.507576,99927035.301392,-45860389.019836,6710.905088,-24.652951
3680.889423,100266858.528625,-45345147.503662,6716.742013,-24.335323
3689.236111,100038704.882874,-45737748.922241,6713.984455,-24.570629
3700.657895,99959685.457825,-45759723.109131,6710.156521,-24.598169
3710.937500,99964809.503601,-45622061.592712,6706.947960,-24.531789
3720.238095,99900654.295654,-45642738.778748,6703.910146,-24.555498
3728.693182,99865663.993591,-45617014.523560,6701.315119,-24.550875
3743.489583,99780688.242432,-45616805.273804,6696.592374,-24.569215
3750.000000,99633381.910339,-45844898.432495,6694.223889,-24.709586
3761.574074,99608254.286438,-45759007.421753,6690.640447,-24.674291
3771.551724,99341075.979553,-45994162.513000,6681.842748,-24.844510
3780.241935,99156610.659424,-46482355.340637,6684.220433,-25.116852
3791.360294,99116640.478760,-46431756.864075,6680.700800,-25.101750
3797.743056,99095741.275513,-46392086.252502,6678.518663,-25.087581
3808.593750,98888644.478882,-46693118.463745,6674.897245,-25.276432
3821.331522,98751040.094788,-46823712.321533,6670.714538,-25.369147
3831.129808,98917896.179565,-46358274.798157,6667.813082,-25.111069
3838.900862,98647859.365051,-46820190.126526,6664.932348,-25.390673
3847.064394,98600008.089844,-46821570.839539,6662.330024,-25.402098
3906.250000,98247970.469849,-46820873.110352,6642.908053,-25.481267
3967.285156,97545061.513184,-47511995.360840,6622.566828,-25.970433
3969.254032,97471983.809204,-47597148.657227,6620.836050,-26.027774
3981.370192,97293163.690613,-47843176.915405,6617.642849,-26.186076
3991.168478,97256381.408203,-47792589.816772,6614.265897,-26.170655
3999.255952,97164542.761108,-47882383.368225,6611.656284,-26.234708
4009.046053,97277808.186890,-47543254.224792,6608.743023,-26.047235
4021.139706,97073321.532043,-47806681.404114,6604.619649,-26.220103
4028.320312,97086110.472168,-47690882.661804,6602.200609,-26.162081
4040.948276,96971949.122009,-47766167.087463,6597.976295,-26.224577
4050.925926,96661465.585876,-48047450.276123,6588.605213,-26.431341
4062.500000,96528370.854858,-48390462.715393,6590.687673,-26.625768
4069.010417,96507102.769653,-48350381.854553,6588.431025,-26.611808
4083.806818,96392073.680603,-48402467.165955,6583.580499,-26.663916
4092.261905,96161621.633545,-48748577.080322,6580.538344,-26.883258
4101.562500,96054211.190247,-48842213.988342,6577.279990,-26.953490
4108.297414,95904416.779358,-48957914.934875,6572.339283,-27.044498
4123.263889,95859377.963745,-48961710.480408,6569.996321,-27.057198
4131.610577,95872343.007629,-48828688.930054,6567.012273,-26.990969
4140.625000,95873925.496033,-48719430.275208,6564.074510,-26.938715
4150.390625,95905031.816101,-48546428.053650,6560.991451,-26.848992
4161.005435,95741406.463501,-48733994.283447,6557.267798,-26.977659
4172.585227,95648936.511414,-48776659.035095,6553.420973,-27.020335
4175.646552,95363755.232300,-48889377.795776,6541.054875,-27.143293
4185.267857,95382371.379761,-49140903.227783,6549.083030,-27.258283
4199.218750,95322448.221741,-49085985.998413,6544.296596,-27.246860
4206.730769,95174231.180603,-49227358.677673,6540.214736,-27.350354
4218.750000,95034482.309692,-49405750.722595,6537.654851,-27.469461
4231.770833,94815505.883545,-49661413.035706,6533.024580,-27.644964
4242.995690,94706817.519409,-49698757.414490,6528.207442,-27.689702
4250.919118,94740223.382812,-49572660.500122,6526.441183,-27.621551
4261.363636,94479646.779419,-49946981.241821,6522.999855,-27.864141
4267.939815,94643617.007568,-49553404.388062,6520.671929,-27.636422
4278.273810,94407605.338989,-49883861.577698,6517.312006,-27.852264
4296.875000,94340537.459106,-49784647.404541,6510.864366,-27.821976
4310.344828,94325564.487976,-49607712.529114,6505.022194,-27.741603
4317.434211,94311149.699036,-49597443.841614,6503.951742,-27.740324
4330.842391,93941557.937805,-50130411.312683,6499.245867,-28.086727
4340.277778,94020235.644531,-49880657.338806,6496.324708,-27.948165
4350.142045,93745418.146484,-50267124.431702,6492.625430,-28.201436
4356.971154,93559799.236206,-50527625.207520,6490.183339,-28.372412
4371.279762,93476842.477051,-50512242.075623,6485.282122,-28.386370
4377.693966,93369890.618896,-50629903.608765,6482.960019,-28.469641
4394.531250,93201489.161316,-50739617.849243,6477.125364,-28.565060
4412.615741,92932909.804138,-50923783.138428,6468.126453,-28.721952
4420.230263,93207203.141663,-50425909.058411,6468.298556,-28.414612
4432.091346,93051524.675781,-50573771.976440,6464.247568,-28.525049
4438.920455,93144403.021729,-50334442.430359,6462.271403,-28.387247
4448.784722,93010047.877502,-50461318.320312,6458.747360,-28.482274
4464.285714,92888554.615662,-50504038.807312,6453.475365,-28.534020
4480.698529,92588391.708496,-50853394.686523,6447.623773,-28.778270
4492.187500,92405071.183777,-51044511.955261,6443.451007,-28.917090
4500.679348,92222806.970398,-51274674.307190,6440.530204,-29.074344
4507.211538,92181127.060547,-51274398.899475,6438.298687,-29.085215
4523.026316,91989247.108582,-51434941.106567,6432.842773,-29.212198
4531.250000,91857468.594910,-51570856.606750,6429.880669,-29.311702
4534.040179,91807496.900330,-51623714.019775,6428.801881,-29.350084
4557.291667,91739907.522095,-51435690.839050,6419.585965,-29.278847
4582.331731,91431636.203369,-51632682.846802,6409.084060,-29.454874
4589.843750,91663657.220398,-51241360.448608,6409.730721,-29.206707
4603.794643,91546099.490540,-51288567.231873,6404.876318,-29.260528
4609.375000,91144010.878784,-51927583.599426,6402.694454,-29.672388
4616.477273,91360020.765198,-51472771.644409,6400.481510,-29.398033
4629.629630,91060166.699402,-51789922.258057,6394.090232,-29.629668
4638.671875,91023002.755554,-51804519.368896,6392.559209,-29.646661
4650.297619,90844525.994568,-51977675.849976,6388.335920,-29.777376
4657.451923,90696884.264893,-52155177.363159,6385.909641,-29.901905
4670.516304,90482031.340515,-52371277.480103,6381.141908,-30.063277
4687.500000,90303360.712708,-52482741.779419,6375.121636,-30.165299
4701.967593,90323761.131409,-52285049.675964,6370.144572,-30.065833
4710.477941,90316405.899048,-52199837.431946,6367.151813,-30.027350
4720.052083,90422521.968872,-51921395.177490,6364.280460,-29.865696
4728.618421,90306084.057495,-52019234.109558,6361.096892,-29.944221
4743.303571,90188185.940491,-52060972.399719,6356.135542,-29.996500
4755.434783,89693753.477051,-52522912.416077,6344.217740,-30.353303
4760.742188,89795322.694214,-52529722.687378,6349.778138,-30.328271
4774.305556,89827745.610229,-52325916.860413,6345.215870,-30.222289
4785.156250,89381374.140930,-52950510.646667,6341.034411,-30.643871
4794.034091,89475032.800232,-52698759.056702,6338.141388,-30.498017
4801.432292,89234534.912598,-53015863.434021,6335.361484,-30.716225
4807.692308,89249202.778625,-52916550.636597,6333.037529,-30.664938
4817.708333,89036479.338928,-53162760.634583,6329.563519,-30.841898
4831.414474,88918935.902832,-53202749.658997,6324.657475,-30.894204
4840.353261,88924525.320557,-53091863.947937,6321.478029,-30.839974
4843.750000,88743277.713379,-52922842.607605,6306.691625,-30.811022
4882.812500,88847334.454102,-52755900.800720,6306.938927,-30.701961
4921.875000,88240875.249390,-53286882.772461,6291.831374,-31.127848
4929.315476,87986330.206177,-53654265.767944,6290.182282,-31.375860
4940.257353,88009237.621399,-53501177.219116,6286.517203,-31.296513
4947.916667,87796510.593323,-53755290.201111,6283.510900,-31.478871
4957.932692,87661423.053833,-53862741.153320,6279.911381,-31.569187
4971.590909,87479590.527466,-53948216.222168,6273.194886,-31.662856
4980.468750,87858455.644043,-53302251.850769,6272.348400,-31.245408
4991.319444,87498776.181763,-53760778.909546,6268.194925,-31.568224
5000.000000,87376054.028320,-53809569.358459,6263.375069,-31.627309
5010.190217,87514374.521667,-53540284.561768,6261.972126,-31.458742
5022.321429,87482390.599060,-53458109.152344,6257.690129,-31.428894
5037.006579,87302414.414124,-53584564.536499,6252.353223,-31.541743
5045.572917,87270771.295227,-53542408.854126,6249.361282,-31.530900
5060.369318,86894189.617065,-53981954.594482,6243.896589,-31.851052
5078.125000,86510196.738770,-54397789.660278,6237.473776,-32.162714
5095.108696,86419401.697937,-54360768.575195,6231.579569,-32.172250
5099.826389,86578082.347534,-54057244.754211,6229.948406,-31.980594
5108.173077,86164413.349487,-54573478.643066,6225.348270,-32.349671
5115.327381,86173231.923157,-54523345.515015,6224.166354,-32.323222
5126.953125,86354534.313049,-54115608.850220,6220.269610,-32.074995
5139.802632,86245063.348206,-54152456.500488,6215.804401,-32.125269
5149.147727,86217849.738464,-54091339.668823,6212.414427,-32.104278
5161.830357,86100053.216736,-54144191.250488,6208.041745,-32.164765
5170.036765,86045932.294495,-54139549.784607,6205.094709,-32.178789
5180.027174,85902983.437256,-54160920.423950,6198.407055,-32.231947
5208.333333,85644371.246399,-54360297.562744,6191.573143,-32.405118
5237.926136,85096051.262573,-54888755.417969,6180.767010,-32.823841
5249.023438,85197215.659302,-54611946.210449,6176.822742,-32.661088
5258.413462,84788990.203674,-55137729.608521,6173.296917,-33.036662
5273.437500,84701290.900513,-55113573.851074,6168.005857,-33.052289
5284.926471,84983458.106323,-54567558.072998,6164.378285,-32.705332
5289.713542,84831903.834106,-54745528.698242,6162.479774,-32.836791
5301.339286,84716308.311462,-54795408.714844,6158.205612,-32.896188
5316.840278,84637769.677063,-54759758.054199,6152.998704,-32.903418
5326.704545,84592636.921082,-54721179.401978,6149.406716,-32.898940
5338.541667,84054396.809998,-55414387.385376,6145.035362,-33.396578
5349.864130,84040516.771484,-55279988.679504,6139.816134,-33.337015
5371.093750,83656596.316345,-55663603.210876,6133.191747,-33.640076
5394.345238,83518269.711060,-55635084.648621,6125.199126,-33.670271
5399.816176,83794875.056946,-55161571.006042,6123.318190,-33.357610
5408.653846,83325468.439575,-55767590.695068,6119.903380,-33.794373
5415.482955,83313632.710388,-55613672.407104,6114.082166,-33.724972
5425.347222,83669966.879333,-55086832.597717,6114.441823,-33.361187
5440.848214,83375866.170532,-55356665.720581,6108.551038,-33.582809
5448.190789,83436054.557190,-55198833.876526,6106.291287,-33.488434
5468.750000,83028797.678467,-55490108.904724,6095.435984,-33.756739
5487.351190,82681143.468445,-55909685.289673,6092.113513,-34.067893
5504.261364,82735739.046143,-55652239.052185,6086.089959,-33.927771
5514.705882,82348094.293579,-56110010.182922,6082.161116,-34.270587
5519.701087,82304028.205078,-56122206.613953,6080.357940,-34.290656
5533.854167,82251721.349487,-56053782.772644,6075.367513,-34.275077
5550.986842,82287306.992737,-55828297.556396,6069.424827,-34.156164
5558.894231,82116540.284302,-55991731.999146,6066.416543,-34.289404
5566.406250,82078785.036377,-55972585.151123,6063.854193,-34.292547
5580.357143,82216018.722656,-55638280.961731,6059.316766,-34.088509
5593.039773,81846272.407349,-56002131.468079,6053.152612,-34.382336
5598.958333,82021809.797791,-55730961.628845,6052.680632,-34.195751
5615.234375,81881797.681763,-55764362.194397,6046.761255,-34.257240
5629.595588,81457492.796265,-56229085.905701,6041.441927,-34.617853
5642.361111,81484529.548340,-56063060.139099,6037.050336,-34.529803
5653.782895,80999015.001099,-56633276.312866,6032.535467,-34.961690
5664.062500,80905579.046509,-56661476.010071,6028.849657,-35.006155
5673.363095,80716237.276794,-56732393.369507,6021.875114,-35.102970
5681.818182,80840134.636353,-56574564.258850,6022.534967,-34.986616
5696.614583,80921521.784241,-56312149.346924,6017.442435,-34.834541
5709.134615,80748285.534302,-56430131.897461,6012.888495,-34.948421
5719.866071,80806296.388977,-56247597.111206,6009.419134,-34.842008
5729.166667,80309095.233948,-56854600.621765,6005.867860,-35.297520
5737.304688,80366612.348022,-56693812.400513,6003.070948,-35.201706
5750.868056,80582443.358398,-56257063.112183,5998.540887,-34.921099
5761.718750,80422236.225342,-56374575.758118,5994.639774,-35.030814
5770.596591,79945467.715942,-56946703.579529,5991.026669,-35.464052
5859.375000,79522120.083740,-56663395.658508,5959.947828,-35.472775
5952.380952,78564406.839539,-57005249.545837,5924.668374,-35.965182
5962.171053,78519805.335571,-57024511.340027,5923.155953,-35.989852
5967.881944,78030387.230286,-57632005.701660,5920.965044,-36.450062
5981.445312,78158627.390991,-57325017.112976,5916.161992,-36.259050
5989.583333,78387286.114624,-56946101.543884,5913.798967,-35.998385
5998.883929,78155188.505676,-57165362.413208,5910.234480,-36.184074
6009.615385,77939925.420715,-57346826.586670,5906.192031,-36.346053
6022.135417,77865250.483459,-57332248.899597,5901.993791,-36.365319
6036.931818,77909254.620911,-57082145.531067,5895.121782,-36.230361
6045.386905,77915958.635864,-57039785.258789,5893.924217,-36.207735
6064.967105,77572800.358154,-57313317.692993,5886.942398,-36.459274
6076.388889,77270081.251953,-57542331.331970,5880.429870,-36.675804
6089.154412,76952391.902527,-57902287.515808,5878.072662,-36.960465
6103.515625,76790277.128479,-57978798.196411,5872.981742,-37.054914
6119.791667,77092813.473267,-57424533.001526,5867.457513,-36.682598
6138.392857,76537993.457153,-57978837.942566,5860.701359,-37.145646
6152.343750,76733225.195740,-57547958.785095,5854.387368,-36.870048
6159.855769,76884995.033752,-57317007.662354,5853.364776,-36.705249
6167.763158,76705927.167603,-57478172.132996,5850.499209,-36.846465
6184.895833,76359778.842041,-57771563.886902,5844.392388,-37.111173
6204.044118,76180980.730164,-57823917.919006,5837.624435,-37.200814
6214.488636,76232573.206238,-57658335.671753,5834.030820,-37.103051
6225.585938,75829058.022888,-58078941.700134,5829.980991,-37.450306
6250.000000,75524590.760254,-58239119.882629,5821.203535,-37.637929
6270.559211,75192092.711731,-58367576.690002,5809.949911,-37.821382
6277.901786,75412675.580017,-58119908.503906,5811.351019,-37.622246
6293.402778,75528725.626038,-57829646.647522,5806.175559,-37.441094
6310.096154,75486637.043213,-57728385.029602,5800.379354,-37.408045
6318.933824,75442441.362122,-57702719.261230,5797.284933,-37.411942
6347.656250,75198496.813721,-57756082.738647,5787.448583,-37.527112
6373.355263,74288154.045410,-58197138.583374,5760.044033,-38.076176
6380.208333,74569147.838684,-58255082.270752,5775.731703,-37.998868
6392.045455,74185668.173645,-58621977.677917,5771.162186,-38.317141
6401.909722,74407760.731079,-58255656.864441,5767.993903,-38.059384
6417.410714,74088196.627380,-58510455.408264,5762.274206,-38.300712
6433.823529,73938392.270508,-58285155.541016,5746.577865,-38.249612
6445.312500,74251804.620605,-58056204.728882,5752.995126,-38.022360
6460.336538,74179644.223328,-58007109.108765,5747.679586,-38.025871
6469.726562,74013622.721130,-58135102.657776,5744.522802,-38.149516
6476.151316,73444190.704468,-58742411.357910,5740.310175,-38.654792
6510.416667,73685619.603577,-58168131.324219,5730.040792,-38.289028
6548.713235,73168012.095154,-58460668.469971,5716.405302,-38.625720
6556.919643,72978238.511353,-58617721.359131,5713.358594,-38.773338
6569.602273,72956847.181030,-58531380.945740,5709.041409,-38.740308
6578.947368,73073727.684509,-58253588.325867,5704.022980,-38.562612
6591.796875,73067363.751892,-58203092.396973,5701.798407,-38.540827
6610.576923,72828990.719055,-58330249.307739,5695.273893,-38.693102
6618.923611,72528891.144531,-58515136.191284,5688.067670,-38.897175
6640.625000,72127119.410156,-58913230.612183,5684.342575,-39.243012
6663.602941,71873981.787537,-59015593.269775,5676.347435,-39.390516
6673.177083,71711099.131531,-59125060.335022,5672.915466,-39.506394
6681.743421,72087826.419861,-58593934.207397,5670.172781,-39.105819
6696.428571,71651257.111328,-58987083.556396,5664.741349,-39.464172
6713.867188,71534221.077026,-58979387.463135,5658.929273,-39.506471
6727.430556,71765757.005066,-58579986.969421,5654.393387,-39.224769
6747.159091,71705416.190552,-58483537.989014,5647.818038,-39.202129
6760.817308,71595005.326355,-58496273.151367,5643.089035,-39.251494
6770.833333,71158603.041687,-58931358.454773,5639.388452,-39.631674
6778.492647,70808200.908875,-59275533.233948,5636.394487,-39.934825
6835.937500,70424263.045288,-59194506.923828,5615.261932,-40.049622
6893.382353,70153464.084106,-59049008.050293,5596.896239,-40.088902
6901.041667,70050844.974426,-59111062.665100,5594.547614,-40.159889
6911.057692,70306571.157471,-58722555.166077,5591.254946,-39.871012
6924.715909,69583672.625732,-59444329.519836,5585.976391,-40.507983
6944.444444,69571535.404175,-59292739.278503,5579.407046,-40.440678
6958.007812,69359998.918640,-59418868.544800,5574.591970,-40.586983
6975.446429,69463592.034607,-59149613.556335,5568.726533,-40.416239
6998.697917,69399259.163086,-59027937.778198,5560.922853,-40.384208
7008.272059,69350813.377441,-58895419.825256,5553.431557,-40.340406
7031.250000,69290531.817139,-58875162.929199,5549.826857,-40.355265
7052.951389,69130312.729431,-58879350.781616,5542.543826,-40.422740
7061.298077,68587932.387878,-59430871.407593,5539.368559,-40.909863
7080.078125,68719554.636841,-59122995.462830,5533.168469,-40.708318
7102.272727,68149808.644958,-59582176.597229,5525.260357,-41.163843
7114.955357,68343772.260010,-59252818.691711,5520.989074,-40.925905
7123.161765,68130095.678955,-58947525.229675,5498.930921,-40.868222
7161.458333,68189853.104797,-59040842.823120,5505.416353,-40.888213
7202.148438,67527553.390808,-59450790.637390,5491.421245,-41.361687
7211.538462,67454334.040405,-59456345.682251,5488.291881,-41.395175
7226.562500,67116629.681091,-59707064.663269,5483.005235,-41.657573
7238.051471,66951859.427490,-59753863.918274,5477.396831,-41.749824
7254.464286,67037162.829468,-59562578.052124,5473.520634,-41.622346
7279.829545,66722994.191711,-59700118.396301,5464.794695,-41.821688
7291.666667,66395005.460754,-59703567.138000,5450.032533,-41.963678
7324.218750,66919292.463623,-59125034.889771,5450.425158,-41.462705
7352.941176,66236016.112183,-59585163.931396,5437.984469,-41.975424
7361.778846,66171339.578125,-59640640.148865,5437.316651,-42.029774
7378.472222,65873443.333313,-59785368.119385,5429.756867,-42.227477
7393.973214,65698901.518433,-59897798.861450,5426.493748,-42.356732
7421.875000,65535478.623047,-59844576.177612,5416.935625,-42.402424
7446.289062,65745696.136780,-59315569.423523,5404.735261,-42.057923
7457.386364,65838392.881470,-59234704.726196,5405.635036,-41.978906
7467.830882,65739339.580750,-59260956.149658,5402.214692,-42.034429
7486.979167,65518534.193787,-59347448.281555,5395.754619,-42.171892
7512.019231,64748879.920959,-59973589.686890,5386.927190,-42.808631
7533.482143,64713625.176880,-59840615.742065,5379.835043,-42.760787
7552.083333,64749233.477905,-59651883.304199,5373.619010,-42.654869
7568.359375,65007014.395874,-59253413.986816,5368.787525,-42.350190
7595.486111,64368692.851196,-59714834.192200,5359.171934,-42.853343
7617.187500,64409159.589111,-59505521.816711,5352.305171,-42.735094
7634.943182,64273037.862061,-59512057.962219,5346.476500,-42.798657
7649.739583,63831677.476013,-59860128.964417,5341.251178,-43.162228
7662.259615,63620444.746216,-59986496.001221,5337.142236,-43.317311
7672.991071,63555711.603699,-59969493.293579,5333.555887,-43.338318
7682.291667,63843206.713989,-59590688.739075,5330.529321,-43.028108
7690.429688,63907494.437134,-59419685.050415,5326.285852,-42.917223
7812.500000,62711074.653564,-59765838.487732,5287.593774,-43.623745
7934.570312,61598227.403198,-59978967.878967,5247.699442,-44.238240
7942.708333,61352863.420105,-60063579.488403,5240.591468,-44.392926
7952.008929,61807044.067139,-59635895.621887,5242.277199,-43.977076
7962.740385,61849110.639343,-59511749.579651,5238.868468,-43.897938
7975.260417,61304300.773438,-59973480.801697,5234.626589,-44.372609
7990.056818,61096665.754089,-60074221.524109,5229.884108,-44.517861
8007.812500,61601207.463135,-59427560.426392,5224.406473,-43.972389
8029.513889,61443798.572876,-59424277.496155,5217.356815,-44.044063
8056.640625,61302268.237854,-59368824.122375,5208.795406,-44.083361
8072.916667,60441892.937988,-59630215.422668,5182.393380,-44.614007
8091.517857,60867734.931152,-59543220.211975,5197.213897,-44.371083
8112.980769,60292361.648254,-59957833.704407,5189.981237,-44.841930
8138.020833,60044219.730042,-60023655.802429,5182.092363,-44.991514
8167.613636,60270990.558777,-59581123.757996,5172.865790,-44.671528
8203.125000,60245697.912720,-59350214.071350,5161.867178,-44.572316
8231.026786,59651437.374817,-59729997.072083,5152.466819,-45.039032
8246.527778,59439598.331543,-59822252.151428,5147.330991,-45.185167
8263.221154,59075250.144287,-60059735.375183,5142.004601,-45.474800
8300.781250,59400398.994263,-59470635.068848,5130.437876,-45.035182
8333.333333,58734831.871277,-59831821.486145,5117.519023,-45.531434
8345.170455,58752191.339172,-59788563.385803,5116.377752,-45.502252
8370.535714,58724285.192932,-59634681.213196,5108.487412,-45.442040
8398.437500,58602973.753723,-59546255.640625,5099.446630,-45.458770
8413.461538,57922339.686768,-59828011.251221,5082.734153,-45.928548
8463.541667,58374048.983215,-59302486.114624,5079.040848,-45.453380
8510.044643,57788761.694397,-59438874.808655,5060.009667,-45.807801
8522.727273,57394993.813538,-59825523.204529,5060.288603,-46.189201
8544.921875,57571048.264771,-59506455.448242,5053.719149,-45.948425
8563.701923,57245376.979553,-59680942.935181,5047.598405,-46.194656
8593.750000,57083700.949768,-59620968.527039,5038.127615,-46.246831
8626.302083,56730588.462891,-59735624.519409,5028.318569,-46.479376
8649.553571,56701087.695251,-59602131.331299,5021.172220,-46.430247
8680.555556,56455708.909363,-59618058.843445,5011.566723,-46.561971
8700.284091,56431764.870972,-59501834.551819,5005.412332,-46.518283
8713.942308,56532714.289734,-59316917.232910,5001.477936,-46.378087
8789.062500,55764577.061890,-59514921.011536,4978.059629,-46.864707
8864.182692,55359938.523438,-59378221.031006,4955.099304,-47.007141
8877.840909,55591980.580383,-59080904.540161,4951.536356,-46.744066
8897.569444,55125473.530396,-59374296.016113,4945.175754,-47.126529
8928.571429,55050154.874023,-59234056.842651,4935.775451,-47.098030
8951.822917,54670312.254028,-59428026.130371,4928.728257,-47.389155
8984.375000,54111508.534424,-59709660.109436,4918.424519,-47.817162
9014.423077,54201777.592346,-59429465.920837,4909.476532,-47.635482
9033.203125,54314521.384949,-59213030.333984,4904.372973,-47.472077
9055.397727,54143021.625977,-59218759.409485,4897.561206,-47.565091
9068.080357,53844930.914307,-59402565.275208,4893.609011,-47.810953
9114.583333,53258921.061890,-59506020.653137,4874.362667,-48.172326
9164.663462,53440350.605713,-59024408.256409,4859.923620,-47.843905
9179.687500,53075749.730408,-59357298.084290,4860.142935,-48.199169
9207.589286,53316502.827759,-58968633.895325,4852.327556,-47.883095
9232.954545,52733866.952087,-59316978.865784,4844.418912,-48.363752
9277.343750,52229528.799194,-59466397.687744,4830.869378,-48.708495
9314.903846,52101517.993286,-58866736.459106,4798.247683,-48.490169
9331.597222,52320607.597839,-59042205.133179,4815.131456,-48.455477
9375.000000,51579495.893982,-59413585.431274,4802.344604,-49.038789
9410.511364,51925743.969177,-58890996.669678,4792.254357,-48.597959
9440.104167,51326812.421448,-59221087.836609,4783.362923,-49.086031
9465.144231,51634824.491760,-58763055.030884,4774.660255,-48.695813
9486.607143,51087136.804077,-59091364.083801,4767.801886,-49.156563
9521.484375,50959796.127686,-59029059.469666,4759.842959,-49.197403
9548.611111,50952434.249329,-58866193.806580,4752.028606,-49.123177
9570.312500,51088296.541443,-58621296.731201,4746.180851,-48.929383
9588.068182,51057349.617737,-58537168.745422,4741.069090,-48.905821
9602.864583,50994732.313049,-58502430.343384,4736.959164,-48.923802
9615.384615,50870400.893127,-58473173.606201,4730.628750,-48.978878
9765.625000,49506506.135498,-58765937.840027,4690.062295,-49.889499
9928.385417,48715160.697388,-58349622.514404,4639.554390,-50.143517
9943.181818,47993611.642883,-58690876.191101,4627.558417,-50.727411
9960.937500,48661280.566406,-58309069.095703,4635.546715,-50.155113
9982.638889,48178224.144165,-58570422.090515,4629.019359,-50.561830
10009.765625,48378782.607239,-58252711.104004,4621.870812,-50.291906
10044.642857,48350000.238220,-58072509.025696,4612.290447,-50.221398
10091.145833,48023264.705078,-58069738.125977,4599.425291,-50.410978
10120.738636,47450936.037659,-58361306.529053,4591.036200,-50.888502
10156.250000,47113970.651001,-58419024.793579,4580.830789,-51.115909
10199.652778,47434950.792908,-57927022.061035,4569.881369,-50.688329
10253.906250,46739446.376038,-58171464.299805,4554.725786,-51.220427
10298.295455,46488705.626526,-58120949.052673,4542.747321,-51.346547
10323.660714,46064001.899353,-58310937.600586,4535.694397,-51.693781
10351.562500,46316680.447693,-57958370.112610,4528.439872,-51.371868
10416.666667,45770055.139526,-58013264.423462,4510.316379,-51.729553
10475.852273,45502076.035828,-57900362.805298,4494.783207,-51.838837
10498.046875,45712101.667419,-57621503.443481,4489.368758,-51.575966
10546.875000,45103639.345093,-57814131.148926,4475.646137,-52.041995
10579.427083,44747638.137756,-57914155.655273,4467.142816,-52.309910
10602.678571,45223934.701660,-57420310.552795,4461.257609,-51.777745
10633.680556,45227336.349365,-57252953.400208,4453.365904,-51.694328
10653.409091,44549926.983826,-57664575.208740,4447.709913,-52.312941
10742.187500,43928026.938477,-57658873.921448,4424.328133,-52.699205
10830.965909,43356941.456238,-57513542.022949,4396.204537,-52.990522
10850.694444,43806324.598022,-57174235.156982,4396.312733,-52.542576
10881.696429,43473035.489075,-57259299.117249,4388.104137,-52.794662
10937.500000,42841917.730286,-57370358.926819,4370.347737,-53.250648
10986.328125,42625355.694641,-57344001.517578,4361.160337,-53.377148
11008.522727,42875569.889832,-56582922.328369,4333.173378,-52.848619
11067.708333,42570362.094177,-56948631.050537,4339.806007,-53.222642
11132.812500,42426817.354614,-56738335.217590,4324.279389,-53.213796
11160.714286,42004870.756165,-56898792.156372,4316.781067,-53.565414
11186.079545,42014319.162354,-56728793.626587,4308.780828,-53.477293
11230.468750,41807097.916504,-56694671.664185,4299.588694,-53.596225
11284.722222,41536397.392212,-56611214.454468,4285.695025,-53.733595
11328.125000,41188908.732056,-56649705.859558,4275.082383,-53.981415
11363.636364,41005030.014221,-56547041.235901,4263.417362,-54.053887
11393.229167,40655993.436890,-56709162.188171,4258.984073,-54.364067
11439.732143,40963806.363464,-56254734.479614,4247.504964,-53.940077
11474.609375,41118582.807251,-55980820.288269,4239.586737,-53.703856
11501.736111,40423589.943726,-56338865.440125,4232.350371,-54.341858
11523.437500,40509280.610352,-56172597.211426,4227.166105,-54.204064
11541.193182,39988513.776611,-56448821.257629,4222.399032,-54.687742
11718.750000,40005771.694885,-55588877.887390,4180.293983,-54.260083
11914.062500,38821597.670288,-55392107.028076,4128.648802,-54.976901
11935.763889,38899395.041687,-55334878.127625,4128.517825,-54.895110
11962.890625,38531976.130798,-55466546.674133,4122.259235,-55.214361
11997.767857,38181511.201477,-55539953.154358,4113.783776,-55.494659
12044.270833,38587028.166138,-55056965.421692,4103.680059,-54.976682
12109.375000,38085452.042847,-55094325.472046,4088.061759,-55.346410
12152.777778,37555082.815308,-55008362.180786,4065.406446,-55.679668
12207.031250,37233537.678406,-55232328.264771,4065.700717,-56.016726
12276.785714,37216599.604919,-54921558.686340,4049.406202,-55.878829
12304.687500,36872304.205200,-54996877.114929,4041.472685,-56.162033
12369.791667,36418286.732910,-55026539.500427,4027.616234,-56.503828
12451.171875,36450265.016296,-54664379.700134,4010.283679,-56.306263
12500.000000,36744808.784363,-54253372.791199,3999.489700,-55.892588
12555.803571,35838919.278076,-54604537.133423,3986.648960,-56.723344
12586.805556,36049951.273132,-54333403.596130,3979.930853,-56.437582
12695.312500,36008894.295532,-53896528.757690,3956.346064,-56.254316
12803.819444,35012663.487183,-54076029.097473,3932.083935,-57.079795
12834.821429,34639119.692444,-54182194.896362,3925.197085,-57.410580
12890.625000,34643013.973328,-53944167.730103,3913.092591,-57.293061
12939.453125,34442736.780823,-53871113.614563,3902.742980,-57.408697
13020.833333,34193789.953064,-53679843.561768,3884.727373,-57.504765
13113.839286,34150486.666382,-53338798.046570,3865.760751,-57.372044
13183.593750,33637957.944702,-53376224.573669,3850.915239,-57.782373
13237.847222,33810122.333801,-52957925.558777,3834.983758,-57.446163
13281.250000,33530278.292969,-53004782.163513,3828.236036,-57.684678
13346.354167,33592244.350647,-52759199.940308,3817.606721,-57.516432
13392.857143,33318348.799255,-52742957.786926,3807.815824,-57.720617
13427.734375,32494910.200562,-53109851.229919,3800.296110,-58.541624
13454.861111,32739589.367798,-52431981.331726,3772.953537,-58.020222
13671.875000,31959031.802551,-52450014.464233,3748.877471,-58.646792
13888.888889,31551438.053284,-51856863.609192,3705.016205,-58.684011
13916.015625,30951177.513672,-52165859.069214,3702.312694,-59.320140
13950.892857,30770523.852844,-52136375.492981,3695.148455,-59.452947
13997.395833,31084319.754395,-51796347.227966,3687.109113,-59.032689
14062.500000,31179250.624634,-51480752.051575,3673.603892,-58.800595
14105.902778,30930320.775330,-51472041.013794,3665.300050,-58.999451
14160.156250,30681107.063904,-51426683.825745,3655.110614,-59.181486
14229.910714,30155988.891724,-51474665.358704,3641.319812,-59.638222
14322.916667,29662844.837097,-51410626.224976,3622.811552,-60.017733
14404.296875,29928173.293335,-50991903.815125,3608.867523,-59.592228
14453.125000,29288803.933838,-51171520.610291,3598.782471,-60.216451
14508.928571,29207010.006470,-51029084.591064,3588.757113,-60.216678
14648.437500,28824007.872681,-50764176.377136,3563.132389,-60.413779
14787.946429,28480204.057068,-50472361.696594,3537.294742,-60.566911
14843.750000,28868354.578125,-50067728.786743,3527.580299,-60.034621
14892.578125,28303406.687439,-50131445.157410,3513.869228,-60.553413
14973.958333,27714248.370667,-50251486.049072,3502.743980,-61.124583
15066.964286,27912109.080139,-49845976.599121,3486.975616,-60.754399
15136.718750,27419879.921814,-49903549.524353,3475.474910,-61.214881
15234.375000,27707757.515259,-49412249.739685,3457.783622,-60.720404
15299.479167,26832608.356018,-49688015.089966,3446.774952,-61.631807
15345.982143,27505571.218689,-49165397.923462,3438.607451,-60.776971
15380.859375,26964755.039368,-49322716.517944,3431.034319,-61.336358
15625.000000,25834916.410889,-49183305.120789,3390.956844,-62.289872
15869.140625,25465347.825378,-48621540.698486,3350.114055,-62.358710
15904.017857,25787489.368652,-48342632.687500,3344.252047,-61.924955
15950.520833,25235862.067200,-48494113.076843,3336.736869,-62.509816
16015.625000,25087193.423584,-48359414.319702,3325.257483,-62.583121
16113.281250,25465921.546082,-47883478.186096,3310.289501,-61.996395
16183.035714,25149962.647217,-47833654.849792,3298.585954,-62.267356
16276.041667,24527072.235535,-47850586.922852,3281.984938,-62.863257
16406.250000,24329604.021606,-47590998.049561,3262.388824,-62.924701
16462.053571,24376359.549988,-47413929.011353,3254.073232,-62.793335
16601.562500,23576773.246582,-47421424.273987,3232.459507,-63.566432
16741.071429,23930981.724976,-46848524.115417,3210.962650,-62.943178
16796.875000,23771726.677124,-46764976.705872,3202.005758,-63.056569
16927.083333,22829325.571777,-46838309.824402,3180.377419,-64.016954
17020.089286,22707149.125671,-46589726.518188,3163.471166,-64.017963
17089.843750,23295715.193481,-46208241.046753,3158.565114,-63.247076
17187.500000,22717751.440674,-46212869.610596,3143.095674,-63.823646
17252.604167,22325750.877380,-46242527.725891,3134.243805,-64.230786
17299.107143,21802481.399536,-45989862.405640,3106.547806,-64.637611
17578.125000,21721443.802307,-45674938.192505,3087.062170,-64.567736
17857.142857,21328437.119385,-45095771.606445,3044.842471,-64.689693
17903.645833,21657599.077271,-44876308.739136,3041.416951,-64.239635
17968.750000,21022230.327148,-44996658.734985,3031.416598,-64.960153
18066.406250,21059527.447876,-44749867.890625,3018.744576,-64.799984
18136.160714,20794454.140625,-44695765.246033,3008.896449,-65.051979
18229.166667,20526729.294189,-44505264.859375,2991.477300,-65.241816
18359.375000,20586742.045288,-44235946.840698,2978.101764,-65.045361
18554.687500,20110103.944275,-44006587.075623,2953.205368,-65.442506
18750.000000,19691262.125793,-43715418.052979,2926.458418,-65.753135
18880.208333,19842368.365784,-43320242.477112,2908.311790,-65.392293
19042.968750,19012881.031128,-43361262.943481,2889.887740,-66.325650
19140.625000,19055583.742920,-43105370.477600,2876.643191,-66.153175
19205.729167,19301231.224060,-42863004.034058,2869.242845,-65.759879
19531.250000,18678815.738647,-42423623.216431,2829.289335,-66.238406
19856.770833,18098974.654175,-41899652.529053,2785.825944,-66.639551
19921.875000,17967675.692078,-41875053.477295,2781.277851,-66.778850
20019.531250,17530647.487610,-41873079.185242,2770.756878,-67.284799
20182.291667,17902554.622742,-41333557.343811,2749.353168,-66.583371
20312.500000,17179852.070679,-41396377.961060,2735.662184,-67.463120
20507.812500,17209746.898987,-41015549.953674,2714.913105,-67.239511
20703.125000,16649750.239258,-40830993.369751,2691.437855,-67.817723
20833.333333,16537477.796814,-40596193.574280,2675.579921,-67.837727
20996.093750,16451770.330383,-40365946.985901,2660.591280,-67.827883
21093.750000,16309642.774719,-40212589.799988,2648.652771,-67.925243
21158.854167,15724817.009094,-40343873.199646,2642.908541,-68.707700
21484.375000,15871710.391541,-39685025.130432,2608.797029,-68.203464
21875.000000,14989635.332031,-39115824.758362,2556.815089,-69.034627
21972.656250,15426519.785889,-38975840.441833,2558.531506,-68.408508
22135.416667,15173224.027466,-38711001.939514,2537.825297,-68.598754
22265.625000,14665040.603333,-38729549.423401,2527.729637,-69.262746
22460.937500,14569134.473755,-38453861.317078,2509.919946,-69.251691
22656.250000,14566101.567993,-38102041.056274,2489.784358,-69.080587
22786.458333,14763606.232910,-37791888.021667,2476.471924,-68.663653
22949.218750,13963516.881836,-37862194.401001,2463.148555,-69.758164
23046.875000,14246462.708191,-37573341.170654,2452.684085,-69.237112
23437.500000,13561234.019165,-37222320.266418,2418.027704,-69.983829
23828.125000,13173538.251953,-36655687.755981,2377.453829,-70.234348
23925.781250,13011828.220764,-36660724.213867,2374.423490,-70.461003
24088.541667,12798306.533447,-36442349.684570,2357.516042,-70.651154
24218.750000,12843696.610229,-35954766.480469,2330.388088,-70.344423
24414.062500,12948562.485229,-35949594.003845,2332.252033,-70.193729
24609.375000,12670473.101685,-35707949.572449,2312.649517,-70.465551
24739.583333,12289272.621338,-35663674.781738,2302.417909,-70.988759
24902.343750,12251216.100891,-35481320.733337,2291.138489,-70.952997
25000.000000,11961494.808960,-35382422.230713,2279.708685,-71.323601
25390.625000,11618875.738159,-35018772.965576,2252.020129,-71.646789
25878.906250,11331808.569519,-34447301.534302,2213.403344,-71.792943
26041.666667,11074585.458008,-34288924.258179,2199.346634,-72.102785
26367.187500,10963349.302795,-33928846.650757,2176.345643,-72.095046
26692.708333,10831165.303345,-33526964.983032,2150.523555,-72.098644
26855.468750,10799118.895630,-33367681.445862,2140.671141,-72.068466
27343.750000,10654246.866394,-32760819.095032,2102.709130,-71.986920
27832.031250,10098081.697693,-32416098.992920,2072.361608,-72.699580
27994.791667,10210367.926025,-32168603.387756,2060.006766,-72.392611
28320.312500,9902656.943604,-31919387.545044,2039.869516,-72.766188
28645.833333,9622515.235474,-31615973.273743,2017.144256,-73.074207
28808.593750,9508568.302490,-31498637.145996,2008.272841,-73.204544
29296.875000,8722028.984924,-31202756.916687,1977.529549,-74.385054
29785.156250,8938233.066589,-30579200.091125,1944.562684,-73.708648
29947.916667,8744947.864441,-30490095.300659,1936.057319,-73.998616
30273.437500,9050417.807190,-30108775.819641,1918.979457,-73.271872
30598.958333,8364980.335571,-29947940.109070,1897.899963,-74.396222
30761.718750,8417145.975647,-29790447.608215,1889.506499,-74.224808
31250.000000,8056709.776611,-29447683.054688,1863.455900,-74.700872
31738.281250,8024481.209656,-29006922.632263,1836.995111,-74.538614
31901.041667,7853052.715759,-28874690.839417,1826.443639,-74.787474
32226.562500,7455555.895020,-28719815.234985,1811.075530,-75.449680
32552.083333,7926653.265869,-28277622.464294,1792.510586,-74.343190
33203.125000,7270568.174255,-27929438.256592,1761.544317,-75.410880
33854.166667,7061978.332947,-27417004.268250,1728.073955,-75.558148
34179.687500,7040128.220337,-27192856.783386,1714.493754,-75.487263
34505.208333,6900853.185486,-26938476.198853,1697.337628,-75.633706
35156.250000,7017510.585327,-26450582.636719,1670.317672,-75.143583
35807.291667,6265475.999146,-26105607.425049,1638.658028,-76.506253
36132.812500,6294320.838135,-25913811.839478,1627.691614,-76.349815
36458.333333,6455283.879333,-25478710.351013,1604.281581,-75.784950
37109.375000,6173468.166443,-25265625.553223,1587.506502,-76.271489
37760.416667,5760038.130310,-24876165.455444,1558.538952,-76.965270
38085.937500,5378872.733643,-24802166.823975,1549.041801,-77.765984
38411.458333,5794667.662964,-24450776.741760,1533.740972,-76.669533
39062.500000,5591020.180542,-24145156.785400,1512.743259,-76.964716
39713.541667,5283412.746216,-23727586.181519,1483.730458,-77.449051
40039.062500,5042736.998718,-23680484.431641,1477.795020,-77.980785
