Barrido en f -> f_inicial:10, f_final:40000, step: 10
Parametros -> M:512,	N:32, Modo:0,	Fuente:1
Formato -> f,x,y,r,phi

9.998933,121707530.429382,-8294.551697,7428.664859,-0.003905
19.997867,121707849.257446,-22516.639465,7428.684429,-0.010600
30.001920,121702978.263245,-75699.185791,7428.388428,-0.035639
40.003765,121700722.125061,-160640.086914,7428.255754,-0.075630
50.000000,121700620.348816,-267770.581543,7428.261051,-0.126068
60.000662,121694843.171143,-386279.269958,7427.927868,-0.181871
69.996387,121691886.288086,-515294.959473,7427.776560,-0.242620
80.000883,121688276.284119,-649582.162659,7427.595449,-0.305856
89.994552,121684103.719727,-787602.588867,7427.390520,-0.370854
100.000000,121681467.978577,-930962.785706,7427.291436,-0.438364
110.000782,121677240.167908,-1074311.626587,7427.105486,-0.505877
120.001324,121672905.641907,-1219182.432922,7426.924265,-0.574111
130.001981,121667426.125793,-1365878.036560,7426.684944,-0.643213
140.000734,121663003.476746,-1517958.323730,7426.525022,-0.714849
150.000000,121655413.305176,-1663832.874268,7426.178202,-0.783586
160.001766,121650320.331787,-1812345.792175,7425.996871,-0.853554
170.001209,121642994.140198,-1962079.072632,7425.691525,-0.924117
179.993873,121634731.528076,-2111923.671021,7425.340412,-0.994747
189.992704,121626644.635620,-2263090.103210,7425.012807,-1.066003
200.000000,121618548.506348,-2414973.282410,7424.696990,-1.137603
210.013441,121612269.810181,-2565382.184692,7424.501777,-1.208497
219.994849,121603432.482727,-2715343.420776,7424.161188,-1.279211
230.001207,121593060.492920,-2875356.779907,7423.752743,-1.354682
240.002648,121582757.250305,-3020911.936340,7423.339401,-1.423352
250.000000,121573298.644104,-3171656.301941,7422.996513,-1.494462
259.993912,121563683.600159,-3325404.802979,7422.660526,-1.566996
269.990809,121552434.620972,-3476375.564575,7422.231897,-1.638250
279.993444,121543138.013428,-3626979.831909,7421.933194,-1.709312
290.009470,121531335.059448,-3779216.031128,7421.496098,-1.781185
300.009796,121520574.426819,-3928899.549805,7421.129231,-1.851848
310.019841,121507258.092041,-4080292.846375,7420.621249,-1.923364
320.003531,121495771.184875,-4232259.481750,7420.237643,-1.995129
330.010776,121481429.473938,-4383019.201355,7419.688886,-2.066382
339.988426,121468754.172668,-4536912.067749,7419.260383,-2.139092
349.981936,121455041.670837,-4689809.510498,7418.778224,-2.211360
359.987745,121440500.476929,-4844946.114136,7418.262774,-2.284707
370.001941,121424730.703430,-5011808.481567,7417.714038,-2.363613
379.985409,121411192.561035,-5154510.553833,7417.252763,-2.431103
389.426764,121396866.579041,-5298591.620972,7416.757408,-2.499268
400.037651,121378184.661377,-5460458.133789,7416.055653,-2.575913
410.007156,121363810.138184,-5609913.325195,7415.594781,-2.646631
420.026882,121347160.285583,-5758749.696777,7415.004693,-2.717117
429.979011,121331312.583496,-5903663.472656,7414.463092,-2.785748
439.989698,121314593.592957,-6050199.043457,7413.883944,-2.855173
449.984681,121297707.654541,-6200790.576660,7413.318142,-2.926524
460.002413,121277560.073120,-6363804.202881,7412.604720,-3.003818
470.003342,121259773.933167,-6501941.145447,7411.967263,-3.069347
480.005297,121240935.465576,-6657818.163269,7411.334659,-3.143273
490.166506,121222674.459595,-6817041.078613,7410.761050,-3.218773
500.000000,121198569.292419,-6983924.468933,7409.871073,-3.298052
509.982639,121181651.040466,-7129674.087891,7409.357318,-3.367192
519.987825,121161349.287659,-7284638.545471,7408.681939,-3.440780
529.993719,121138816.445862,-7439919.494202,7407.884044,-3.514594
539.981618,121118742.702637,-7590539.521790,7407.230448,-3.586156
550.017960,121098432.665039,-7738388.396179,7406.563227,-3.656431
559.986888,121075576.300720,-7877107.644653,7405.715859,-3.722494
570.050837,121052782.768494,-8035824.440796,7404.962914,-3.797995
580.018939,121033974.138245,-8162800.955566,7404.334885,-3.858426
590.006510,121011718.522278,-8314311.941528,7403.607689,-3.930541
599.979575,120989364.404236,-8455348.164673,7402.841625,-3.997737
609.756098,120963154.700867,-8616932.976196,7401.940019,-4.074760
620.039683,120941460.786072,-8763877.159668,7401.262058,-4.144747
630.040323,120915873.828125,-8919762.289734,7400.398294,-4.219097
640.007062,120887931.411743,-9094694.202148,7399.490751,-4.302523
651.041667,120861634.448364,-9264260.823853,7398.674003,-4.383382
660.021552,120836263.024902,-9407898.434448,7397.805299,-4.452004
669.967297,120810221.350586,-9559783.090454,7396.946117,-4.524554
679.976852,120790077.437927,-9655706.725708,7396.184661,-4.570521
690.026198,120758724.536987,-9848490.461060,7395.224238,-4.662582
699.963873,120717684.468689,-10076235.811035,7393.870867,-4.771526
710.227273,120707828.412964,-10120776.726135,7393.498020,-4.792910
720.214844,120681757.293945,-10254582.026306,7392.599284,-4.857019
729.955808,120655425.486694,-10393175.272339,7391.719027,-4.923411
740.003882,120621037.843628,-10560233.828979,7390.510185,-5.003570
750.000000,120598788.734436,-10687285.286865,7389.837844,-5.064387
760.198353,120569120.095886,-10846652.558105,7388.899246,-5.140763
769.981971,120536744.230591,-11015952.662415,7387.864377,-5.221957
778.853528,120508695.704468,-11155063.697998,7386.937275,-5.288753
790.028090,120474718.191650,-11342277.947937,7385.934533,-5.378505
800.075301,120439174.256653,-11513394.322815,7384.761177,-5.460763
809.832317,120408613.234131,-11656940.776306,7383.743421,-5.529822
820.014313,120377481.627136,-11810076.301453,7382.758858,-5.603447
830.078125,120346517.286011,-11933659.616638,7381.618438,-5.663151
840.053763,120317251.967285,-12077466.173645,7380.712406,-5.732328
849.971065,120288664.138916,-12194713.508240,7379.694592,-5.788967
859.958022,120257871.366577,-12327061.884033,7378.644040,-5.852849
870.028409,120226350.637207,-12459912.060059,7377.561624,-5.917021
879.979396,120192072.252991,-12598704.736206,7376.358866,-5.984149
890.031646,120159763.168030,-12752584.263794,7375.382895,-6.058316
899.969363,120122618.346680,-12931384.531860,7374.288466,-6.144498
909.978693,120085456.088501,-13091188.034363,7373.083917,-6.221748
919.950181,120050708.281006,-13242540.120239,7371.982680,-6.294913
930.059524,120014058.937256,-13409943.331421,7370.886847,-6.375769
939.849624,119971169.381348,-13601057.349548,7369.590116,-6.468162
950.168919,119937061.167480,-13740939.250122,7368.488444,-6.535955
960.010593,119900591.308350,-13882004.562134,7367.262207,-6.604454
969.107824,119869744.025879,-14003289.766479,7366.247178,-6.663339
976.562500,119842313.010193,-14097130.468445,7365.251132,-6.709108
989.940068,119798159.286072,-14256987.139526,7363.721255,-6.786959
1000.000000,119751461.599915,-14462642.985779,7362.385469,-6.886586
1010.237069,119728149.352966,-14499512.812927,7361.243044,-6.905304
1019.965278,119692565.195557,-14632244.503540,7360.065542,-6.969949
1029.829545,119654988.412659,-14782898.239502,7358.910751,-7.043184
1039.975649,119614602.356873,-14946332.583008,7357.694520,-7.122636
1050.067204,119573556.144226,-15113976.670532,7356.484682,-7.204138
1060.267857,119520025.595032,-15327239.015259,7354.887532,-7.307936
1069.972826,119477234.915161,-15494435.161926,7353.602441,-7.389395
1079.963235,119438083.025391,-15629300.759277,7352.296129,-7.455409
1090.116279,119395413.704102,-15781924.158813,7350.928688,-7.530041
1100.035920,119354192.975281,-15925736.998962,7349.590219,-7.600454
1110.197368,119316293.729187,-16040252.886292,7348.225307,-7.656863
1120.174632,119275782.576477,-16182987.041077,7346.940903,-7.726770
1129.748775,119244588.124695,-16253304.882202,7345.632595,-7.761942
1139.322917,119209260.249451,-16351630.066284,7344.309211,-7.810606
1149.970794,119160335.027405,-16530100.041565,7342.839544,-7.897986
1160.272277,119124072.947754,-16637438.058228,7341.550578,-7.951007
1168.224299,119083207.182983,-16776183.337402,7340.256821,-8.019170
1180.013021,119034079.650635,-16944671.383606,7338.729823,-8.101944
1189.834770,118981313.205688,-17152272.723633,7337.338560,-8.203452
1200.112952,118934279.309448,-17306027.449158,7335.842589,-8.279202
1210.088315,118883110.270386,-17494348.217407,7334.416594,-8.371576
1220.703125,118830035.816284,-17665298.936462,7332.738661,-8.455926
1229.745370,118790099.890320,-17797760.330078,7331.521209,-8.521226
1240.079365,118741327.853638,-17940416.430054,7329.872933,-8.591988
1250.000000,118724834.169556,-17908222.275757,7328.584162,-8.577973
1260.080645,118652093.367981,-18200976.381897,7326.882027,-8.721326
1269.531250,118614556.289001,-18287088.844971,7325.416407,-8.764679
1279.633621,118579955.250854,-18357599.022644,7323.986321,-8.800473
1289.799528,118532668.173035,-18494853.326538,7322.420913,-8.868711
1302.083333,118478264.985046,-18641888.035461,7320.529586,-8.942121
1310.022866,118440444.470032,-18761617.125549,7319.388996,-9.001442
1319.679054,118392447.577271,-18892564.364990,7317.750738,-9.066842
1329.787234,118337113.142212,-19079743.858032,7316.225382,-9.159367
1339.934593,118273898.528503,-19303734.467834,7314.605972,-9.269907
1349.954044,118222769.625427,-19453091.372620,7313.000601,-9.344340
1360.212054,118164896.803284,-19635159.219360,7311.328510,-9.434768
1370.102612,118112575.510559,-19790457.277893,7309.738625,-9.512167
1379.925272,118063096.931946,-19929062.226685,7308.163510,-9.581496
1389.723558,118019355.130615,-20034985.252136,7306.610173,-9.634973
1399.739583,117976483.722778,-20123470.639404,7304.936536,-9.680174
1410.590278,117930388.721619,-20221941.584473,7303.176498,-9.730369
1420.454545,117882692.381165,-20340645.390808,7301.535634,-9.790268
1429.966518,117845911.182861,-20402018.330322,7299.961411,-9.822239
1440.429688,117792838.495544,-20548091.487549,7298.296399,-9.895548
1450.047348,117743050.952026,-20668422.181641,7296.569003,-9.956466
1459.231322,117695464.513184,-20795079.941345,7295.049343,-10.020216
1470.588235,117613640.453308,-21047133.701233,7292.825592,-10.146071
1479.640152,117558389.813477,-21241082.967346,7291.601593,-10.242309
1489.671610,117509532.056458,-21347595.690491,7289.826229,-10.296761
1500.226449,117433495.219116,-21585030.283569,7287.865900,-10.415387
1510.416667,117380926.858093,-21702496.503296,7286.010286,-10.475403
1519.097222,117323380.244019,-21868024.471375,7284.400893,-10.558572
1529.947917,117273977.876831,-21963767.769958,7282.510101,-10.608120
1539.963942,117232159.631592,-22032276.741943,7280.772470,-10.644163
1550.099206,117165005.439026,-22198895.140686,7278.630458,-10.728803
1557.555380,117149763.655823,-22183733.010803,7277.544167,-10.723007
1570.159314,117081434.046936,-22353477.860291,7275.382274,-10.809290
1579.733456,117042576.005676,-22420221.976562,7273.817927,-10.844315
1589.752907,116983506.802124,-22567247.328735,7271.971421,-10.919105
1600.477431,116909859.519043,-22771923.623169,7269.935783,-11.022495
1610.008446,116843487.864136,-22914181.110291,7267.625419,-11.095794
1619.664634,116781978.579285,-23108722.487488,7266.236917,-11.193375
1632.063356,116688277.888977,-23353266.072876,7263.540980,-11.317636
1640.625000,116637094.328308,-23509599.370422,7262.357045,-11.396293
1650.053879,116587200.113831,-23624242.659363,7260.758144,-11.455173
1660.156250,116522867.639771,-23777702.804749,7258.776722,-11.533793
1670.063406,116476213.657349,-23842303.888245,7256.776329,-11.568793
1679.687500,116412227.735413,-24007616.945435,7254.981477,-11.653049
1690.204327,116384618.780457,-23986577.760620,7253.071724,-11.645802
1699.942130,116348794.416077,-24016145.385010,7251.294750,-11.663257
1708.984375,116275377.955383,-24213971.241455,7249.358267,-11.763882
1719.916045,116229876.501282,-24278985.272156,7247.449713,-11.799072
1729.910714,116161758.083496,-24440065.548706,7245.397746,-11.881904
1740.056818,116093261.938293,-24604086.141479,7243.375582,-11.966209
1749.674479,116039617.684631,-24707401.730164,7241.483111,-12.020393
1760.563380,115943307.717041,-24958225.323181,7238.939913,-12.148603
1770.019531,115882551.362122,-25116993.932495,7237.361177,-12.229785
1779.513889,115806545.497009,-25327642.294373,7235.563495,-12.337072
1790.364583,115740382.608398,-25449737.102173,7233.215175,-12.401576
1799.938725,115670148.782166,-25623675.254395,7231.317139,-12.491030
1810.213415,115602279.399780,-25767827.695557,7229.181841,-12.566217
1819.957386,115603858.297241,-25617849.001343,7227.289840,-12.495215
1829.117063,115530762.228821,-25797462.913086,7225.315252,-12.587749
1839.900362,115458090.336487,-25960542.415100,7223.163319,-12.672478
1850.328947,115414536.555359,-25993627.657898,7221.013136,-12.692739
1860.119048,115351385.816467,-26127628.449280,7219.055249,-12.762791
1870.013298,115297721.021179,-26212463.108704,7217.006821,-12.808630
1879.422170,115215163.940491,-26426974.543457,7215.009131,-12.918892
1890.120968,115112747.227600,-26699575.577759,7212.657498,-13.058828
1900.337838,115070200.257690,-26740455.250793,7210.692117,-13.082804
1909.722222,114988875.497192,-26937678.115112,7208.593389,-13.184935
1920.021186,114914046.747864,-27105056.535034,7206.485049,-13.272304
1923.532197,114870943.451965,-27225972.422974,7205.622953,-13.334227
1953.125000,114678823.810425,-27571893.615417,7199.119597,-13.519266
1983.642578,114496802.564575,-27875290.491821,7192.675869,-13.683388
1989.976415,114503559.759888,-27758611.229736,7191.395378,-13.627478
1999.627976,114445289.055298,-27853595.874084,7189.307660,-13.679062
2010.569853,114338344.306458,-28118736.481812,7186.812945,-13.816732
2020.474138,114306719.431030,-28104281.252319,7184.727815,-13.813576
2029.718137,114175787.304749,-28485015.200378,7182.557366,-14.008820
2039.930556,114147964.499084,-28445720.425171,7180.329330,-13.993530
2050.781250,114014102.446777,-28807594.496948,7177.780348,-14.180387
2059.659091,113963395.676575,-28876425.543762,7175.810457,-14.218965
2070.312500,113868744.274536,-29090029.496216,7173.426319,-14.331248
2080.502717,113797219.100281,-29217856.975525,7171.132893,-14.400282
2090.186404,113703066.633850,-29374024.452087,7167.945067,-14.485507
2099.609375,113676707.525574,-29390621.726135,7166.640853,-14.496566
2109.375000,113648326.507935,-29358907.813599,7164.479313,-14.485046
2120.535714,113563201.005005,-29523612.787903,7161.971637,-14.573314
2130.681818,113516792.184265,-29554026.676270,7159.697636,-14.593396
2139.136905,113476578.698242,-29589678.188110,7157.871086,-14.615203
2148.437500,113418977.531067,-29664974.505127,7155.630650,-14.657916
2160.904255,113323923.679199,-29834532.191467,7152.645662,-14.749883
2170.138889,113249626.198486,-29969005.493713,7150.355636,-14.822739
2180.232558,113148216.884949,-30207341.895630,7148.110540,-14.948159
2189.867424,113048290.148560,-30432492.518250,7145.777842,-15.067238
2201.704545,112831181.004028,-30793088.136108,7138.745723,-15.265469
2210.115132,112908131.739685,-30650770.959595,7140.996282,-15.188307
2219.460227,112807417.363159,-30876600.043701,7138.690446,-15.308004
2232.142857,112720511.859680,-31002892.844910,7135.614706,-15.378950
2240.349265,112709032.891113,-30923679.017944,7133.658347,-15.342999
2250.339674,112595114.197083,-31196617.207092,7131.383254,-15.486861
2259.497549,112579763.413879,-31117739.126160,7129.196143,-15.451582
2269.847973,112497304.968323,-31260044.724548,7126.665715,-15.529672
2278.645833,112461777.776489,-31238995.083740,7124.232452,-15.524386
2289.870690,112375983.547363,-31374528.941711,7121.407115,-15.599793
2300.347222,112303856.755920,-31496339.189697,7119.171079,-15.666956
2308.238636,112249901.292603,-31575431.857117,7117.305926,-15.711536
2319.335938,112098008.204224,-31947517.408142,7114.572776,-15.907825
2331.149194,111957380.791321,-32258158.791016,7111.544570,-16.073695
2343.750000,111902151.340576,-32279348.560486,7108.663728,-16.091235
2350.983796,111805718.032837,-32496272.985046,7106.692522,-16.206956
2360.026042,111738612.651550,-32594844.654236,7104.441952,-16.262771
2368.683511,111697663.959900,-32606563.370117,7102.243005,-16.273957
2380.371094,111580335.873596,-32837105.972473,7099.328706,-16.399173
2391.581633,111533186.116211,-32838019.428589,7096.583690,-16.406165
2399.553571,111500130.879761,-32836827.947266,7094.627719,-16.410204
2410.239362,111452384.309448,-32843524.181946,7091.947690,-16.420023
2420.176630,111396917.945984,-32887904.400452,7089.466852,-16.448758
2429.496951,111338011.061646,-32956598.546387,7087.207500,-16.489499
2441.406250,111244943.780151,-33088656.779541,7084.054534,-16.565053
2450.980392,111100838.523071,-33393058.060913,7080.949960,-16.729449
2459.490741,110985732.877258,-33651122.791626,7078.776257,-16.867919
2470.128676,110932949.501343,-33708706.314087,7076.714253,-16.902721
2480.996622,110790896.204712,-34006482.704712,7073.730610,-17.064001
2490.234375,110731927.679932,-34061361.887573,7071.273964,-17.098506
2500.000000,110655668.740417,-34168226.643555,7068.746875,-17.160133
2511.160714,110555071.398438,-34334358.341858,7065.881099,-17.253390
2520.161290,110490083.148376,-34409259.689575,7063.451001,-17.298350
2530.184659,110499630.947144,-34240254.811340,7060.947310,-17.217023
2539.062500,110383644.695557,-34486642.103516,7058.655475,-17.350636
2549.913194,110376355.332336,-34360217.707642,7055.933346,-17.291903
2559.267241,110318595.699707,-34409550.704102,7053.463299,-17.323770
2569.901316,110235451.769043,-34524471.459656,7050.712045,-17.390467
2580.915179,110061745.331909,-34906568.327148,7047.610338,-17.597173
2590.013587,109969707.474670,-35002546.331909,7044.030269,-17.656410
2604.166667,109926647.420166,-35001334.359863,7041.503416,-17.662323
2620.045732,109741304.836304,-35353175.419128,7037.280034,-17.856878
2629.206731,109608766.167419,-35622734.549133,7034.648394,-18.004638
2639.358108,109531946.252197,-35720353.291748,7032.034369,-18.062619
2650.669643,109421268.928406,-35891946.932434,7028.869488,-18.160863
2659.574468,109341769.516724,-35973283.787598,7025.808889,-18.211668
2669.270833,109322763.122192,-35927963.431030,7023.842771,-18.193190
2679.869186,109260541.998230,-35968570.961670,7021.009555,-18.222083
2690.972222,109041952.734680,-36171455.051880,7012.226869,-18.352284
2699.908088,109172191.124451,-35957098.892883,7015.668420,-18.230422
2709.173387,109101242.827942,-36044299.543518,7013.223257,-18.282792
2720.424107,108994118.046448,-36201670.116211,7010.036839,-18.374105
2734.375000,108790289.911987,-36586018.987427,7005.673640,-18.588267
2743.675595,108751943.623718,-36597177.592224,7003.672426,-18.599652
2748.842593,108624588.455872,-36897806.361389,7002.185684,-18.762248
2759.850543,108588285.048584,-36848499.549011,6999.119932,-18.744754
2770.712209,108374341.703064,-37246674.736267,6994.616733,-18.967655
2779.447115,108343718.246643,-37284742.894287,6993.604834,-18.990635
2790.178571,108272764.064392,-37336746.398376,6990.543978,-19.026787
2799.479167,108204935.084534,-37408152.591980,6988.053065,-19.071637
2810.594512,108197185.230713,-37277108.932983,6984.996483,-19.010895
2821.180556,108138794.973022,-37303364.649109,6982.149427,-19.032856
2828.663793,108060811.697937,-37417138.828186,6979.919067,-19.099488
2840.909091,108011627.331360,-37396359.526978,6976.667262,-19.097712
2850.506757,107920414.855774,-37524223.763428,6973.965774,-19.173269
2859.933036,107832123.496216,-37640215.113708,6971.205890,-19.242777
2868.652344,107766067.646606,-37708628.865662,6968.777453,-19.286118
2880.859375,107569968.165466,-38090621.869751,6965.228801,-19.499675
2890.625000,107439648.130615,-38311705.265747,6962.251920,-19.626211
2900.094697,107367025.113525,-38390954.576599,6959.704025,-19.675977
2906.976744,107293850.034729,-38463638.631714,6956.994427,-19.722767
2929.687500,107050149.737305,-38842805.408569,6950.853829,-19.943730
2952.398256,106871660.911926,-39031476.043579,6944.555876,-20.063705
2959.280303,106832159.346436,-39056978.074341,6942.825498,-20.082598
2968.750000,106858225.427979,-38847008.425842,6939.930637,-19.978710
2981.085526,106811250.768127,-38814448.896606,6936.557043,-19.971374
2990.722656,106718099.046143,-38931047.556335,6933.649301,-20.042696
2999.441964,106647950.735474,-39004219.961914,6931.159885,-20.089511
3011.067708,106550819.693848,-39106994.039612,6927.751169,-20.155079
3018.465909,106434914.972107,-39318014.348083,6925.562976,-20.275281
3030.711207,106333570.061462,-39426008.096375,6922.049586,-20.344206
3038.194444,106061144.473999,-39970500.773071,6918.111206,-20.650169
3048.780488,106006894.606750,-39982110.182556,6915.262820,-20.665339
3059.895833,105930418.193176,-40090858.285278,6913.242142,-20.730466
3069.196429,105832745.686401,-40214782.873657,6910.349930,-20.806619
3079.927885,105736707.075134,-40324485.724792,6907.253750,-20.875814
3092.447917,105777193.878601,-40055545.971863,6903.732466,-20.741210
3098.060345,105666378.125916,-40265755.024048,6901.965731,-20.860706
3110.532407,105679731.713928,-40067301.223755,6898.423843,-20.764281
3125.000000,105466474.997742,-40417674.306396,6893.878180,-20.968835
3138.950893,105420994.766663,-40354199.548706,6889.900108,-20.947010
3150.201613,105127895.786926,-40948166.332703,6886.270704,-21.281944
3159.466912,105200838.671082,-40649815.978271,6883.834986,-21.127256
3167.229730,105139256.071472,-40697436.553467,6881.377647,-21.161111
3180.803571,104930570.804688,-41046646.611633,6877.236755,-21.365029
3190.104167,104802205.777832,-41254139.372864,6874.569490,-21.487122
3200.954861,104645434.950195,-41496204.930054,6871.099121,-21.630994
3208.705357,104569293.519775,-41585121.329773,6868.782823,-21.687368
3220.016892,104517058.256775,-41483460.613098,6863.528776,-21.649070
3230.168269,104609680.599304,-41201398.961609,6862.456007,-21.498050
3238.075658,104359017.406128,-41687723.116638,6859.178979,-21.775597
3255.208333,104251383.038086,-41751187.950378,6854.517711,-21.826039
3272.804054,103980814.666016,-41847445.909973,6841.380917,-21.923140
3281.250000,103959198.202332,-42140741.430176,6846.861977,-22.066241
3289.473684,103891328.346863,-42191192.518616,6844.181075,-22.103160
3300.107759,103740663.122375,-42416250.639648,6840.848580,-22.238744
3309.461806,103788349.594238,-42103885.460083,6836.352850,-22.081601
3320.312500,103561771.423035,-42585305.661926,6834.660570,-22.353458
3331.801471,103454509.301086,-42688381.008850,6831.003282,-22.423149
3339.213710,103386978.127014,-42755519.173523,6828.758195,-22.468125
3348.214286,103306099.255676,-42826000.340454,6825.842843,-22.517332
3359.375000,103225542.982483,-42878215.562256,6822.522954,-22.557871
3367.456897,103331302.474426,-42525369.677979,6820.259438,-22.369978
3380.408654,103169745.099426,-42741259.733704,6816.174080,-22.503959
3389.246324,103138481.920776,-42701807.210571,6813.489674,-22.491392
3399.884259,103040908.023254,-42798826.450317,6810.256715,-22.556593
3404.017857,102938743.223877,-42903624.906311,6806.956581,-22.626452
3417.968750,102727768.784912,-43270624.083191,6803.736404,-22.842299
3431.165541,102785421.605530,-42991653.652832,6800.390970,-22.698573
3441.220238,102530882.362854,-43453558.200256,6797.012261,-22.968368
3450.520833,102405403.386475,-43629773.773193,6794.169778,-23.077087
3459.821429,102276895.048340,-43446072.669800,6782.562653,-23.015917
3472.222222,102159471.909729,-43907278.461487,6787.032944,-23.258311
3479.003906,102109240.194763,-43946597.028687,6785.164590,-23.287153
3491.950758,102005490.054565,-44011625.692200,6780.919755,-23.339114
3499.348958,102020269.434326,-43885236.535095,6778.695965,-23.276221
3515.625000,101742977.845581,-44305594.847778,6773.354550,-23.532176
3530.649038,101714223.705994,-44182686.235718,6768.753067,-23.479884
3540.039062,101792386.324585,-43892366.752075,6766.093208,-23.326151
3551.136364,101634976.620117,-44105184.485352,6762.432274,-23.459450
3561.580882,101556737.126404,-44148870.712769,6759.114372,-23.496301
3569.504310,101447762.484070,-44298759.211060,6756.670790,-23.589939
3580.729167,101398920.349976,-44261808.620667,6753.036241,-23.582525
3591.229839,101150656.712708,-44683245.558838,6749.504297,-23.834121
3601.074219,101078942.841736,-44721953.256897,6746.456188,-23.867497
3610.321970,100778131.168823,-45189596.475647,6741.298031,-24.152500
3619.025735,100796130.760925,-45082326.711609,6739.624650,-24.097887
3627.232143,100684080.019104,-45261003.574585,6737.846198,-24.206293
3639.914773,100593178.211365,-45298991.974670,6733.737760,-24.243645
3651.494565,100459552.888794,-45444269.183716,6729.951610,-24.340994
3662.109375,100570856.411743,-45068075.008972,6726.719402,-24.138942
3669.507576,100112668.484131,-45598269.813904,6714.557201,-24.488541
3680.889423,100430105.172180,-45144533.294800,6720.792479,-24.205201
3689.236111,100401147.734680,-45105177.220459,6718.195666,-24.192695
3700.657895,100282878.017639,-45218434.517517,6714.450072,-24.271749
3710.937500,100181256.530334,-45314525.818237,6711.211172,-24.339165
3720.238095,100040727.060364,-45498573.217102,6708.039815,-24.456786
3728.693182,99962233.811157,-45560132.773132,6705.236402,-24.502962
3743.489583,99721153.712341,-45895553.392151,6700.383152,-24.714455
3750.000000,99726807.700623,-45797304.188049,6698.191793,-24.666621
3761.574074,99472127.962463,-46200404.219177,6694.395322,-24.913519
3771.551724,99236102.808838,-46360895.296021,6685.472681,-25.041672
3780.241935,99270538.947083,-46391879.771606,6688.177526,-25.048729
3791.360294,99132835.470947,-46541179.143921,6684.431566,-25.149998
3797.743056,99202781.926758,-46317402.400452,6682.506585,-25.028430
3808.593750,99222117.401123,-46142483.765503,6679.066932,-24.941157
3821.331522,99151542.355896,-46134965.230225,6674.967584,-24.953177
3831.129808,99034079.119995,-46257312.485291,6671.624765,-25.037301
3838.900862,98945020.441467,-46349431.123413,6669.083240,-25.100834
3847.064394,98887771.565979,-46374007.929626,6666.555859,-25.125249
3906.250000,98175825.868530,-47109632.153198,6646.539075,-25.634758
3967.285156,97458612.441345,-47834761.322571,6626.480113,-26.143558
3969.254032,97659742.980896,-47366310.966064,6624.975249,-25.874783
3981.370192,97624005.223511,-47330099.190125,6622.048126,-25.865812
3991.168478,97521274.842285,-47418357.135315,6618.760347,-25.931455
3999.255952,97236522.150208,-47887847.952454,6615.744798,-26.220479
4009.046053,97265241.611877,-47714836.046143,6612.659704,-26.131682
4021.139706,97143645.036743,-47808751.146118,6608.526399,-26.204643
4028.320312,96869120.362610,-48264008.166809,6605.841447,-26.485074
4040.948276,96859258.582642,-48140518.950256,6601.944533,-26.428852
4050.925926,96566165.198792,-48375233.362549,6592.333590,-26.609560
4062.500000,96584078.044434,-48419565.511963,6594.523381,-26.626326
4069.010417,96695956.168213,-48156030.597107,6593.442212,-26.474771
4083.806818,96395116.061401,-48534274.134216,6587.360475,-26.725727
4092.261905,96455593.599304,-48308675.937988,6584.479907,-26.604257
4101.562500,96257716.065552,-48584134.243652,6581.241670,-26.782227
4108.297414,96340550.649353,-48259955.155151,6576.869778,-26.608488
4123.263889,96233672.050903,-48380947.587463,6574.351606,-26.691498
4131.610577,96062107.846680,-48612519.265259,6571.367350,-26.842620
4140.625000,95976634.935974,-48676917.814270,6568.489877,-26.893762
4150.390625,95977679.577698,-48552099.098877,6565.104221,-26.834210
4161.005435,95691747.799377,-48978733.824890,6561.359439,-27.105920
4172.585227,95624731.116211,-48972981.441162,6557.558401,-27.119474
4175.646552,95083037.380188,-49564993.910217,6544.771772,-27.532993
4185.267857,95371357.115234,-49302045.323425,6552.996276,-27.337425
4199.218750,95335038.080872,-49200838.036011,6548.191794,-27.298316
4206.730769,95262306.577881,-49201727.815735,6544.272094,-27.316564
4218.750000,95094927.163086,-49429650.928955,6541.601199,-27.465892
4231.770833,95235408.823853,-49012772.420959,6537.527750,-27.233356
4242.995690,94881681.577881,-49512491.057678,6532.392751,-27.557898
4250.919118,95017156.323425,-49199868.933960,6530.928826,-27.375921
4261.363636,94946729.507263,-49212839.714600,6527.476150,-27.399443
4267.939815,94727502.580933,-49547880.083069,6525.052072,-27.612944
4278.273810,94775004.103394,-49334827.256958,6521.606704,-27.499899
4296.875000,94314882.424866,-49984885.545715,6515.193825,-27.923464
4310.344828,94221030.447632,-49950535.424988,6509.150528,-27.930770
4317.434211,94057905.036377,-50217400.911316,6508.010959,-28.098533
4330.842391,93936915.739563,-50282815.078857,6503.380695,-28.160208
4340.277778,93831132.449707,-50374310.370972,6500.328628,-28.230466
4350.142045,93910000.888245,-50100886.715271,6496.698156,-28.080702
4356.971154,93785817.465332,-50253030.130554,6494.392337,-28.184466
4371.279762,93798611.271484,-50063205.696594,6489.617069,-28.091041
4377.693966,93616611.220032,-50316623.946228,6487.127552,-28.257769
4394.531250,93515645.052917,-50308535.183350,6481.466001,-28.279716
4412.615741,93402750.842041,-50217596.459045,6472.768186,-28.265344
4420.230263,93349873.327026,-50321846.239014,6472.942639,-28.328482
4432.091346,93050069.773315,-50727526.466858,6468.656338,-28.598461
4438.920455,93017578.793213,-50706425.860229,6466.298658,-28.596853
4448.784722,92792478.057983,-50997764.285828,6462.784481,-28.793579
4464.285714,92709745.617554,-50967630.520020,6457.473229,-28.800857
4480.698529,92574177.301575,-51015706.340393,6451.639061,-28.859098
4492.187500,92311163.663025,-51356272.570618,6447.664115,-29.089739
4500.679348,92379976.659180,-51135452.378174,6444.796652,-28.966871
4507.211538,92517406.080444,-50818069.458252,6442.788148,-28.780012
4523.026316,92347517.268005,-50939847.361511,6437.288236,-28.882436
4531.250000,92247899.229187,-51021059.382568,6434.362449,-28.947239
4534.040179,92138411.358337,-51187361.485229,6433.438702,-29.055155
4557.291667,91903650.925049,-51297586.900146,6424.192921,-29.169674
4582.331731,91389034.663025,-51853320.104004,6413.455134,-29.571061
4589.843750,91436602.887939,-51781260.507996,6413.812031,-29.524086
4603.794643,91218132.295227,-52001787.271179,6408.867673,-29.687548
4609.375000,91337249.395996,-51727517.471619,6406.918735,-29.525284
4616.477273,91100335.443359,-52067168.515564,6404.601676,-29.750421
4629.629630,90946170.945496,-52129594.196960,6398.327781,-29.821858
4638.671875,90914445.111389,-52127933.983093,6396.597416,-29.829697
4650.297619,90773414.411682,-52247541.852966,6392.769924,-29.924838
4657.451923,91047921.105652,-51688505.054688,6390.382187,-29.584736
4670.516304,90865887.620544,-51853475.113708,6385.706929,-29.712525
4687.500000,90474751.653931,-52339392.988831,6379.782614,-30.050149
4701.967593,90657268.543518,-51861070.504333,6374.880816,-29.772869
4710.477941,90413658.286621,-52177011.382385,6371.595360,-29.989791
4720.052083,90398365.078064,-52103958.776917,6368.559072,-29.959243
4728.618421,90185344.568481,-52369847.657349,6365.431668,-30.144253
4743.303571,89898634.771912,-52686792.732117,6360.064012,-30.374136
4755.434783,89639197.579834,-52747631.020264,6348.289634,-30.475319
4760.742188,89813305.681885,-52632046.226624,6353.881017,-30.371887
4774.305556,89783657.557800,-52534373.573120,6349.306937,-30.333727
4785.156250,89617257.587646,-52693961.725830,6345.474500,-30.455958
4794.034091,89467654.215454,-52848553.139954,6342.398527,-30.571253
4801.432292,89681781.870667,-52407808.884705,6340.039597,-30.301849
4807.692308,89491959.131836,-52653943.989441,6337.644056,-30.471968
4817.708333,89562047.145142,-52429907.326294,6334.412143,-30.345737
4831.414474,89374882.565796,-52590997.519165,6329.536703,-30.474795
4840.353261,89339370.726685,-52547752.368469,6326.330059,-30.464147
4843.750000,88790443.974915,-52992423.448303,6311.339881,-30.830750
4882.812500,88679276.346863,-53176559.619873,6311.286951,-30.949937
4921.875000,88366114.018738,-53219375.405579,6296.249430,-31.059790
4929.315476,88219273.254700,-53414208.209656,6294.724361,-31.194608
4940.257353,88382964.684204,-53027647.830505,6291.101823,-30.963654
4947.916667,88047147.423767,-53483461.309082,6287.933090,-31.277141
4957.932692,88112051.512878,-53275197.478516,6284.732694,-31.159339
4971.590909,87880629.020935,-53449024.031982,6278.156069,-31.308902
4980.468750,87944621.802429,-53304466.973511,6276.915595,-31.221561
4991.319444,87898132.370850,-53262622.293274,6273.165137,-31.215045
5000.000000,87422799.234741,-53882604.300781,6268.142530,-31.648330
5010.190217,87372776.749695,-53901543.447937,6266.150411,-31.671977
5022.321429,87376688.472900,-53766053.163574,6262.015658,-31.606429
5037.006579,87033304.304382,-54152425.492249,6256.601479,-31.890959
5045.572917,86912564.645020,-54250915.950684,6253.526553,-31.973397
5060.369318,86859687.058899,-54169624.234314,6248.161832,-31.950471
5078.125000,86796763.267883,-54076249.325073,6241.887665,-31.924735
5095.108696,86897505.519958,-53743232.416077,6236.391960,-31.736356
5099.826389,86766114.605164,-53898483.348145,6234.567778,-31.849191
5108.173077,86635078.747070,-53969544.037231,6230.067556,-31.921889
5115.327381,86564771.321838,-54054169.478760,6229.159837,-31.983088
5126.953125,86596896.797058,-53878981.440186,6225.167680,-31.890048
5139.802632,85995650.198486,-54682510.506531,6220.216931,-32.452230
5149.147727,85927096.069031,-54686317.042236,6216.811132,-32.474731
5161.830357,85985044.629700,-54464390.226562,6212.536481,-32.351819
5170.036765,85948873.214050,-54432709.778931,6209.636663,-32.347647
5180.027174,85527651.693970,-54878025.564636,6202.567599,-32.686848
5208.333333,85339078.277466,-54964720.373169,6195.747134,-32.785517
5237.926136,85381116.840698,-54588112.268677,6185.491957,-32.593631
5249.023438,85390253.940002,-54461324.114746,6181.797005,-32.530414
5258.413462,84883124.234619,-55136916.145752,6178.087430,-33.007226
5273.437500,84763823.871948,-55160664.771545,6172.772670,-33.055329
5284.926471,84914078.190613,-54813048.119873,6168.928775,-32.843693
5289.713542,85054703.641235,-54550846.150574,6167.487212,-32.675529
5301.339286,84445150.840942,-55349009.294312,6162.773430,-33.243550
5316.840278,84378958.087952,-55288154.691528,6157.358268,-33.235251
5326.704545,84178731.485107,-55485511.569458,6153.760856,-33.391432
5338.541667,84175844.125916,-55364955.554321,6149.567061,-33.335092
5349.864130,84283795.530701,-55043994.782837,6144.339209,-33.148696
5371.093750,83902916.394165,-55432256.021851,6137.919283,-33.452585
5394.345238,83987433.426147,-55070429.359985,6130.086460,-33.253774
5399.816176,83952309.445679,-55071235.309875,6128.320730,-33.265150
5408.653846,83494567.552002,-55655421.961121,6124.683565,-33.687439
5415.482955,83244805.641113,-55852585.532898,6118.701311,-33.860389
5425.347222,83584450.864014,-55351910.362976,6119.001305,-33.514604
5440.848214,83392772.100220,-55479891.740112,6113.573616,-33.636186
5448.190789,83492994.115417,-55254250.831848,6111.056180,-33.496905
5468.750000,82725430.813660,-56068018.257812,6099.769715,-34.128870
5487.351190,82972121.081116,-55618966.967957,6096.935965,-33.836257
5504.261364,82556682.914368,-56051461.676819,6090.678648,-34.175363
5514.705882,82901441.189880,-55444072.468140,6087.411998,-33.775405
5519.701087,82819387.619690,-55510727.884766,6085.513804,-33.833461
5533.854167,82601197.860352,-55685324.121887,6080.406368,-33.986751
5550.986842,82570849.916199,-55558811.981995,6074.556362,-33.936124
5558.894231,82492134.786560,-55591916.560181,6071.699756,-33.977255
5566.406250,81989634.607727,-56238223.609741,6068.515781,-34.447971
5580.357143,82057131.074402,-56004213.783325,6063.850347,-34.314654
5593.039773,81794831.391541,-56213609.292664,6057.863190,-34.499866
5598.958333,81624568.024841,-56437097.887817,6057.048832,-34.661893
5615.234375,81433996.303589,-56544650.689819,6051.226582,-34.775660
5629.595588,81376098.528076,-56479432.798828,6046.053559,-34.763774
5642.361111,81692896.325500,-55901751.820435,6041.966661,-34.384517
5653.782895,81302033.574951,-56341731.384644,6037.548967,-34.722708
5664.062500,81229790.676392,-56340525.402039,6033.883251,-34.745984
5673.363095,81312808.028076,-56031370.044067,6027.320533,-34.571132
5681.818182,81346962.500061,-55999534.259521,6027.935197,-34.544679
5696.614583,81184192.485840,-56081263.808777,6022.588342,-34.637367
5709.134615,80949053.785645,-56291754.614136,6018.111077,-34.815674
5719.866071,80453513.133667,-56881101.492188,6013.998100,-35.261573
5729.166667,80414956.248535,-56843302.806213,6010.744602,-35.256566
5737.304688,80327260.117249,-56884009.037292,6007.809998,-35.305383
5750.868056,80184371.688843,-56947740.961609,6002.946181,-35.383793
5761.718750,80455264.590088,-56458041.004150,5999.215539,-35.059605
5770.596591,80038523.575562,-56956533.025085,5996.001594,-35.437232
5859.375000,79684440.750793,-56569330.099976,5964.693894,-35.372629
5952.380952,78466796.472229,-57274130.426819,5929.508164,-36.127351
5962.171053,78706066.614319,-56912527.582825,5928.350894,-35.871831
5967.881944,78730465.559692,-56824456.306091,5926.410105,-35.821279
5981.445312,78116511.826782,-57522497.245544,5921.228581,-36.367814
5989.583333,78342970.648438,-57139202.248108,5918.548415,-36.106090
5998.883929,78200674.125732,-57245509.217529,5915.363812,-36.206443
6009.615385,77768826.226746,-57716666.608032,5911.208854,-36.582289
6022.135417,77790294.899048,-57569318.775024,5906.906647,-36.504660
6036.931818,77769406.816040,-57398767.328552,5899.694128,-36.430759
6045.386905,77508415.344727,-57717729.333252,5898.491548,-36.674812
6064.967105,77400879.548828,-57672872.256348,5891.592160,-36.691580
6076.388889,77471124.889587,-57403535.936279,5885.228846,-36.538298
6089.154412,77555753.358643,-57238300.494507,5883.385429,-36.429430
6103.515625,77295893.538574,-57443656.822144,5878.099075,-36.619545
6119.791667,77039083.571777,-57631596.960144,5872.389758,-36.800608
6138.392857,77132910.724915,-57330793.116516,5866.005491,-36.623498
6152.343750,76525878.447998,-57957333.301758,5859.319380,-37.139781
6159.855769,76398787.108765,-58088867.088928,5857.993083,-37.248190
6167.763158,76580533.339905,-57772114.536560,5855.163646,-37.031880
6184.895833,76170023.916931,-58147936.527588,5849.071211,-37.359093
6204.044118,76308725.943420,-57795609.592468,5842.793672,-37.141088
6214.488636,76209924.417969,-57818614.020142,5838.836041,-37.187802
6225.585938,76028318.208923,-57951272.392944,5834.913995,-37.316936
6250.000000,76184450.264709,-57522802.808655,5826.699874,-37.055594
6270.559211,75315229.152100,-58347225.191956,5815.127982,-37.766304
6277.901786,75589381.342712,-58032942.507324,5816.663619,-37.515974
6293.402778,75450751.468933,-58065640.550171,5811.171229,-37.582389
6310.096154,75029472.393250,-58444112.126953,5804.981826,-37.917881
6318.933824,75010762.153259,-58388037.473999,5801.977967,-37.898146
6347.656250,74728935.800415,-58480152.945007,5791.876711,-38.046566
6373.355263,74477459.419617,-58088457.660889,5765.062236,-37.953456
6380.208333,74543103.541687,-58418325.134155,5780.619790,-38.086396
6392.045455,74899036.974731,-57857184.344604,5776.733702,-37.686085
6401.909722,74253896.034851,-58583913.130127,5772.990817,-38.273422
6417.410714,74088940.697754,-58644748.466187,5767.393591,-38.364340
6433.823529,74024336.868286,-58314037.420105,5751.789212,-38.231052
6445.312500,74104408.956299,-58373963.928406,5757.891877,-38.229548
6460.336538,73700555.985291,-58738748.014893,5752.399023,-38.555700
6469.726562,74166776.112976,-58071754.708252,5749.492594,-38.061669
6476.151316,74123716.050415,-58027958.264038,5745.775216,-38.056837
6510.416667,73272798.537048,-58806755.634766,5734.601721,-38.750723
6548.713235,73177745.155151,-58585104.978271,5721.613188,-38.681429
6556.919643,73307203.766174,-58361352.140686,5719.267542,-38.525144
6569.602273,72758960.824158,-58910709.663818,5714.166303,-38.997186
6578.947368,72695379.222229,-58850304.041809,5708.830085,-38.992936
6591.796875,72680984.749756,-58813894.343445,5706.749013,-38.981144
6610.576923,72402855.566101,-58980393.758789,5699.975387,-39.167904
6618.923611,72253762.989441,-58981644.444214,5692.971101,-39.226346
6640.625000,72451164.723999,-58646646.098755,5689.423021,-38.990091
6663.602941,72485541.433472,-58409169.510437,5681.948126,-38.863167
6673.177083,71884638.697449,-59049902.568420,5678.179189,-39.402682
6681.743421,72400617.119263,-58354739.686279,5675.827438,-38.869885
6696.428571,72025373.324951,-58678832.705261,5670.486826,-39.170745
6713.867188,71838763.230835,-58749650.320129,5664.396274,-39.277415
6727.430556,71671106.602295,-58828845.051392,5659.544001,-39.380885
6747.159091,71336499.235718,-59051811.956421,5652.440770,-39.618868
6760.817308,71052495.779968,-59275058.688782,5647.817647,-39.837497
6770.833333,71064263.934998,-59175664.904724,5644.485221,-39.785538
6778.492647,71217981.616272,-58921970.725647,5641.814979,-39.603715
6835.937500,70921177.906128,-58732105.326477,5620.470087,-39.630416
6893.382353,70120005.104065,-59219419.980774,5602.039587,-40.183744
6901.041667,70169072.864441,-59100298.203186,5599.641384,-40.107132
6911.057692,69952268.847229,-59261136.678406,5595.867186,-40.271302
6924.715909,69995373.841309,-59093558.560425,5591.271134,-40.173898
6944.444444,70137711.590210,-58763091.207520,5584.937089,-39.958277
6958.007812,69979345.684143,-58832964.177917,5580.274698,-40.055585
6975.446429,69227821.380493,-59554014.572693,5573.843592,-40.705336
6998.697917,69378520.968140,-59185581.734558,5566.198736,-40.468098
7008.272059,68838805.451477,-59612112.192749,5558.185599,-40.892678
7031.250000,69442103.999695,-58833401.406006,5555.232207,-40.273444
7052.951389,68590960.789307,-59627140.446594,5547.360399,-41.002127
7061.298077,69011957.939819,-59070786.681152,5544.637263,-40.563069
7080.078125,69004485.615784,-58926922.067322,5538.584385,-40.497125
7102.272727,68617234.229004,-59177224.290344,5530.596826,-40.776511
7114.955357,68423434.173706,-59300133.519287,5526.554801,-40.915506
7123.161765,67814255.613037,-59437025.557068,5504.014080,-41.234745
7161.458333,67773760.795166,-59638286.067932,5510.262992,-41.347747
7202.148438,67706971.472595,-59381994.572266,5496.875886,-41.253405
7211.538462,67891120.811462,-59093260.384460,5493.744608,-41.037919
7226.562500,67803532.933899,-59072106.185486,5488.864966,-41.064393
7238.051471,67055574.389648,-59766533.511353,5482.635944,-41.711801
7254.464286,67519626.842224,-59158567.928101,5479.287503,-41.225037
7279.829545,67314835.265198,-59180143.205933,5470.761457,-41.321684
7291.666667,66446326.325073,-59776206.726746,5455.326487,-41.976306
7324.218750,67036775.317200,-59126605.523193,5455.864444,-41.413597
7352.941176,66359675.188354,-59575307.046692,5443.196242,-41.917579
7361.778846,66232286.393311,-59706337.352539,5442.764612,-42.034912
7378.472222,66090562.069641,-59676715.922668,5435.130734,-42.081815
7393.973214,66453485.226685,-59199541.504211,5432.175153,-41.697214
7421.875000,65567361.752991,-59941368.928894,5422.357356,-42.434657
7446.289062,65386177.930054,-59833774.992859,5409.764704,-42.462352
7457.386364,65658657.316406,-59554117.516602,5410.563256,-42.210095
7467.830882,65264272.202820,-59901362.729248,5407.066387,-42.547832
7486.979167,65214259.748230,-59796432.687744,5400.487362,-42.519670
7512.019231,65438515.361755,-59359206.804260,5392.617939,-42.212383
7533.482143,65105894.732178,-59546812.987122,5385.319553,-42.447749
7552.083333,64812706.080017,-59714821.152893,5379.071220,-42.657003
7568.359375,64486539.756653,-59932993.713257,5373.503619,-42.905272
7595.486111,64548960.231873,-59648000.460999,5364.474192,-42.741473
7617.187500,64259878.764648,-59784542.927368,5357.202008,-42.935017
7634.943182,64296851.322693,-59609036.543091,5351.565683,-42.834587
7649.739583,64184961.015015,-59605979.418335,5346.432448,-42.882881
7662.259615,64287411.764038,-59402943.473572,5342.598198,-42.739855
7672.991071,63936465.436584,-59692597.644531,5338.934887,-43.035224
7682.291667,63712027.728455,-59856372.519714,5335.769412,-43.214077
7690.429688,63835748.855835,-59620450.559448,5331.436324,-43.045718
7812.500000,62497385.789612,-60110802.252686,5292.733788,-43.886166
7934.570312,61890104.680054,-59810027.029541,5253.307116,-44.022104
7942.708333,62086574.815857,-59434762.581665,5246.071869,-43.751193
7952.008929,61846007.721924,-59718933.524902,5247.508284,-43.998871
7962.740385,61958955.699890,-59524913.517456,5244.258443,-43.853473
7975.260417,61648870.310669,-59749991.824768,5240.178173,-44.105173
7990.056818,61297263.963379,-59992477.756836,5235.130547,-44.384968
8007.812500,61112635.269287,-60046105.171265,5229.376275,-44.496965
8029.513889,61606717.269836,-59382611.306030,5222.744132,-43.948166
8056.640625,61358530.522522,-59432375.345093,5213.960832,-44.087728
8072.916667,60814475.750244,-59380360.188599,5187.941105,-44.317710
8091.517857,61097658.034851,-59435965.656555,5202.688168,-44.211467
8112.980769,60866321.943970,-59512113.613770,5195.824705,-44.356781
8138.020833,60042880.191284,-60148582.551819,5187.428279,-45.051717
8167.613636,60360783.713623,-59614177.868164,5178.182412,-44.644769
8203.125000,59568281.344543,-60134970.046570,5166.413116,-45.272578
8231.026786,59719152.847900,-59788000.550232,5157.892550,-45.034336
8246.527778,59892221.486511,-59504909.795959,5153.170286,-44.815461
8263.221154,59754277.892212,-59519554.720459,5147.831609,-44.888570
8300.781250,59099393.945251,-59890641.570740,5135.686589,-45.382332
8333.333333,58678085.180481,-60003218.771240,5122.567568,-45.641054
8345.170455,58618702.187744,-60037101.158997,5121.513571,-45.686222
8370.535714,58999537.385498,-59480494.748962,5113.603591,-45.233919
8398.437500,58425497.807007,-59842739.433228,5104.786938,-45.687906
8413.461538,58576853.562256,-59325859.216858,5088.747215,-45.365318
8463.541667,57835802.542297,-59938144.626038,5083.896838,-46.024016
8510.044643,58000568.166626,-59350905.014954,5065.188501,-45.660607
8522.727273,57822601.025513,-59539825.829651,5065.868150,-45.839633
8544.921875,57852728.618896,-59358877.691223,5059.234227,-45.737549
8563.701923,57336725.949219,-59717599.745544,5053.073344,-46.166592
8593.750000,56896424.443542,-59923910.031067,5043.622283,-46.485901
8626.302083,57174804.849304,-59433324.366882,5033.714610,-46.110952
8649.553571,56450838.739624,-59949756.362793,5026.082747,-46.723129
8680.555556,56909571.641479,-59306922.471191,5016.934941,-46.183110
8700.284091,56623119.463379,-59439178.644470,5010.687077,-46.391283
8713.942308,56750791.410522,-59229729.593201,5006.826593,-46.225802
8789.062500,55461214.496033,-59911444.835022,4983.151171,-47.210348
8864.182692,55386089.958435,-59473298.227600,4960.433191,-47.039366
8877.840909,55540019.709778,-59238953.943665,4956.396659,-46.847190
8897.569444,55269689.266907,-59352695.126709,4950.204204,-47.041479
8928.571429,54793089.879944,-59583109.780334,4940.768422,-47.399516
8951.822917,55176907.987244,-59079309.555115,4934.138380,-46.957552
8984.375000,54398358.470459,-59565324.394104,4923.690000,-47.597343
9014.423077,54126705.966248,-59616730.583923,4914.846483,-47.764745
9033.203125,54134206.481262,-59487787.789612,4909.330489,-47.699044
9055.397727,54449126.637878,-59056778.487061,4902.914371,-47.325981
9068.080357,53800702.101501,-59560507.885620,4898.945991,-47.910071
9114.583333,53338332.213684,-59552503.646790,4879.709592,-48.152135
9164.663462,52912679.576660,-59599830.854919,4864.574400,-48.402786
9179.687500,53442840.295410,-59146893.108276,4865.570146,-47.901668
9207.589286,53475105.702087,-58938669.682617,4857.470664,-47.783924
9232.954545,52679724.584167,-59475603.364136,4849.467318,-48.468939
9277.343750,52713301.398865,-59166973.760803,4836.744893,-48.302801
9314.903846,51688777.463501,-59340526.909058,4803.356614,-48.943834
9331.597222,52194632.117188,-59274848.122375,4820.683216,-48.635813
9375.000000,52430958.724182,-58790471.621033,4808.123123,-48.273967
9410.511364,51684914.312073,-59218116.489563,4797.570139,-48.887347
9440.104167,51251697.874634,-59403185.675171,4788.771342,-49.214585
9465.144231,51758784.717346,-58771317.691895,4780.036339,-48.631674
9486.607143,51636150.825134,-58733105.162292,4773.340629,-48.680599
9521.484375,50882498.496155,-59211942.114868,4765.221772,-49.328054
9548.611111,50628036.756897,-59260607.055847,4757.371721,-49.493244
9570.312500,50749829.647949,-59019551.267944,4751.038060,-49.309821
9588.068182,50728025.143066,-58929875.682190,4746.020839,-49.278920
9602.864583,50754430.396484,-58814306.000916,4741.729789,-49.208551
9615.384615,50263137.825012,-59098186.333679,4735.378696,-49.620226
9765.625000,50144378.709595,-58344320.607178,4695.694325,-49.323844
9928.385417,48655351.025574,-58504377.710632,4644.474139,-50.252771
9943.181818,48471706.785889,-58416879.233215,4633.203532,-50.317118
9960.937500,48520379.917969,-58530996.042786,4640.461454,-50.343807
9982.638889,48268914.259644,-58608851.599182,4634.348188,-50.527399
10009.765625,48691218.682007,-58107845.979858,4627.297097,-50.040297
10044.642857,47725341.731567,-58685279.517151,4616.945287,-50.882038
10091.145833,48016701.071289,-58182078.894958,4604.456443,-50.469199
10120.738636,47876088.794189,-58127723.334778,4596.436916,-50.525390
10156.250000,47059161.024231,-58574756.026550,4586.137644,-51.222995
10199.652778,47329854.623413,-58111595.287170,4574.549537,-50.839893
10253.906250,46544210.599976,-58431248.716675,4559.663198,-51.461964
10298.295455,46723321.127686,-58039529.456238,4547.833719,-51.166546
10323.660714,46654093.394409,-57950238.077881,4540.938657,-51.164953
10351.562500,46667008.286255,-57784610.292908,4533.563709,-51.077069
10416.666667,46126359.598083,-57837676.746033,4515.435126,-51.428664
10475.852273,45551124.142395,-57968301.679321,4499.893489,-51.841490
10498.046875,46065710.895996,-57446816.417542,4494.491234,-51.275927
10546.875000,45025479.079895,-57979336.054932,4480.673132,-52.169410
10579.427083,44789430.081543,-57987962.694885,4472.267333,-52.319338
10602.678571,45312227.986145,-57457385.519348,4466.370737,-51.741394
10633.680556,44607137.376892,-57829179.969360,4457.796699,-52.356374
10653.409091,45218257.486694,-57255702.779663,4453.154116,-51.701261
10742.187500,44727147.336060,-57156837.696045,4429.884093,-51.957157
10830.965909,43430085.658569,-57556003.445862,4400.962024,-52.964420
10850.694444,44013117.679321,-57119210.170593,4401.339907,-52.385552
10881.696429,43709891.566406,-57179199.784790,4392.976141,-52.605920
10937.500000,43558480.370728,-56940245.766174,4375.776540,-52.586075
10986.328125,43004766.547180,-57167389.155212,4366.395822,-53.048867
11008.522727,42485996.748779,-56970303.338806,4337.785200,-53.287583
11067.708333,42843226.734253,-56849900.221741,4344.984076,-52.999150
11132.812500,42237523.664795,-56977629.307434,4329.094898,-53.452032
11160.714286,42320304.361877,-56769952.210938,4321.936293,-53.298142
11186.079545,42203737.226868,-56689354.563721,4313.740676,-53.334857
11230.468750,42355210.126038,-56393694.688904,4304.824862,-53.092713
11284.722222,41556848.536743,-56699865.187378,4290.796668,-53.762899
11328.125000,41820174.100098,-56289780.398132,4280.199505,-53.391280
11363.636364,41418819.458252,-56354036.879028,4268.794915,-53.686620
11393.229167,41622068.980469,-56116921.469299,4264.520496,-53.437150
11439.732143,40879147.802185,-56419176.323730,4252.588968,-54.075965
11474.609375,40430210.822205,-56566782.576660,4243.896000,-54.446919
11501.736111,41049369.032166,-55991579.619141,4237.616832,-53.755150
11523.437500,40252019.928772,-56453452.302063,4231.946759,-54.512262
11541.193182,40861837.917664,-55933214.364929,4227.982036,-53.851707
11718.750000,39261436.050964,-56197466.773254,4184.316090,-55.062182
11914.062500,38584185.350464,-55644677.378418,4133.008278,-55.264075
11935.763889,38608843.440247,-55631225.766418,4133.191526,-55.240444
11962.890625,38488805.964417,-55588188.832214,4126.858568,-55.303220
11997.767857,38554006.087097,-55378694.323730,4118.624616,-55.156438
12044.270833,38100644.299866,-55477022.088562,4107.822699,-55.521042
12109.375000,38337871.259705,-55016638.297729,4092.951012,-55.131245
12152.777778,37826837.303101,-54917900.273560,4070.233548,-55.442998
12207.031250,38022950.694031,-54791812.863953,4070.710462,-55.242793
12276.785714,37285810.006653,-54971420.174011,4054.295788,-55.853534
12304.687500,37401894.415833,-54733655.758728,4046.287014,-55.655142
12369.791667,37408009.661377,-54460535.883118,4032.745522,-55.517131
12451.171875,36621156.216064,-54641649.472534,4014.927206,-56.171430
12500.000000,36851162.087585,-54271210.782532,4004.034243,-55.824412
12555.803571,35748322.755249,-54751181.358643,3991.109083,-56.860221
12586.805556,36047115.383118,-54424976.290100,3984.493872,-56.484093
12695.312500,35286963.708984,-54449998.156189,3960.344117,-57.055952
12803.819444,35312480.051514,-53969873.583801,3936.636233,-56.804958
12834.821429,35092120.775146,-53979482.472534,3929.779942,-56.973741
12890.625000,34508445.292786,-54114181.416626,3917.405818,-57.476164
12939.453125,34715635.449158,-53792006.466064,3907.682864,-57.164785
13020.833333,33910460.391052,-53941316.370239,3888.965860,-57.845992
13113.839286,34278531.414001,-53347869.484924,3870.446310,-57.279025
13183.593750,33977092.090942,-53251686.966187,3855.580967,-57.461895
13237.847222,33946983.519165,-52954914.998657,3839.330727,-57.339609
13281.250000,33607054.870789,-53041735.841248,3832.648457,-57.643499
13346.354167,32901653.368103,-53267185.584900,3821.478893,-58.299252
13392.857143,32764823.589539,-53164779.119446,3811.774004,-58.356685
13427.734375,32495652.684143,-53195011.143188,3804.754536,-58.581895
13454.861111,32840677.257690,-52452055.828674,3777.263598,-57.950677
13671.875000,31877647.465820,-52581175.601624,3753.138668,-58.775148
13888.888889,31716864.950073,-51841177.774231,3709.457844,-58.543084
13916.015625,31126721.379578,-52143689.084473,3706.629508,-59.167023
13950.892857,30940180.164062,-52120983.807373,3699.614642,-59.307435
13997.395833,31016812.490417,-51904642.549133,3690.663085,-59.140345
14062.500000,31091465.088562,-51614107.066956,3677.800885,-58.937690
14105.902778,30232994.036194,-51959612.071960,3669.251558,-59.808537
14160.156250,30580756.955261,-51561946.485657,3659.074864,-59.330091
14229.910714,30134321.602722,-51563803.511902,3645.347835,-59.699385
14322.916667,30054548.670288,-51260087.556702,3626.889553,-59.618031
14404.296875,29590692.336609,-51258737.501770,3612.580651,-60.004749
14453.125000,29716997.587463,-51006181.325867,3603.113240,-59.776017
14508.928571,29772418.554565,-50785276.888000,3593.178986,-59.621172
14648.437500,28717696.291382,-50899773.905823,3567.138882,-60.570058
14787.946429,28411506.261353,-50583627.606628,3541.155682,-60.680002
14843.750000,28563527.665527,-50307909.718018,3531.064554,-60.414994
14892.578125,28699769.425171,-49987874.494629,3518.223945,-60.140148
14973.958333,27889648.045471,-50230257.696350,3506.793871,-60.961186
15066.964286,27748867.853943,-50017579.498352,3491.273694,-60.981061
15136.718750,27253517.563110,-50062931.262024,3479.137550,-61.438595
15234.375000,27752573.027222,-49460140.429932,3461.671253,-60.704577
15299.479167,27408259.942871,-49450424.171204,3450.917304,-61.004066
15345.982143,26888851.750183,-49572005.415100,3442.181625,-61.525521
15380.859375,27102060.355347,-49321154.108643,3434.978791,-61.212934
15625.000000,26575734.677856,-48858937.971985,3394.813750,-61.458814
15869.140625,25570438.940430,-48636258.427673,3353.890042,-62.268755
15904.017857,25764718.774353,-48422181.151306,3347.883751,-61.985053
15950.520833,25687114.695374,-48330860.175842,3340.738388,-62.011866
16015.625000,25333975.558411,-48302205.973145,3329.127896,-62.325322
16113.281250,25557400.601013,-47906291.529297,3314.143478,-61.922469
16183.035714,25129435.099915,-47910359.983154,3302.148476,-62.324405
16276.041667,24358550.316284,-48001456.178528,3285.514935,-63.096145
16406.250000,24397763.884888,-47628016.298950,3266.295467,-62.877762
16462.053571,24323588.158997,-47507996.020447,3257.711371,-62.889892
16601.562500,23861152.582153,-47350560.550049,3236.361054,-63.257168
16741.071429,24144696.205566,-46805916.876587,3214.606151,-62.715035
16796.875000,23579280.184326,-46926287.200867,3205.494836,-63.323489
16927.083333,23091237.712891,-46782931.196289,3184.382596,-63.731738
17020.089286,22840455.285461,-46595016.522705,3167.334339,-63.888209
17089.843750,22744459.746765,-46542401.846436,3161.874070,-63.957933
17187.500000,22733661.621582,-46268187.544922,3146.554262,-63.834900
17252.604167,22530925.695679,-46209361.700623,3137.889174,-64.008785
17299.107143,22136132.059448,-45894662.154541,3110.091189,-64.252731
17578.125000,22339890.389709,-45443607.264099,3090.783586,-63.823341
17857.142857,21357227.908875,-45143320.459473,3048.217427,-64.683156
17903.645833,21705072.674255,-44919600.323486,3045.056478,-64.212141
17968.750000,21044930.549316,-45050239.025269,3034.966040,-64.962587
18066.406250,21398228.441895,-44656258.596802,3022.451620,-64.399255
18136.160714,21000182.677490,-44655699.654724,3012.001675,-64.815773
18229.166667,20579540.615967,-44536338.723755,2994.550398,-65.201008
18359.375000,20703439.452515,-44243909.906067,2981.554336,-64.925200
18554.687500,19780799.824951,-44207240.523926,2956.082854,-65.895523
18750.000000,19712241.744934,-43764303.105042,2929.704873,-65.754268
18880.208333,19597851.018921,-43480388.951172,2911.037098,-65.739491
19042.968750,19153425.030884,-43354579.484802,2892.970070,-66.166804
19140.625000,19039745.489990,-43165284.598572,2879.598023,-66.200189
19205.729167,19224741.623901,-42957634.168396,2872.600173,-65.892094
19531.250000,18832439.613098,-42411079.158081,2832.381032,-66.058560
19856.770833,18117516.230103,-41942635.474670,2788.683183,-66.639581
19921.875000,17904779.019287,-41952759.997131,2784.127988,-66.889945
20019.531250,18173438.749390,-41656574.241211,2774.026117,-66.431847
20182.291667,17915313.886780,-41380199.383179,2752.275106,-66.592049
20312.500000,17158178.831177,-41456493.124390,2738.545368,-67.518111
20507.812500,17312775.594727,-41021848.367126,2717.706592,-67.120391
20703.125000,16578155.902039,-40908346.342651,2694.166033,-67.941693
20833.333333,16667073.790833,-40593170.802307,2678.403474,-67.679525
20996.093750,16284627.732300,-40477477.131958,2663.071966,-68.086429
21093.750000,16008513.612671,-40379505.574890,2651.267809,-68.376094
21158.854167,16303755.812012,-40161382.858643,2645.621495,-67.907013
21484.375000,15645372.566040,-39811480.116760,2610.880608,-68.547867
21875.000000,14927239.345459,-39176269.011902,2558.901971,-69.143818
21972.656250,15000717.757690,-39181852.217590,2560.820534,-69.052761
22135.416667,14982240.842957,-38821095.426697,2539.862493,-68.898915
22265.625000,14839060.193787,-38702006.618286,2529.940644,-69.024295
22460.937500,15148499.581726,-38277088.085571,2512.629873,-68.410393
22656.250000,14513324.465881,-38158449.635864,2491.853672,-69.178045
22786.458333,14266187.643921,-38012870.535767,2478.210035,-69.430991
22949.218750,13991504.849365,-37892505.516541,2465.475660,-69.735793
23046.875000,14082051.390381,-37671487.481934,2454.754666,-69.505707
23437.500000,13317039.938782,-37347957.089844,2420.187806,-70.377531
23828.125000,13108546.359253,-36714933.187256,2379.520419,-70.353690
23925.781250,13072765.655457,-36671184.453552,2376.271545,-70.381634
24088.541667,13176043.300415,-36346448.567261,2359.751810,-70.075851
24218.750000,13128669.456665,-35890431.440735,2332.608584,-69.909613
24414.062500,12529014.781433,-36125905.176941,2333.863768,-70.874765
24609.375000,12615389.071838,-35760413.613770,2314.546956,-70.570500
24739.583333,12058198.655396,-35775683.797241,2304.339224,-71.375710
24902.343750,12181432.450195,-35538367.590942,2293.045425,-71.081997
25000.000000,11841337.951355,-35453903.289429,2281.508367,-71.533177
25390.625000,11640318.365356,-35039458.562317,2253.630787,-71.625316
25878.906250,11510850.935486,-34417568.965027,2215.121417,-71.509754
26041.666667,11232319.038025,-34256671.675171,2200.453988,-71.848472
26367.187500,10963690.202209,-33958512.699646,2178.075116,-72.109171
26692.708333,11015149.177368,-33492272.964539,2151.990669,-71.796791
26855.468750,11114690.979736,-33294949.717285,2142.468950,-71.541805
27343.750000,10661736.875427,-32788285.286316,2104.444785,-71.989199
27832.031250,10074751.002686,-32447280.996704,2073.756098,-72.752786
27994.791667,10134628.395447,-32216175.343262,2061.382563,-72.539503
28320.312500,10005369.577087,-31912111.225220,2041.312140,-72.594425
28645.833333,9575342.468018,-31653438.377075,2018.496473,-73.171298
28808.593750,9710956.973694,-31461445.020264,2009.708345,-72.848672
29296.875000,8947178.579590,-31159864.457031,1978.756855,-73.981402
29785.156250,8938690.652893,-30598912.223328,1945.725392,-73.717799
29947.916667,8771730.502808,-30506987.249756,1937.499514,-73.960552
30273.437500,8940079.868896,-30162685.385010,1920.206202,-73.492589
30598.958333,8424897.784607,-29952431.501831,1899.150985,-74.292177
30761.718750,8582242.126099,-29763518.504089,1890.691899,-73.917385
31250.000000,8625282.585693,-29313520.993286,1865.056017,-73.606049
31738.281250,7804303.764038,-29082607.743469,1837.919032,-74.980813
31901.041667,7949442.330383,-28865375.459167,1827.448280,-74.604796
32226.562500,7796808.413879,-28644927.968445,1812.010249,-74.775844
32552.083333,7949827.842407,-28288473.880798,1793.530523,-74.305389
33203.125000,7317232.658630,-27932710.885193,1762.457246,-75.322906
33854.166667,6898822.562683,-27473387.962708,1728.954555,-75.906193
34179.687500,6537279.542480,-27333471.358032,1715.405951,-76.551631
34505.208333,6693059.692871,-27006417.294250,1698.259626,-76.082960
35156.250000,6912045.859863,-26492880.564270,1671.176523,-75.379609
35807.291667,6312455.398438,-26107233.456787,1639.426074,-76.409612
36132.812500,6165074.802551,-25962112.294556,1628.715892,-76.643978
36458.333333,6349928.950806,-25517436.556396,1605.008038,-76.028210
37109.375000,5802968.950562,-25369912.535645,1588.495789,-77.118405
37760.416667,5900641.713440,-24857577.660400,1559.393394,-76.648660
38085.937500,5479882.779602,-24794083.036926,1549.878433,-77.539369
38411.458333,5773259.947449,-24468227.000977,1534.476803,-76.726181
39062.500000,5509824.623230,-24177582.269409,1513.562580,-77.164395
39713.541667,5220447.682739,-23749726.322632,1484.219727,-77.605207
40039.062500,5354759.664612,-23621276.626343,1478.354098,-77.229643
