Barrido en f -> f_inicial:10, f_final:100000, step: 10
Parametros -> M:512,	N:32, Modo:0,	Fuente:1
Formato -> f,x,y,r,phi

9.998933,121662440.463135,-5017.077759,7425.912691,-0.002363
19.997867,121719700.610535,6591.196777,7429.407684,0.003103
30.001920,121689189.971008,-46860.764221,7427.545945,-0.022064
40.003765,121686407.051453,-180293.949158,7427.383686,-0.084893
50.000000,121695541.595581,-241010.779541,7427.947645,-0.113474
60.000662,121663462.683533,-371553.059448,7426.009707,-0.174983
69.996387,121690629.560425,-516382.263428,7427.700135,-0.243135
80.000883,121679165.899170,-625055.042297,7427.031545,-0.294329
89.994552,121692508.055359,-744599.098511,7427.886961,-0.350581
100.000000,121667354.018311,-949761.578064,7426.438855,-0.447267
110.000782,121665403.879761,-1075103.952820,7426.383489,-0.506299
120.001324,121661405.305176,-1231231.055664,7426.229759,-0.579839
130.001981,121694368.217712,-1302398.306152,7428.286830,-0.613186
140.000734,121644003.922424,-1507725.086060,7425.357669,-0.710141
150.000000,121659337.450684,-1671896.170898,7426.424444,-0.787357
160.001766,121661751.967468,-1788908.531128,7426.673377,-0.842439
170.001209,121630033.913452,-1970006.065552,7424.908394,-0.927949
179.993873,121624880.328857,-2099573.111877,7424.726165,-0.989010
189.992704,121591877.587402,-2280137.835266,7422.910533,-1.074338
200.000000,121601771.989746,-2410762.715332,7423.668105,-1.135777
210.013441,121612861.538879,-2530712.881165,7424.493559,-1.192164
219.994849,121572708.397400,-2740253.849915,7422.320456,-1.291269
230.001207,121584355.292419,-2868576.386169,7423.211779,-1.351586
240.002648,121609615.682068,-3038276.239258,7425.004650,-1.431214
250.000000,121535624.504944,-3165354.517395,7420.687754,-1.491956
259.993912,121511429.926270,-3304297.823669,7419.437179,-1.557724
269.990809,121553938.491699,-3471332.475891,7422.314858,-1.635854
279.993444,121509984.344177,-3614032.394653,7419.886957,-1.703678
290.009470,121545105.280823,-3701697.307129,7422.190645,-1.744475
300.009796,121508242.611267,-3917551.957764,7420.354575,-1.846690
310.019841,121491498.888184,-4119499.722107,7419.740608,-1.942082
320.003531,121475580.205078,-4222661.610352,7418.985618,-1.990939
330.010776,121458141.595520,-4360877.582886,7418.219773,-2.056346
339.988426,121467822.158264,-4509464.693420,7419.141194,-2.126179
349.981936,121394727.804565,-4635761.557251,7414.972969,-2.186985
359.987745,121395649.167664,-4867522.766602,7415.582442,-2.296190
370.001941,121417010.547302,-5010526.609924,7417.239997,-2.363159
379.985409,121439839.423218,-5178597.887207,7419.062201,-2.441875
389.426764,121414231.575562,-5306262.401917,7417.836736,-2.502524
400.037651,121354564.989807,-5451474.759399,7414.590809,-2.572181
410.007156,121342575.565125,-5546089.260193,7414.121179,-2.617019
420.026882,121384837.486084,-5772746.946472,7417.342349,-2.722867
429.979011,121331582.798218,-5914322.320312,7414.511212,-2.790763
439.989698,121344948.449829,-6067302.146362,7415.786473,-2.862515
449.984681,121250622.099548,-6226914.752930,7410.529539,-2.939971
460.002413,121286640.737549,-6385640.722046,7413.228171,-3.013881
470.003342,121328193.439514,-6466171.009644,7416.020884,-3.050775
480.005297,121250843.206116,-6601673.500305,7411.751392,-3.116565
490.166506,121186862.571533,-6779230.710205,7408.449391,-3.201901
500.000000,121187441.230957,-6931146.012390,7409.008332,-3.273482
509.982639,121196346.881042,-7141300.848999,7410.294469,-3.372263
519.987825,121172518.347229,-7253755.121582,7409.249555,-3.425912
529.993719,121094356.164490,-7445750.206909,7405.197259,-3.518630
539.981618,121121912.088684,-7574662.691284,7407.362971,-3.578581
550.017960,121100668.219360,-7758846.880859,7406.779137,-3.666004
559.986888,121106211.622253,-7918244.431519,7407.745198,-3.740935
570.050837,121049246.488220,-8046429.482239,7404.790448,-3.803103
580.018939,121025171.976379,-8144997.030457,7403.725796,-3.850315
590.006510,121017104.910889,-8296010.895020,7403.859204,-3.921742
599.979575,121028144.131958,-8492060.752747,7405.359374,-4.013756
609.756098,120958965.109131,-8641484.355164,7401.791580,-4.086472
620.039683,120932652.094360,-8757751.993408,7400.698795,-4.142161
630.040323,120904769.662415,-8877400.510193,7399.532576,-4.199515
640.007062,120856905.401428,-9057095.032532,7397.430497,-4.285898
651.041667,120848732.254761,-9253753.072815,7397.839800,-4.378895
660.021552,120858862.711426,-9406904.455811,7399.175847,-4.450707
669.967297,120768407.575073,-9572216.449585,7394.461808,-4.531976
679.976852,120781656.777283,-9705685.328430,7395.916044,-4.594397
690.026198,120786018.268250,-9887273.104980,7397.077404,-4.679809
699.963873,120734586.117432,-10096129.165588,7395.000003,-4.780237
710.227273,120703310.318665,-10145018.436584,7393.346992,-4.804515
720.214844,120700782.055542,-10239356.598267,7393.677718,-4.849081
729.955808,120633356.235046,-10389597.514709,7390.358215,-4.922621
740.003882,120611684.172791,-10574996.692017,7390.020089,-5.010916
750.000000,120550090.940125,-10756532.066406,7387.251527,-5.099077
760.198353,120557577.415588,-10885883.483398,7388.412506,-5.159747
769.981971,120575225.513062,-10958758.258850,7389.886614,-5.193345
778.853528,120479255.173279,-11151048.151184,7385.125371,-5.288144
790.028090,120422636.537659,-11283550.876648,7382.434359,-5.353119
800.075301,120415267.063354,-11486097.318787,7383.150180,-5.448969
809.832317,120408798.068054,-11629742.355530,7383.594865,-5.516991
820.014313,120391070.757324,-11845321.860413,7383.794673,-5.619432
830.078125,120327021.790100,-11950306.742249,7380.534649,-5.671912
840.053763,120316736.428894,-12088262.120789,7380.746940,-5.737442
849.971065,120296130.300659,-12230846.036499,7380.370736,-5.805645
859.958022,120266896.995300,-12311147.696106,7379.093087,-5.844909
870.028409,120197615.105103,-12418189.648132,7375.554894,-5.898747
879.979396,120167657.676453,-12605824.701538,7374.922121,-5.988714
890.031646,120136879.925537,-12720379.702148,7373.786739,-6.044272
899.969363,120096877.644775,-12877753.802917,7372.376633,-6.120510
909.978693,120078969.341431,-13024419.519592,7372.249747,-6.190595
919.950181,120072303.296753,-13210998.879761,7373.082033,-6.278920
930.059524,120052032.641541,-13370598.465332,7372.924113,-6.355221
939.849624,120014888.795044,-13564720.728760,7371.992219,-6.448697
950.168919,119913006.868042,-13742167.923584,7367.038323,-6.537834
960.010593,119893433.518372,-13868581.478760,7366.734026,-6.598515
969.107824,119825018.770508,-13978502.490784,7363.360267,-6.654110
976.562500,119817654.888672,-14066071.689087,7363.535108,-6.695826
989.940068,119780855.430298,-14272229.261047,7362.782496,-6.795119
1000.000000,119705254.390930,-14470947.645020,7359.646290,-6.893137
1010.237069,119731343.501648,-14490029.122314,7361.367023,-6.900649
1019.965278,119701514.681396,-14591702.575073,7360.307912,-6.950312
1029.829545,119623150.973450,-14796771.827209,7357.086061,-7.051585
1039.975649,119664099.982483,-14888890.372253,7360.258682,-7.092636
1050.067204,119549591.658447,-15013836.874695,7354.269377,-7.158322
1060.267857,119504405.869568,-15248555.323303,7353.332476,-7.271763
1069.972826,119468434.116272,-15442693.110535,7352.664197,-7.365527
1079.963235,119447737.806763,-15548999.294739,7352.246148,-7.416939
1090.116279,119376799.618958,-15755636.305786,7349.592217,-7.518801
1100.035920,119378870.565857,-15905722.235352,7350.921794,-7.589463
1110.197368,119310295.828247,-16076071.440369,7348.154099,-7.674139
1120.174632,119270847.154297,-16202864.354675,7346.805616,-7.736462
1129.748775,119214652.000244,-16276731.805481,7344.015426,-7.774921
1139.322917,119223991.226746,-16406187.027222,7345.653222,-7.835386
1149.970794,119149145.033997,-16506994.747009,7341.969354,-7.887817
1160.272277,119090702.816406,-16732565.595093,7340.338963,-7.998093
1168.224299,119076814.693298,-16755254.372253,7339.692354,-8.009720
1180.013021,119015233.226013,-16913157.179321,7337.320096,-8.088338
1189.834770,119014133.541870,-17082374.112732,7338.713954,-8.168250
1200.112952,118926343.844727,-17224914.884033,7334.651981,-8.241474
1210.088315,118870864.480103,-17415264.535034,7332.975838,-8.335111
1220.703125,118861865.974548,-17575081.953857,7333.852890,-8.411140
1229.745370,118810929.772095,-17779176.052063,7332.610611,-8.510988
1240.079365,118750163.599121,-17904561.729431,7330.079591,-8.574443
1250.000000,118717109.368042,-17903606.940430,7328.075923,-8.576345
1260.080645,118618328.524414,-18193608.097717,7324.776759,-8.720293
1269.531250,118611106.144714,-18315634.548645,7325.473974,-8.778399
1279.633621,118563054.080322,-18454422.653992,7323.873466,-8.847398
1289.799528,118509369.940491,-18527098.657837,7321.319603,-8.885645
1302.083333,118510554.245178,-18637918.569031,7322.438835,-8.937851
1310.022866,118448287.742249,-18774565.428162,7319.985515,-9.006966
1319.679054,118443875.795532,-18853800.590759,7320.478249,-9.044683
1329.787234,118365544.321594,-19046217.062866,7317.613236,-9.141385
1339.934593,118295084.042908,-19174312.493835,7314.614104,-9.207204
1349.954044,118222486.826477,-19372319.623596,7312.184726,-9.306243
1360.212054,118151879.891785,-19586947.718445,7310.062904,-9.413036
1370.102612,118099013.843201,-19733159.770142,7308.345061,-9.486198
1379.925272,118060729.031494,-19891121.085388,7307.635889,-9.563781
1389.723558,118040539.652100,-20031482.233582,7307.849202,-9.631624
1399.739583,117965814.171448,-20172392.857971,7304.797295,-9.704121
1410.590278,117899361.987183,-20332697.535034,7302.455822,-9.785160
1420.454545,117894717.680298,-20380390.424133,7302.671782,-9.808046
1429.966518,117782529.067627,-20484256.915100,7297.007892,-9.866258
1440.429688,117817828.267334,-20507697.679565,7299.375812,-9.874425
1450.047348,117729970.680908,-20643874.526917,7295.523717,-9.945960
1459.231322,117749614.670532,-20802283.367249,7298.380595,-10.019100
1470.588235,117657918.038147,-20982110.320801,7294.788097,-10.111646
1479.640152,117587848.327881,-21086304.361328,7291.697567,-10.166744
1489.671610,117570511.294800,-21219826.820618,7292.099111,-10.231243
1500.226449,117471280.175659,-21521357.619263,7289.432841,-10.382065
1510.416667,117418615.181213,-21644195.745667,7287.626419,-10.444603
1519.097222,117369045.000854,-21811594.037659,7286.510859,-10.527930
1529.947917,117252971.233032,-22031103.688721,7282.007673,-10.641763
1539.963942,117224733.696411,-22124506.739319,7281.368956,-10.688358
1550.099206,117147172.241943,-22277207.141418,7278.452457,-10.767369
1557.555380,117125854.281311,-22142045.931458,7275.637222,-10.705457
1570.159314,117058478.823914,-22468165.741394,7275.322302,-10.865512
1579.733456,116943088.762268,-22491096.125122,7268.669820,-10.886812
1589.752907,117025708.717102,-22601201.716492,7274.893395,-10.931290
1600.477431,116930151.503906,-22723538.968933,7270.587545,-10.997784
1610.008446,116819189.400330,-22972657.892822,7266.857905,-11.125661
1619.664634,116814288.400391,-22991806.653442,7266.790007,-11.135159
1632.063356,116705174.485840,-23188813.090088,7262.589366,-11.238388
1640.625000,116714280.945251,-23353443.990845,7265.099405,-11.315264
1650.053879,116583061.495361,-23547588.340088,7259.582805,-11.419377
1660.156250,116544266.535522,-23672205.527527,7258.771985,-11.481929
1670.063406,116459515.394531,-23881392.372192,7256.256720,-11.588863
1679.687500,116410800.088623,-24030839.765808,7255.182566,-11.664151
1690.204327,116363360.899353,-24127576.845154,7253.543319,-11.714454
1699.942130,116294772.766968,-24200207.789978,7250.346014,-11.755475
1708.984375,116208653.610840,-24275165.112061,7246.134022,-11.799362
1719.916045,116218832.029175,-24389665.271057,7248.174319,-11.852437
1729.910714,116178311.266846,-24492765.131470,7247.049321,-11.905146
1740.056818,116130563.558960,-24468966.177917,7243.898018,-11.898659
1749.674479,116063158.408264,-24716433.367188,7243.003270,-12.022291
1760.563380,115968962.838135,-24889263.759521,7239.586330,-12.113428
1770.019531,115854886.361328,-24973617.301575,7233.861793,-12.164874
1779.513889,115857498.013977,-25169514.609070,7236.546576,-12.257155
1790.364583,115776463.999207,-25321970.204895,7233.695838,-12.337500
1799.938725,115722853.717529,-25529935.536560,7233.223209,-12.441268
1810.213415,115638004.662292,-25721951.451233,7230.701679,-12.540800
1819.957386,115553523.095520,-25863432.833801,7227.549538,-12.616503
1829.117063,115513425.811768,-25986535.256409,7226.806644,-12.678876
1839.900362,115436903.249268,-26130089.552734,7224.179277,-12.754807
1850.328947,115406878.745544,-26160204.389954,7222.798031,-12.772239
1860.119048,115318841.543884,-26250347.735291,7218.776772,-12.824259
1870.013298,115315906.466797,-26231585.000732,7218.347985,-12.815711
1879.422170,115184492.599609,-26356842.605286,7212.228402,-12.889070
1890.120968,115162433.458923,-26418290.913879,7211.753591,-12.920505
1900.337838,115099047.723877,-26602048.472961,7210.500131,-13.014249
1909.722222,115027032.084900,-26811027.032532,7209.102251,-13.120892
1920.021186,114929319.363403,-26954419.355713,7205.287380,-13.199440
1923.532197,114938833.447571,-27037937.687805,7207.018353,-13.237843
1953.125000,114702510.782349,-27430149.601318,7198.508185,-13.449620
1983.642578,114474921.422424,-27933333.241028,7192.217232,-13.713327
1989.976415,114464555.862488,-27863952.421326,7190.599787,-13.681740
1999.627976,114446762.878540,-27996014.489380,7191.455644,-13.746187
2010.569853,114374370.609558,-28082790.969055,7188.424799,-13.795565
2020.474138,114280360.412842,-28116359.640137,7183.341571,-13.822350
2029.718137,114183625.346497,-28537939.174805,7183.804128,-14.032895
2039.930556,114164948.859497,-28339628.914490,7179.772401,-13.941386
2050.781250,114123995.032776,-28486583.648071,7179.513360,-14.015668
2059.659091,114029007.391602,-28687577.616272,7176.871610,-14.121906
2070.312500,113922252.586487,-28943723.707825,7174.386542,-14.255692
2080.502717,113834755.825378,-29119917.980957,7171.868235,-14.349471
2090.186404,113746889.004578,-29305392.934937,7169.488586,-14.447746
2099.609375,113718781.820068,-29425537.917297,7169.660792,-14.507918
2109.375000,113594791.073303,-29579171.865845,7164.691569,-14.595681
2120.535714,113474328.893555,-29666435.986450,7158.921796,-14.651765
2130.681818,113474872.570374,-29706123.658142,7159.566999,-14.670453
2139.136905,113445410.765015,-29745554.522522,7158.437414,-14.692735
2148.437500,113390783.422791,-29762796.224182,7155.479305,-14.707658
2160.904255,113364267.066162,-29808529.265808,7154.623213,-14.732571
2170.138889,113318986.649780,-29947520.907837,7154.113227,-14.803912
2180.232558,113257364.052856,-29991815.839966,7151.168495,-14.832555
2189.867424,113186548.810547,-30190960.396912,7150.113302,-14.935582
2201.704545,112922930.372192,-30564931.505249,7140.497320,-15.145834
2210.115132,112886109.393494,-30700961.483093,7140.502404,-15.214857
2219.460227,112854518.467102,-30665456.391602,7138.073224,-15.202133
2232.142857,112742817.405396,-30988456.455811,7136.693848,-15.369231
2240.349265,112677480.900208,-31150725.936829,7135.481378,-15.454406
2250.339674,112650248.839111,-31112635.770508,7133.260032,-15.439964
2259.497549,112502394.778931,-31328089.603333,7128.078068,-15.561170
2269.847973,112478267.916565,-31413210.336487,7128.055203,-15.604578
2278.645833,112390101.920837,-31493512.121460,7124.193243,-15.654187
2289.870690,112333062.348389,-31552948.844360,7121.821101,-15.689850
2300.347222,112293775.609070,-31523784.951050,7119.031206,-15.681275
2308.238636,112258796.935120,-31554502.199036,7117.482811,-15.700452
2319.335938,112197968.010315,-31656084.230042,7115.589724,-15.756607
2331.149194,112094319.657959,-31872923.950623,7113.109681,-15.873051
2343.750000,111976205.069031,-32004539.390503,7108.378943,-15.951230
2350.983796,111908641.802673,-32196985.075317,7107.652740,-16.051411
2360.026042,111841588.468811,-32356110.929016,7106.412706,-16.135793
2368.683511,111736443.383423,-32593130.737366,7104.285549,-16.262260
2380.371094,111594643.515015,-32798196.441162,7099.496439,-16.378796
2391.581633,111516261.311646,-32933517.736816,7097.241452,-16.453663
2399.553571,111498200.508728,-32951724.467041,7096.499100,-16.464789
2410.239362,111380356.321350,-33056151.201660,7091.412335,-16.530649
2420.176630,111315846.947571,-33103801.125305,7088.466188,-16.562242
2429.496951,111316956.201599,-33046420.348511,7087.533549,-16.534947
2441.406250,111269191.236267,-33209724.584595,7087.582983,-16.618902
2450.980392,111154118.654907,-33194981.599182,7080.595404,-16.628180
2459.490741,111216831.128845,-33266409.703552,7085.511347,-16.653103
2470.128676,111049284.712219,-33456507.415771,7079.052703,-16.766799
2480.996622,110948951.549927,-33522491.706238,7074.353041,-16.812340
2490.234375,110759365.673645,-33959123.956543,7071.042936,-17.046185
2500.000000,110797070.285461,-33838577.101807,7071.090591,-16.983717
2511.160714,110610374.273865,-34303322.151245,7068.543453,-17.230610
2520.161290,110480796.548584,-34364676.563110,7062.101104,-17.278638
2530.184659,110494718.580566,-34386059.847961,7063.300237,-17.286700
2539.062500,110367890.515076,-34638059.403564,7060.499589,-17.424552
2549.913194,110345358.238953,-34521204.809875,7057.054537,-17.372644
2559.267241,110200018.765930,-34757720.360596,7052.917539,-17.506091
2569.901316,110187412.722351,-34670378.647461,7050.581828,-17.466654
2580.915179,110161581.323730,-34655886.003845,7048.812357,-17.463642
2590.013587,110063500.077942,-34733307.011658,7044.522610,-17.514919
2604.166667,109982517.710938,-34870338.824890,7042.332306,-17.591918
2620.045732,109847196.806824,-35076512.778137,7038.277188,-17.709895
2629.206731,109664616.541016,-35491699.385986,7035.423681,-17.934110
2639.358108,109611521.162659,-35439823.118469,7031.365671,-17.917693
2650.669643,109449460.909546,-35847805.617676,7029.665473,-18.135625
2659.574468,109380041.367981,-35943600.096008,7027.462085,-18.191683
2669.270833,109288983.325928,-36086303.368958,7024.908304,-18.273328
2679.869186,109199720.510986,-36176302.252686,7021.460484,-18.329834
2690.972222,108958874.098511,-36374225.497192,7011.323330,-18.461330
2699.908088,109170915.985352,-35976645.741638,7015.967823,-18.239876
2709.173387,109043840.421936,-36370453.550415,7016.169892,-18.446135
2720.424107,108969657.448975,-36370142.031311,7011.868734,-18.457695
2734.375000,108894813.261292,-36357707.446228,7007.295208,-18.463634
2743.675595,108814695.515503,-36452895.866638,7004.500319,-18.521383
2748.842593,108801460.993591,-36437601.656067,7003.437859,-18.516240
2759.850543,108700185.893433,-36633790.602722,7001.391738,-18.625231
2770.712209,108549828.827881,-36817443.220459,6996.288114,-18.736230
2779.447115,108377953.709290,-37126004.920593,6992.434855,-18.909992
2790.178571,108382449.241821,-37091652.365234,6992.015238,-18.893008
2799.479167,108191816.640991,-37439801.087402,6987.927788,-19.088752
2810.594512,108131336.592163,-37547063.855835,6986.584173,-19.149393
2821.180556,108036508.826538,-37679280.987244,6983.770104,-19.227517
2828.663793,107955108.647644,-37758204.784119,6980.667931,-19.278281
2840.909091,107888497.401855,-37838243.775635,6978.445570,-19.327165
2850.506757,107913672.919434,-37562020.627502,6974.335136,-19.192281
2859.933036,107901594.964233,-37570052.609680,6973.800099,-19.198076
2868.652344,107889666.412842,-37630106.749756,6974.318805,-19.228482
2880.859375,107740993.718018,-37792216.413086,6969.019976,-19.329866
2890.625000,107589226.942932,-37883279.567993,6962.123461,-19.398266
2900.094697,107449742.010620,-38122510.490051,6958.962434,-19.534950
2906.976744,107406593.448853,-38232349.133118,6958.725795,-19.594225
2929.687500,107211889.084961,-38763858.446594,6958.494790,-19.878705
2952.398256,107014470.654663,-38860842.812195,6949.182428,-19.958388
2959.280303,106841464.021606,-39091742.278564,6944.087718,-20.097433
2968.750000,106762989.629272,-39152519.792480,6940.866084,-20.139778
2981.085526,106636158.714478,-39297772.284241,6936.659227,-20.230549
2990.722656,106645603.767944,-39198465.933289,6935.106709,-20.181913
2999.441964,106566465.864075,-39235068.718933,6931.344701,-20.213023
3011.067708,106509654.291992,-39290198.553772,6929.254603,-20.249041
3018.465909,106554921.810791,-39140964.122742,6928.700875,-20.170462
3030.711207,106408140.044067,-39314877.381226,6923.963631,-20.278481
3038.194444,106314810.078064,-39392745.505981,6920.270304,-20.331740
3048.780488,106166053.350220,-39610788.039978,6916.398003,-20.461259
3059.895833,106106046.827515,-39682790.891174,6914.504834,-20.505989
3069.196429,105975328.871033,-39900736.575562,6911.708460,-20.632450
3079.927885,105830372.753662,-40200142.747375,6909.897176,-20.800119
3092.447917,105701697.623657,-40323291.160889,6905.231198,-20.881567
3098.060345,105612993.080139,-40470893.032288,6903.391402,-20.967448
3110.532407,105490313.860352,-40611047.905701,6899.468553,-21.056039
3125.000000,105431988.257324,-40584303.162842,6895.559747,-21.054008
3138.950893,105272405.781860,-40785421.531555,6890.895631,-21.178361
3150.201613,105256707.886841,-40724860.896118,6888.667501,-21.152571
3159.466912,105252379.500366,-40606083.645813,6885.808296,-21.097102
3167.229730,105177217.924500,-40680437.226074,6883.164178,-21.146094
3180.803571,104978290.178406,-41005245.459229,6879.029518,-21.336589
3190.104167,104992487.290222,-40802385.600586,6875.341885,-21.237846
3200.954861,104811890.310852,-41143659.504150,6872.652620,-21.433004
3208.705357,104753264.006958,-41238315.926453,6871.436075,-21.488752
3220.016892,104565080.525635,-41426919.868103,6864.981365,-21.613272
3230.168269,104433076.419128,-41704076.482910,6863.747106,-21.769337
3238.075658,104342414.025879,-41785604.465820,6860.456695,-21.825074
3255.208333,104173401.932617,-41980274.746948,6855.313524,-21.949322
3272.804054,103846212.421936,-42204375.152466,6841.932685,-22.118081
3281.250000,104185653.357605,-41653582.360168,6848.579634,-21.792248
3289.473684,104000363.488220,-42008368.741211,6846.160480,-21.995673
3300.107759,103985600.289429,-41841808.359741,6841.523438,-21.919554
3309.461806,103907410.642273,-41956618.627502,6839.716900,-21.988939
3320.312500,103795152.076294,-42008233.936157,6834.545161,-22.034937
3331.801471,103735241.134521,-42038947.953735,6831.859489,-22.061017
3339.213710,103601051.490051,-42379811.275696,6832.119293,-22.248525
3348.214286,103492494.553894,-42370803.846558,6825.778712,-22.265312
3359.375000,103378053.372009,-42691338.771118,6826.758594,-22.439489
3367.456897,103196030.555298,-42828259.556030,6819.690066,-22.540018
3380.408654,103010240.834900,-43111604.705017,6815.875807,-22.710841
3389.246324,103031405.396912,-43111617.042664,6817.067782,-22.706655
3399.884259,102865212.174072,-43221682.614441,6810.310723,-22.791739
3404.017857,102790595.981201,-43295866.492615,6807.868556,-22.841721
3417.968750,102781065.571045,-43235556.113098,6805.904259,-22.815061
3431.165541,102812889.841309,-42936463.959473,6800.638884,-22.666938
3441.220238,102695681.099304,-43089666.463928,6797.650428,-22.762909
3450.520833,102696430.649719,-43041927.199524,6796.565757,-22.740108
3459.821429,102335074.144287,-43280769.415833,6781.894672,-22.925729
3472.222222,102250424.255127,-43652152.906738,6786.004445,-23.119004
3479.003906,102229244.629211,-43667621.848999,6785.186370,-23.130623
3491.950758,102188837.753906,-43692153.002869,6783.506881,-23.150436
3499.348958,101950082.980347,-44143281.035095,6781.003672,-23.412779
3515.625000,101888026.364868,-44060812.473389,6775.528407,-23.386444
3530.649038,101672743.653442,-44351591.578125,6770.546419,-23.568444
3540.039062,101524412.577026,-44468276.624939,6765.103185,-23.654393
3551.136364,101604347.624817,-44362813.457031,6766.994204,-23.587893
3561.580882,101447104.654053,-44452398.564453,6760.392211,-23.662914
3569.504310,101419260.051025,-44466588.114258,6759.183305,-23.675421
3580.729167,101359453.984070,-44398732.344604,6754.177459,-23.655678
3591.229839,101358729.538269,-44335195.879272,6752.581888,-23.625686
3601.074219,101282783.173767,-44405773.475891,6750.063722,-23.674957
3610.321970,101101320.246033,-44537129.396851,6743.149539,-23.775141
3619.025735,101001206.750916,-44695959.188171,6741.475201,-23.871482
3627.232143,100942904.767334,-44767899.557251,6740.000168,-23.917859
3639.914773,100740693.027161,-45069676.933411,6736.220570,-24.103643
3651.494565,100522913.696960,-45441103.104187,6733.395795,-24.325932
3662.109375,100446374.831238,-45436886.004395,6729.033020,-24.340321
3669.507576,100066499.884888,-45757597.017273,6716.031111,-24.574011
3680.889423,100413025.802917,-45198819.419373,6721.201038,-24.234608
3689.236111,100124594.137817,-45694061.922241,6717.645031,-24.531352
3700.657895,100200251.673767,-45427928.434631,6715.122704,-24.388900
3710.937500,100098500.214233,-45604339.192688,6713.923790,-24.494477
3720.238095,99957662.108521,-45676550.076477,6707.932683,-24.559180
3728.693182,100046063.077820,-45483672.573669,6707.959832,-24.448563
3743.489583,99907970.055237,-45558469.375000,6702.180591,-24.513915
3750.000000,99863461.538879,-45570359.630981,6700.010141,-24.529202
3761.574074,99726835.762085,-45697325.350220,6695.648951,-24.619159
3771.551724,99429394.353882,-46016183.329468,6687.299360,-24.835555
3780.241935,99292014.772217,-46418431.424805,6690.051270,-25.056551
3791.360294,99259622.681335,-46372994.134399,6687.085899,-25.042198
3797.743056,99134535.799622,-46528558.766235,6684.198187,-25.143643
3808.593750,99019077.429504,-46632881.946533,6680.529851,-25.218762
3821.331522,98863778.617249,-46787178.432556,6675.978682,-25.326551
3831.129808,98889512.549011,-46650370.720947,6673.831524,-25.255981
3838.900862,98777193.015015,-46802314.745300,6671.597609,-25.353138
3847.064394,98923594.305420,-46332679.035156,6667.465215,-25.097644
3906.250000,98185298.518372,-47164937.266663,6648.521318,-25.658831
3967.285156,97561285.634277,-47674528.751709,6627.806703,-26.043787
3969.254032,97590882.467957,-47593845.983398,6627.269695,-25.998676
3981.370192,97432942.787903,-47800017.217224,6624.139320,-26.133063
3991.168478,97326115.810730,-47891784.268188,6620.757168,-26.201435
3999.255952,97372096.070435,-47678149.309204,6617.530744,-26.089404
4009.046053,97280098.955933,-47772732.756470,6615.030832,-26.155703
4021.139706,97313606.801697,-47558901.232117,6611.125509,-26.046356
4028.320312,97223838.729431,-47628156.112427,6608.061749,-26.100147
4040.948276,97124081.455261,-47714801.347290,6604.924505,-26.164584
4050.925926,96784613.368958,-47999759.967590,6594.043131,-26.379620
4062.500000,96593551.748047,-48472601.560547,6596.491593,-26.649211
4069.010417,96490886.683960,-48608553.220398,6594.620608,-26.738070
4083.806818,96453180.460388,-48467935.219788,6588.707094,-26.680416
4092.261905,96271735.077026,-48704281.476196,6585.312801,-26.835835
4101.562500,96219718.552979,-48709883.134155,6582.634352,-26.850966
4108.297414,96132725.717102,-48774975.838074,6579.694167,-26.902718
4123.263889,96058300.242615,-48830664.980347,6577.182999,-26.947031
4131.610577,96088585.916565,-48598939.702148,6572.435275,-26.829811
4140.625000,96052081.103455,-48612154.503845,6570.811239,-26.844857
4150.390625,96059799.593811,-48447766.090088,6566.707089,-26.764886
4161.005435,95917546.979614,-48687074.133362,6565.554127,-26.912824
4172.585227,95833113.581360,-48643430.052185,6559.752941,-26.912450
4175.646552,95265974.495178,-49303815.016846,6547.332676,-27.364114
4185.267857,95519166.998535,-49108032.136658,6555.588974,-27.209271
4199.218750,95432659.696472,-49079119.097168,6550.086233,-27.216660
4206.730769,95274624.961182,-49198986.848633,6544.863375,-27.312242
4218.750000,95066234.382874,-49405885.355408,6539.378264,-27.461692
4231.770833,94972239.071228,-49753157.887695,6544.097277,-27.649534
4242.995690,94937978.848267,-49609863.317444,6538.189733,-27.590142
4250.919118,94742411.797424,-49749315.728760,6531.565383,-27.704817
4261.363636,94740143.261108,-49529711.311279,6525.221896,-27.601176
4267.939815,94882197.033203,-49362059.647034,6528.177902,-27.486325
4278.273810,94604832.935974,-49776888.021423,6524.915278,-27.752183
4296.875000,94500905.733337,-49708415.845520,6517.355506,-27.745635
4310.344828,94423731.641296,-49623565.343323,6510.776020,-27.724595
4317.434211,94502024.173645,-49533603.172485,6512.455544,-27.662271
4330.842391,94294754.685364,-49682869.384338,6505.494956,-27.785073
4340.277778,94065750.094177,-50130139.083984,6505.926712,-28.055167
4350.142045,93851395.578491,-50227278.131348,6497.178918,-28.155576
4356.971154,93861150.559692,-50150012.646912,6495.480106,-28.116419
4371.279762,93554190.840210,-50577030.677795,6491.315707,-28.397268
4377.693966,93533144.499878,-50605827.868652,6491.021931,-28.416310
4394.531250,93317561.656921,-50708499.392334,6482.441540,-28.520373
4412.615741,93471189.046448,-50201563.608276,6475.984614,-28.240216
4420.230263,93391128.452576,-50341004.121765,6475.714053,-28.327017
4432.091346,93218159.524475,-50391271.401184,6467.881105,-28.395320
4438.920455,93179637.314758,-50498764.477234,6468.936407,-28.456346
4448.784722,93173245.499695,-50395968.649780,6465.606022,-28.409108
4464.285714,93046481.646606,-50515477.534973,6462.278699,-28.498634
4480.698529,92836827.030212,-50575991.738281,6452.801599,-28.581672
4492.187500,92463418.933167,-51169768.024658,6450.267004,-28.961239
4500.679348,92311554.591797,-51302944.344788,6446.103132,-29.064352
4507.211538,92289497.030945,-51270753.836731,6443.971955,-29.054897
4523.026316,92267583.321899,-51180910.782898,6440.140957,-29.018027
4531.250000,91979646.187073,-51556154.597290,6435.945532,-29.272235
4534.040179,92022255.024780,-51541248.284790,6437.769643,-29.253853
4557.291667,91917428.457031,-51368425.792175,6427.035451,-29.199679
4582.331731,91654060.386536,-51466330.617737,6415.931433,-29.316299
4589.843750,91817914.539734,-51237345.835938,6417.831403,-29.163781
4603.794643,91669474.714417,-51305305.720276,6411.945955,-29.235603
4609.375000,91491806.405396,-51539438.064575,6409.486960,-29.394428
4616.477273,91587249.394897,-51314735.699890,6407.848216,-29.262011
4629.629630,91038619.875977,-52077545.849060,6401.645970,-29.772073
4638.671875,91152518.161804,-51849996.816956,6400.802839,-29.633254
4650.297619,91003917.056763,-51945332.997070,6395.803150,-29.718742
4657.451923,90878829.564087,-52084640.316040,6393.397253,-29.818843
4670.516304,90704527.086487,-52230495.654968,6388.606863,-29.935562
4687.500000,90480241.443054,-52436551.632996,6383.044141,-30.094721
4701.967593,90416269.506104,-52353804.044067,6377.133775,-30.073049
4710.477941,90517648.190125,-52093506.214661,6374.549756,-29.921594
4720.052083,90400105.781677,-52185995.527527,6371.153052,-29.997781
4728.618421,90469559.638000,-52006778.109924,6369.366086,-29.893492
4743.303571,90295991.514038,-52089499.426270,6362.705090,-29.980456
4755.434783,89688914.645447,-52749976.457764,6350.977766,-30.462547
4760.742188,89868467.926941,-52635185.119446,6356.882962,-30.358033
4774.305556,90023234.899048,-52188646.708130,6351.322751,-30.102795
4785.156250,89599351.811157,-52791196.078064,6347.543085,-30.507140
4794.034091,89618095.553284,-52701122.038574,6345.740121,-30.459126
4801.432292,89566833.330200,-52722585.506897,6343.707685,-30.483651
4807.692308,89328826.879944,-53009185.337158,6340.102063,-30.686491
4817.708333,89202646.713013,-53134274.739746,6337.383862,-30.781391
4831.414474,89378890.778015,-52678134.112732,6332.446411,-30.515149
4840.353261,89170376.565857,-52901011.565369,6328.415461,-30.679768
4843.750000,88781409.833252,-53086952.062805,6313.825493,-30.878276
4882.812500,89004962.474365,-52741226.766174,6314.756869,-30.650402
4921.875000,88388341.239563,-53282424.298096,6299.397569,-31.083408
4929.315476,88157761.200256,-53597068.903992,6297.303945,-31.299172
4940.257353,88315678.007080,-53237028.395569,6294.168698,-31.082650
4947.916667,87964736.974060,-53704267.806702,6290.646843,-31.405844
4957.932692,87846082.027649,-53811667.802368,6287.888332,-31.491217
4971.590909,87989388.812561,-53380931.139160,6281.671993,-31.245048
4980.468750,87745085.825500,-53700530.250183,6279.088812,-31.467816
4991.319444,87646082.970093,-53717358.363220,6274.472088,-31.504622
5000.000000,87826350.486938,-53333688.892212,6271.668853,-31.269681
5010.190217,87789196.284546,-53365713.839966,6270.745728,-31.295703
5022.321429,87642510.343811,-53443240.912720,6265.559141,-31.375210
5037.006579,87309535.015259,-53801103.715637,6259.647206,-31.642769
5045.572917,87431250.637512,-53516527.597595,6256.887609,-31.471661
5060.369318,87126192.478516,-53839242.324219,6251.346233,-31.714743
5078.125000,86858485.984253,-54093836.682983,6245.652968,-31.914818
5095.108696,86651157.802429,-54260633.994812,6240.311969,-32.055591
5099.826389,86576150.399841,-54267450.444763,6236.653160,-32.081154
5108.173077,86338642.650024,-54521770.001526,6232.649162,-32.272849
5115.327381,86309003.369629,-54525971.350220,6231.256564,-32.283725
5126.953125,86278091.438110,-54467494.153748,6227.755426,-32.265233
5139.802632,86351484.124878,-54171255.613403,6221.916163,-32.102409
5149.147727,86410785.651611,-54024535.632324,6220.230562,-32.014811
5161.830357,86275898.906616,-54100623.258362,6215.717095,-32.091344
5170.036765,86273358.288391,-54038219.113647,6213.562976,-32.062347
5180.027174,86020322.160034,-54229925.974792,6206.711781,-32.229576
5208.333333,85878129.408203,-54233130.093872,6199.476114,-32.273883
5237.926136,85287020.404602,-54839360.786011,6188.934412,-32.741891
5249.023438,85012312.511536,-55147937.523071,6185.067676,-32.972661
5258.413462,84913761.297058,-55190928.710205,6181.451725,-33.023411
5273.437500,85111763.231506,-54689685.634521,6174.996069,-32.724272
5284.926471,85005955.880676,-54723994.744995,6170.697157,-32.773048
5289.713542,84902089.496704,-54904446.722351,6171.341599,-32.890894
5301.339286,84984680.268188,-54676638.280090,6168.040874,-32.757001
5316.840278,84796005.901306,-54715202.140442,6159.635062,-32.833375
5326.704545,84740173.738770,-54703133.330933,6156.372326,-32.844811
5338.541667,84458650.882751,-55018285.562073,6152.421139,-33.082111
5349.864130,84238517.205688,-55218075.949707,6147.844072,-33.245692
5371.093750,84000554.909119,-55377714.754578,6141.059576,-33.396019
5394.345238,83678065.929626,-55630967.707336,6133.179737,-33.617801
5399.816176,83682028.690491,-55591740.313965,6132.055947,-33.597919
5408.653846,83518468.970215,-55668391.394409,6126.336540,-33.686032
5415.482955,83446947.462402,-55653084.673218,6122.186091,-33.701416
5425.347222,83616685.887695,-55376311.622620,6121.464084,-33.516059
5440.848214,83578731.906372,-55277470.290955,6116.202644,-33.480921
5448.190789,83587432.618469,-55201369.925964,6114.084658,-33.441868
5468.750000,83401612.510864,-55237617.458008,6105.844941,-33.517846
5487.351190,82921655.448486,-55893671.749634,6103.733477,-33.983099
5504.261364,82769909.258484,-55843676.300781,6094.348148,-34.007981
5514.705882,82839767.683594,-55593114.460266,6089.347875,-33.866249
5519.701087,82458194.838501,-56181465.472290,6090.170541,-34.268895
5533.854167,82538188.032104,-55967163.966614,6086.855601,-34.141260
5550.986842,82212550.632996,-56280929.204407,6081.213026,-34.395710
5558.894231,82425381.745300,-55773481.763428,6074.525078,-34.085418
5566.406250,82043413.305603,-56297959.401855,6073.285185,-34.458821
5580.357143,82147330.278320,-55901574.196716,6064.871716,-34.236448
5593.039773,82041634.418396,-55970177.192078,6061.898079,-34.303475
5598.958333,81751931.028625,-56419008.943604,6062.817507,-34.611528
5615.234375,82061910.312500,-55749240.777527,6055.332185,-34.191467
5629.595588,81440966.201233,-56490962.756653,6049.707727,-34.747868
5642.361111,81488118.039673,-56216375.304810,6042.539790,-34.601729
5653.782895,81416748.937134,-56277554.970398,6041.077151,-34.654345
5664.062500,81467380.998657,-56187414.126099,6040.494180,-34.594745
5673.363095,80921702.806091,-56764930.463745,6033.279872,-35.049913
5681.818182,80848024.774414,-56685061.547485,6026.798871,-35.036524
5696.614583,80933552.661194,-56484577.223022,6024.062310,-34.912718
5709.134615,81048486.794373,-56397174.327698,6026.767707,-34.832956
5719.866071,80895437.052734,-56393602.210876,6018.977426,-34.882046
5729.166667,80978730.012939,-56149597.122314,6014.649904,-34.737960
5737.304688,80835957.929260,-56251629.278992,6011.045707,-34.834075
5750.868056,80695818.660889,-56055629.944397,5997.193469,-34.786936
5761.718750,80360859.375671,-56530447.324524,5997.041394,-35.125793
5770.596591,80402854.674744,-56526920.794556,5999.014275,-35.110025
5859.375000,79186078.189026,-57244763.743774,5963.975176,-35.864770
5952.380952,78688106.196716,-57104878.965576,5934.350734,-35.969892
5962.171053,78436814.598145,-57450813.032104,5934.396105,-36.221870
5967.881944,78336165.482178,-57500308.430969,5931.228244,-36.280482
5981.445312,78258656.719299,-57425495.811951,5924.712524,-36.271955
5989.583333,78248978.453125,-57316253.952820,5920.293699,-36.223310
5998.883929,78330880.049255,-57140667.304688,5918.004893,-36.111000
6009.615385,78450667.142944,-56944620.730103,5916.876170,-35.975658
6022.135417,78234278.537231,-57074905.567566,5910.875837,-36.113250
6036.931818,78093487.198242,-57062871.791077,5903.502265,-36.156647
6045.386905,77735609.098083,-57545401.271851,5903.355240,-36.512542
6064.967105,77737183.035461,-57274959.233643,5893.626135,-36.383003
6076.388889,77261085.455688,-57819178.989563,5890.098510,-36.810833
6089.154412,77140138.194153,-57931509.472412,5888.304428,-36.907289
6103.515625,77061717.880493,-57847322.424744,5881.391425,-36.895262
6119.791667,77161006.903870,-57565099.836426,5875.922481,-36.725447
6138.392857,76787871.591675,-57909700.669556,5870.324157,-37.022925
6152.343750,77038880.447388,-57443395.848206,5865.505983,-36.710827
6159.855769,77071901.167297,-57309453.771240,5862.239926,-36.634993
6167.763158,76881204.012695,-57477290.931519,5859.031962,-36.783306
6184.895833,76823904.055847,-57410915.071411,5853.805065,-36.772044
6204.044118,76162231.215759,-58092403.293396,5846.636860,-37.335517
6214.488636,76213173.396729,-57942013.197449,5843.549385,-37.245463
6225.585938,76074390.226379,-58007074.847778,5839.215314,-37.326789
6250.000000,75672604.029480,-58317021.647522,5831.261622,-37.620720
6270.559211,75810220.401245,-57833683.439880,5819.976403,-37.340188
6277.901786,75784301.195862,-57857427.416931,5819.597999,-37.360979
6293.402778,75630756.805481,-57954443.877441,5815.751473,-37.463380
6310.096154,75703717.890442,-57685644.501526,5809.328419,-37.308219
6318.933824,75660210.464172,-57684788.245361,5807.184724,-37.323689
6347.656250,75340621.337219,-57827245.891968,5796.974476,-37.508933
6373.355263,74298635.033813,-58449899.462463,5770.073795,-38.192857
6380.208333,74967566.396423,-57994867.246155,5785.182754,-37.726629
6392.045455,74388978.915100,-58622979.820740,5780.941684,-38.241359
6401.909722,74872112.059082,-57901023.282471,5777.069740,-37.717052
6417.410714,74419395.729065,-58376280.641296,5773.094279,-38.112575
6433.823529,74106485.894470,-58318379.169617,5755.892701,-38.202237
6445.312500,74387366.647339,-58136418.905457,5762.529339,-38.010034
6460.336538,74398888.525452,-57977822.854858,5757.128160,-37.929815
6469.726562,74290393.821045,-58042472.155762,5754.334743,-38.001339
6476.151316,74016084.308716,-58261554.909363,5749.411643,-38.209081
6510.416667,73320192.191040,-58865480.768738,5739.101387,-38.760555
6548.713235,73270762.597229,-58586088.648560,5726.083903,-38.646392
6556.919643,73018057.615356,-58830392.506470,5723.388842,-38.859417
6569.602273,73204347.649536,-58472787.741699,5718.599779,-38.617639
6578.947368,73220746.199341,-58338949.783936,5714.287780,-38.547375
6591.796875,73239273.789001,-58239378.447510,5711.387653,-38.492620
6610.576923,73083215.637024,-58263203.705200,5704.841658,-38.563596
6618.923611,72812889.386169,-58427595.760193,5698.223615,-38.745913
6640.625000,72346021.877014,-58904641.963074,5694.365824,-39.153879
6663.602941,72220051.285217,-58888136.992676,5687.768757,-39.194914
6673.177083,71942647.544312,-59104033.494995,5683.012356,-39.405764
6681.743421,71847015.944092,-59154439.533386,5680.458437,-39.467117
6696.428571,71805278.740356,-59066314.577881,5675.073390,-39.441541
6713.867188,71664696.991821,-59079070.711182,5668.944496,-39.502714
6727.430556,72049839.630005,-58494078.592957,5664.530217,-39.072771
6747.159091,71915227.911682,-58452090.805237,5656.537005,-39.105073
6760.817308,71822614.370789,-58481882.438477,5653.299474,-39.155511
6770.833333,71265325.381836,-59060333.494690,5649.426888,-39.651027
6778.492647,71153407.634338,-59110234.628479,5646.114704,-39.719060
6835.937500,70740877.696655,-59081486.652832,5625.644605,-39.869191
6893.382353,70239221.060425,-59201684.760376,5606.903104,-40.127314
6901.041667,70281798.206177,-59106860.619202,5605.163457,-40.064954
6911.057692,70349510.745605,-58928998.686768,5601.349819,-39.952753
6924.715909,70233208.382690,-58949751.534851,5596.724132,-40.009362
6944.444444,69727876.043091,-59372201.347351,5589.816380,-40.415069
6958.007812,69575010.331421,-59439647.054504,5585.388751,-40.509276
6975.446429,69819789.477539,-58999059.370789,5579.361821,-40.199636
6998.697917,69567679.509155,-59096691.386536,5571.473321,-40.348587
7008.272059,69565410.501343,-58915999.494507,5564.233653,-40.262956
7031.250000,69520538.154785,-58848386.695862,5559.476664,-40.248742
7052.951389,69312091.934143,-58939830.620667,5553.385915,-40.377508
7061.298077,68845853.271118,-59414515.930786,5550.623483,-40.795656
7080.078125,68691591.670898,-59423652.636841,5543.863528,-40.863599
7102.272727,68537860.155029,-59398791.811829,5535.776567,-40.915262
7114.955357,68583875.052917,-59233219.329346,5531.288415,-40.817097
7123.161765,68292180.179565,-59007713.423828,5508.817390,-40.829790
7161.458333,68450200.798645,-58998885.352600,5515.767338,-40.760049
7202.148438,67641047.406738,-59561609.729980,5501.090355,-41.366888
7211.538462,67899433.041260,-59205808.894653,5498.639638,-41.088443
7226.562500,67362922.382996,-59679820.600159,5493.143267,-41.540391
7238.051471,67666810.027405,-59211599.456116,5488.178676,-41.188646
7254.464286,67113532.793518,-59735085.563049,5484.000964,-41.672237
7279.829545,66893066.973816,-59776316.344482,5475.633115,-41.785526
7291.666667,66985261.712952,-59284949.708679,5459.907385,-41.511488
7324.218750,66663886.835938,-59680450.445679,5461.305808,-41.837541
7352.941176,66583012.787903,-59466511.332947,5448.921909,-41.769858
7361.778846,66169873.687134,-59906543.700317,5448.129629,-42.157194
7378.472222,66220242.351868,-59677112.713989,5441.024292,-42.026143
7393.973214,65969932.815186,-59837497.410217,5436.256579,-42.210593
7421.875000,65651001.873047,-59982101.426758,5427.803022,-42.417665
7446.289062,65908941.521729,-59380800.136292,5414.801703,-42.018577
7457.386364,65948705.557617,-59386454.049744,5416.836049,-42.004104
7467.830882,66021249.700134,-59196384.909729,5412.375667,-41.881472
7486.979167,65836997.974426,-59269598.704529,5406.996504,-41.996288
7512.019231,65400467.943420,-59555010.748230,5398.937559,-42.322886
7533.482143,64839073.947205,-59981329.538147,5391.288113,-42.772556
7552.083333,64823537.903137,-59823606.500671,5384.058441,-42.704203
7568.359375,64891579.165527,-59596923.704285,5377.742530,-42.565860
7595.486111,65019365.700073,-59284696.012695,5370.630995,-42.359827
7617.187500,64750751.799866,-59419818.540771,5364.100017,-42.542922
7634.943182,64273259.013611,-59767844.973938,5357.105874,-42.921086
7649.739583,64072116.571228,-59863925.983643,5352.123771,-43.056565
7662.259615,64298830.090027,-59510652.838013,5347.573496,-42.786523
7672.991071,63698624.571655,-60076869.860474,5344.398404,-43.325243
7682.291667,64129493.792969,-59548270.815186,5341.554736,-42.879907
7690.429688,63597992.601257,-60011070.479370,5337.174538,-43.339120
7812.500000,62721505.766785,-60023539.465088,5298.917674,-43.742117
7934.570312,61830100.048401,-59969477.595398,5257.445343,-44.126113
7942.708333,61682689.339355,-59980544.152161,5251.461321,-44.199752
7952.008929,62080732.957947,-59632406.046936,5254.164037,-43.848912
7962.740385,61538101.007324,-60091253.326965,5249.856627,-44.319775
7975.260417,61473768.292175,-60066455.619324,5245.990024,-44.337910
7990.056818,61545330.162598,-59891412.900024,5241.658263,-44.221008
8007.812500,61807856.533325,-59472256.640991,5235.382633,-43.898035
8029.513889,61631643.930359,-59527356.493896,5229.973524,-44.006286
8056.640625,60899497.393494,-59991348.375305,5217.758646,-44.570909
8072.916667,60391820.224976,-59960864.109314,5194.417848,-44.796159
8091.517857,60620680.853455,-60033324.989563,5207.451193,-44.722400
8112.980769,60433589.684021,-60108559.853149,5202.580719,-44.846831
8138.020833,60492750.775696,-59865885.248657,5194.711876,-44.702907
8167.613636,60344379.717957,-59792997.028442,5185.146549,-44.738356
8203.125000,60433330.256470,-59394052.393616,5171.907202,-44.504392
8231.026786,59857857.039062,-59829223.551819,5165.657444,-44.987620
8246.527778,59656277.403931,-59827216.158813,5156.875820,-45.083300
8263.221154,59343293.588867,-60135689.143433,5156.789263,-45.381324
8300.781250,59497528.091370,-59662606.275330,5142.919395,-45.080704
8333.333333,59486882.359741,-59415371.129456,5131.785330,-44.966867
8345.170455,58776939.115112,-59997975.783691,5126.559383,-45.590339
8370.535714,58866419.379272,-59728924.310913,5118.673632,-45.418026
8398.437500,58561717.760254,-59809565.018127,5109.151736,-45.605324
8413.461538,58524406.759216,-59531101.728943,5095.424396,-45.489908
8463.541667,58606316.996094,-59378719.805847,5092.306734,-45.376426
8510.044643,58152254.304565,-59372734.597473,5072.615595,-45.596332
8522.727273,57732641.400757,-59752969.223999,5071.392213,-45.986539
8544.921875,57767479.119873,-59644384.845825,5068.107083,-45.917187
8563.701923,57671663.984070,-59532850.738159,5059.148281,-45.911124
8593.750000,57604019.976501,-59223318.317932,5042.716030,-45.795454
8626.302083,56975740.713013,-59631872.281982,5034.053891,-46.306245
8649.553571,56740435.008972,-60175502.056824,5048.233066,-46.684280
8680.555556,56731486.402344,-59508431.349182,5018.310231,-46.369890
8700.284091,56797684.239380,-59392526.115906,5015.983853,-46.280722
8713.942308,56885663.661926,-59223204.877380,5012.238220,-46.154703
8789.062500,56251178.800720,-59453924.958557,4995.709158,-46.586931
8864.182692,55533696.667847,-59392629.094238,4962.979973,-46.924507
8877.840909,55724464.482422,-59147378.133179,4960.033662,-46.708153
8897.569444,55128833.626831,-59620606.633301,4956.343132,-47.243045
8928.571429,55441820.420105,-59223161.392334,4951.595310,-46.890158
8951.822917,54895071.807739,-59502636.897705,4941.372759,-47.307835
8984.375000,54389743.801819,-59712809.419434,4929.986825,-47.672409
9014.423077,54162860.591125,-59756636.404114,4922.653955,-47.812540
9033.203125,54550657.549988,-59260111.195923,4916.241087,-47.370927
9055.397727,54098055.505066,-59534380.425781,4909.950007,-47.740425
9068.080357,54389506.289307,-59182358.471252,4906.089348,-47.417907
9114.583333,53454110.514465,-59549548.477234,4884.292954,-48.088971
9164.663462,53668591.918884,-59052099.641541,4870.535441,-47.735760
9179.687500,53406469.119141,-59303568.555176,4871.184025,-47.996456
9207.589286,53621874.487793,-58963002.685486,4864.593397,-47.717534
9232.954545,52839740.493958,-59469174.361938,4855.655360,-48.379594
9277.343750,52408109.482666,-59567863.663818,4842.717365,-48.659952
9314.903846,52324649.655518,-58950882.823181,4811.124901,-48.409251
9331.597222,52508267.798523,-59154099.060303,4827.841312,-48.407494
9375.000000,52397403.503418,-58975460.435791,4815.195233,-48.381582
9410.511364,51791858.156921,-59320072.074707,4806.550926,-48.877503
9440.104167,51897554.619324,-58962768.592651,4794.404127,-48.648007
9465.144231,51750145.663025,-58923479.259766,4786.662184,-48.709887
9486.607143,51104910.877319,-59303972.922668,4778.334446,-49.248493
9521.484375,50939533.343872,-59306843.497009,4771.884035,-49.341681
9548.611111,50857172.603394,-59224216.379883,4764.782790,-49.348024
9570.312500,51070758.952148,-58883447.774780,4757.553863,-49.065712
9588.068182,51207422.240417,-58661023.866394,4752.787632,-48.882506
9602.864583,51195894.192932,-58579771.088806,4748.589523,-48.849549
9615.384615,50971151.748169,-58629809.103149,4741.878294,-48.998642
9765.625000,49928251.921631,-58672208.955872,4702.330303,-49.604698
9928.385417,48910868.672241,-58445885.204529,4651.723506,-50.076951
9943.181818,48203932.786072,-58774138.376709,4639.623908,-50.644414
9960.937500,48580141.975525,-58635620.047729,4647.705935,-50.359429
9982.638889,48369082.140320,-58669440.135864,4641.090250,-50.498159
10009.765625,48788189.382935,-58182790.775635,4634.605023,-50.020533
10044.642857,47971440.809448,-58630729.191772,4623.859981,-50.711595
10091.145833,47752590.953064,-58549962.442871,4611.591386,-50.801259
10120.738636,47749029.910339,-58368320.314819,4602.867392,-50.716128
10156.250000,47277548.957581,-58555333.727783,4593.575546,-51.084117
10199.652778,47593147.083130,-58047240.736633,4581.676981,-50.653041
10253.906250,46845713.082703,-58346922.418945,4567.137183,-51.241146
10298.295455,46964805.938965,-57990362.076294,4554.758497,-50.998439
10323.660714,47098373.145325,-57757620.784485,4548.875520,-50.806022
10351.562500,46374880.706543,-58152654.774475,4539.923794,-51.430277
10416.666667,45782851.141052,-58273376.937927,4523.273851,-51.846353
10475.852273,45875830.368774,-57874992.766113,4507.701252,-51.598679
10498.046875,45936977.867249,-57698121.991699,4501.569827,-51.476092
10546.875000,45467169.098633,-57787587.133545,4488.055238,-51.805923
10579.427083,44923339.306396,-58026824.681519,4479.143652,-52.255140
10602.678571,45414888.022827,-57520472.635071,4473.275166,-51.708914
10633.680556,45387505.844788,-57396207.401001,4466.287805,-51.665445
10653.409091,44826583.535461,-57710332.100769,4460.259027,-52.163213
10742.187500,44105210.166138,-57775376.408325,4436.540575,-52.643759
10830.965909,44232684.166016,-57105631.009583,4408.877337,-52.241016
10850.694444,44060001.054749,-57240280.115784,4408.940678,-52.414711
10881.696429,43880527.512024,-57192591.306030,4399.957646,-52.504633
10937.500000,43783652.970398,-56927597.122070,4383.528775,-52.437258
10986.328125,43655002.748108,-56826560.450439,4373.853852,-52.469546
11008.522727,42993475.865540,-56746432.275330,4345.474203,-52.852464
11067.708333,42900964.188721,-56953233.757202,4352.142146,-53.012073
11132.812500,42164306.941895,-57169364.616516,4335.847904,-53.591572
11160.714286,42677720.638672,-56652624.225281,4329.288104,-53.010011
11186.079545,42275359.249939,-56796885.938110,4321.615882,-53.340330
11230.468750,41935888.202087,-56846692.329163,4311.722219,-53.585330
11284.722222,41785756.995300,-56686432.043701,4298.410912,-53.606221
11328.125000,42030446.779053,-56292906.467957,4288.018821,-53.255139
11363.636364,41273350.505859,-56615210.743103,4276.413826,-53.908971
11393.229167,40858797.615051,-56815018.133423,4271.452236,-54.279616
11439.732143,41179357.369080,-56349556.376648,4259.934419,-53.842849
11474.609375,40797997.559448,-56457243.366638,4251.567690,-54.148392
11501.736111,41067667.280396,-56129253.314331,4245.056159,-53.810054
11523.437500,40357435.213501,-56528549.654602,4239.415119,-54.477421
11541.193182,41012611.343262,-55973114.009399,4235.381475,-53.770613
11718.750000,39553989.271240,-56150948.305786,4192.246707,-54.839891
11914.062500,39093667.316528,-55451260.858521,4141.152421,-54.817415
11935.763889,38572649.137817,-55807656.231812,4140.786525,-55.350518
11962.890625,38854746.217224,-55490171.145264,4134.711997,-55.001546
11997.767857,38714439.478882,-55417283.844299,4126.158088,-55.063526
12044.270833,38805110.244812,-55149331.571045,4115.943633,-54.869981
12109.375000,38069400.938843,-55352454.859375,4100.476540,-55.482861
12152.777778,37958198.493042,-54978870.060425,4077.848924,-55.379879
12207.031250,37619985.877563,-55213750.311829,4077.995360,-55.733014
12276.785714,37396981.032532,-55045154.476379,4061.830506,-55.809954
12304.687500,37454718.349060,-54853963.183899,4054.169225,-55.676073
12369.791667,37386422.867737,-54630823.386047,4040.572965,-55.615982
12451.171875,36782846.114502,-54686639.683167,4022.708314,-56.076435
12500.000000,36074076.971924,-54926072.046265,4010.932152,-56.705760
12555.803571,36698899.782471,-54285008.443970,3999.518555,-55.941338
12586.805556,36084293.127625,-54542453.103149,3991.725563,-56.513772
12695.312500,36109826.897400,-54062901.117859,3968.212250,-56.261807
12803.819444,35413521.299377,-54045580.118774,3943.880528,-56.766738
12834.821429,34987459.077576,-54212994.986755,3938.269622,-57.164687
12890.625000,34563906.203857,-54237537.204773,3925.574440,-57.493593
12939.453125,34685707.271240,-53967151.671204,3915.681398,-57.272069
13020.833333,34206735.216675,-53909634.075073,3896.987516,-57.605759
13113.839286,34332305.371033,-53462306.013367,3878.097059,-57.294014
13183.593750,33478780.195496,-53711973.418335,3863.120068,-58.066343
13237.847222,33692530.043457,-53258070.214050,3846.595658,-57.683123
13281.250000,33655871.050781,-53138328.939636,3839.223475,-57.653029
13346.354167,33717509.208618,-52916878.176331,3829.831664,-57.497275
13392.857143,32794262.243408,-53298216.309692,3819.651340,-58.397838
13427.734375,32833913.001831,-53131189.232788,3812.243948,-58.286561
13454.861111,32911090.612061,-52569157.033813,3785.602400,-57.952952
13671.875000,32200536.059631,-52516839.765381,3760.045333,-58.487311
13888.888889,31366078.462036,-52180991.466064,3716.090288,-58.991595
13916.015625,31106780.879944,-52312008.765625,3714.832557,-59.264364
13950.892857,31005848.758057,-52231446.543945,3707.458403,-59.307358
13997.395833,31207320.653687,-51917839.111816,3697.331658,-58.992063
14062.500000,31380027.443115,-51599479.360291,3686.157113,-58.696014
14105.902778,31272513.041260,-51481476.897095,3676.593873,-58.725071
14160.156250,30550796.707764,-51719305.824463,3666.408819,-59.431240
14229.910714,30334204.395996,-51579430.681458,3652.340985,-59.541689
14322.916667,29725406.214294,-51623904.832336,3635.996954,-60.068133
14404.296875,30014476.090027,-51152931.667847,3620.010447,-59.599067
14453.125000,29969170.997803,-51008797.152161,3611.023808,-59.566266
14508.928571,29348510.832458,-51139304.880310,3598.888597,-60.150543
14648.437500,28660088.782227,-51086634.648865,3575.355039,-60.708950
14787.946429,28634531.342041,-50592270.674805,3548.301009,-60.492518
14843.750000,29037308.014709,-50205338.787537,3540.010973,-59.957928
14892.578125,28450448.449951,-50254335.482849,3524.815842,-60.486315
14973.958333,27831628.042358,-50393745.828064,3513.808006,-61.090661
15066.964286,28084958.713806,-49967273.083252,3498.594479,-60.662882
15136.718750,27461190.209167,-50077233.543640,3485.981357,-61.262468
15234.375000,27845245.825073,-49529295.961487,3468.121523,-60.657204
15299.479167,26972283.319336,-49833458.055237,3458.638650,-61.577416
15345.982143,27616077.951660,-49300350.123901,3449.089707,-60.745992
15380.859375,27129927.073486,-49466956.940796,3443.598462,-61.259441
15625.000000,25947515.728882,-49334370.515686,3402.316270,-62.259616
15869.140625,25829931.257751,-48647050.187622,3361.871597,-62.035046
15904.017857,25927965.789307,-48458500.458679,3354.530190,-61.852590
15950.520833,25255801.425659,-48701776.040955,3348.545874,-62.591463
16015.625000,25243034.755493,-48481356.385803,3336.248348,-62.496973
16113.281250,25722933.055176,-47963432.886292,3321.984366,-61.797030
16183.035714,24877550.209412,-48185497.379883,3309.948487,-62.695126
16276.041667,24330020.475830,-48110815.721863,3290.682529,-63.175778
16406.250000,24461495.178345,-47703218.935181,3272.154591,-62.853783
16462.053571,24444799.430298,-47563476.835083,3264.101213,-62.801383
16601.562500,23850695.511536,-47480236.668152,3243.144753,-63.330167
16741.071429,24026504.688171,-46993066.050659,3221.471865,-62.922210
16796.875000,23862235.431702,-46887343.127014,3211.167501,-63.029086
16927.083333,22998621.077209,-46908489.957336,3188.763963,-63.883773
17020.089286,22753460.289185,-46768164.986694,3174.500801,-64.058227
17089.843750,23341756.934509,-46390048.263062,3169.740131,-63.292017
17187.500000,22755817.358276,-46364648.142761,3152.435179,-63.860031
17252.604167,22530210.024475,-46569860.236877,3157.662882,-64.184483
17299.107143,22054440.593140,-46242642.581299,3127.085797,-64.504091
17578.125000,22459399.286499,-45636824.742188,3104.585668,-63.798549
17857.142857,21485851.095703,-45328677.112122,3061.802535,-64.640895
17903.645833,21752018.422852,-45077719.680176,3054.993418,-64.242504
17968.750000,21193199.893250,-45125712.115906,3042.976456,-64.844910
18066.406250,21055189.281982,-44995942.403259,3032.229061,-64.925362
18136.160714,20938812.654480,-44822597.273254,3019.635935,-64.962353
18229.166667,20614107.407043,-44654633.022583,3001.990023,-65.222259
18359.375000,20715623.241211,-44365823.676758,2988.610401,-64.972752
18554.687500,20154261.885071,-44182763.280273,2964.106737,-65.481515
18750.000000,19797660.215637,-43876354.402405,2938.082591,-65.716338
18880.208333,19981974.183960,-43387746.914124,2915.612520,-65.273766
19042.968750,19214109.429443,-43446767.297729,2899.614057,-66.144787
19140.625000,18909924.917175,-43320231.495972,2885.074499,-66.419974
19205.729167,19305224.157349,-43050953.105286,2879.806661,-65.849174
19531.250000,18952039.101929,-42478716.254211,2839.121122,-65.957726
19856.770833,18182133.842468,-42022565.653320,2794.726412,-66.605012
19921.875000,17981817.679443,-42038874.817627,2790.808989,-66.843512
20019.531250,17630156.181580,-42009779.693787,2780.799959,-67.235754
20182.291667,17993082.337891,-41485968.342163,2760.086021,-66.554867
20312.500000,17539396.021362,-41411547.479675,2745.001532,-67.047436
20507.812500,17632889.900208,-40996832.342834,2723.960550,-66.729248
20703.125000,16901044.309753,-40877680.777527,2699.899994,-67.539144
20833.333333,17005376.792542,-40567531.627136,2684.870940,-67.259192
20996.093750,16362459.305664,-40581284.019226,2670.724050,-68.042611
21093.750000,16387403.657166,-40332770.446533,2657.234805,-67.889852
21158.854167,16460896.370789,-40218892.378113,2652.492449,-67.743562
21484.375000,15828397.942810,-39858671.132751,2617.664087,-68.343343
21875.000000,15017147.941101,-39245867.049255,2564.828128,-69.063048
21972.656250,15483423.074097,-39097286.796570,2566.702247,-68.397315
22135.416667,15280105.853394,-38815761.471863,2546.161988,-68.514582
22265.625000,14643200.387146,-38868364.668823,2535.184974,-69.358734
22460.937500,15196856.591736,-38366722.351013,2518.803232,-68.393760
22656.250000,14462883.441956,-38272934.281433,2497.296267,-69.301066
22786.458333,14147519.668640,-38150574.114990,2483.553188,-69.655575
22949.218750,14059081.839111,-37964187.642944,2471.009912,-69.681212
23046.875000,14291787.820496,-37694577.123352,2460.584115,-69.237967
23437.500000,13841416.615479,-37258609.819092,2426.011373,-69.622234
23828.125000,13184500.866211,-36777991.740112,2384.706050,-70.279881
23925.781250,13028746.225281,-36784340.424255,2381.879968,-70.498303
24088.541667,12749546.118958,-36585796.388000,2364.797694,-70.789485
24218.750000,12991179.584106,-36029304.733093,2337.711090,-70.174156
24414.062500,12561491.103943,-36205318.749817,2339.092878,-70.867794
24609.375000,12531608.268738,-35882622.082153,2319.891571,-70.750897
24739.583333,12333960.786560,-35777911.675903,2309.898829,-70.981139
24902.343750,12377258.246826,-35558553.535400,2298.112461,-70.810050
25000.000000,12546646.030884,-35305065.721497,2286.947218,-70.437980
25390.625000,11643461.719116,-35128098.838745,2258.826219,-71.663964
25878.906250,11566741.008728,-34488236.640686,2220.294840,-71.461571
26041.666667,11017227.468689,-34422183.627563,2206.018400,-72.254245
26367.187500,11165922.649536,-33983431.128418,2183.344096,-71.813166
26692.708333,10946458.497314,-33605151.777222,2157.234409,-71.959750
26855.468750,10705917.177307,-33508816.356262,2147.130541,-72.283683
27343.750000,10139916.880859,-33026265.202942,2108.696157,-72.934312
27832.031250,10239531.592834,-32476904.424744,2078.485110,-72.502775
27994.791667,10273652.771179,-32251538.723389,2066.001383,-72.332976
28320.312500,9924373.286255,-32021355.759888,2046.206693,-72.782378
28645.833333,9749589.593628,-31678289.179871,2023.051255,-72.895416
28808.593750,9345891.171509,-31646422.917053,2014.075284,-73.549129
29296.875000,8768714.047241,-31285425.673218,1983.156718,-74.345011
29785.156250,8954173.561584,-30666299.430969,1949.938502,-73.725034
29947.916667,9035398.609924,-30499846.958252,1941.590444,-73.500558
30273.437500,8667607.823547,-30308904.180542,1924.125682,-74.042945
30598.958333,8706692.975647,-29937023.214905,1902.977112,-73.785969
30761.718750,8473225.981995,-29864282.732727,1894.775220,-74.162254
31250.000000,7759177.754150,-29619707.611206,1868.901212,-75.322868
31738.281250,7820064.937561,-29149231.203125,1842.095913,-74.984695
31901.041667,7832315.142395,-28959392.324280,1831.101987,-74.868148
32226.562500,7441864.561401,-28810576.109924,1816.228928,-75.519111
32552.083333,7600955.135620,-28452335.776917,1797.547908,-75.045107
33203.125000,7346589.983643,-27992164.399780,1766.421929,-75.296508
33854.166667,7194348.614258,-27456408.777222,1732.433435,-75.319219
34179.687500,7118426.174316,-27249034.888000,1719.015174,-75.361698
34505.208333,6876948.631592,-27015620.858093,1701.538900,-75.720649
35156.250000,6618510.867737,-26621045.990295,1674.334297,-76.040468
35807.291667,6526041.759033,-26102061.477112,1642.232539,-75.964909
36132.812500,6408019.181030,-25955458.023926,1631.811330,-76.134090
36458.333333,6428524.588135,-25566493.619690,1609.076972,-75.888188
37109.375000,5807196.611389,-25406299.412842,1590.718377,-77.127182
37760.416667,5751013.044128,-24951386.407043,1562.888400,-77.022915
38085.937500,5580628.101135,-24764457.529785,1549.453028,-77.302904
38411.458333,5606600.569580,-24530207.008057,1535.860508,-77.127948
39062.500000,5954449.581421,-24159271.074341,1518.737731,-76.156709
39713.541667,5278951.974243,-23745822.131104,1484.757827,-77.468643
40039.062500,5273518.297974,-23703261.623047,1482.150014,-77.459365
40364.583333,4681901.949036,-23379217.044617,1455.330406,-78.678112
41015.625000,4887405.654419,-23210978.585754,1447.795337,-78.111557
41666.666667,4965549.457703,-22740040.251953,1420.689702,-77.684448
41992.187500,4991081.115234,-22638105.698181,1414.946477,-77.569046
42317.708333,4865811.105347,-22435935.891724,1401.258068,-77.765727
42968.750000,4490942.931152,-22225672.410767,1384.005599,-78.578882
43945.312500,4517413.872375,-21728385.336426,1354.595261,-78.257608
44921.875000,4200592.665894,-21327802.039795,1326.793902,-78.860310
45898.437500,3988790.233887,-20899123.977966,1298.646070,-79.196862
46875.000000,3549603.123169,-20553048.571472,1273.068183,-80.203786
47851.562500,3751110.233032,-20092854.915100,1247.596737,-79.427596
48828.125000,3267511.549927,-19778486.248291,1223.583149,-80.621540
49804.687500,3382093.291687,-19382886.739197,1200.948684,-80.104548
50781.250000,3689346.751038,-18954019.620056,1178.609093,-78.987596
51757.812500,3197530.412842,-18678904.906433,1156.688854,-80.288401
52734.375000,2928574.403564,-18381903.450928,1136.126555,-80.950196
53710.937500,2842160.686401,-18049135.107239,1115.240302,-81.053623
54687.500000,2915499.476196,-17697964.566162,1094.790584,-80.647695
55664.062500,2865612.047241,-17410718.053040,1076.996142,-80.655922
56640.625000,2680930.882874,-17144134.726318,1059.143974,-81.114687
57617.187500,2639985.808899,-16859660.913086,1041.602927,-81.102945
58593.750000,2166615.778076,-16647654.477173,1024.692527,-82.587331
59570.312500,2428542.491211,-16309949.846741,1006.485975,-81.533319
60546.875000,2563978.315369,-16058624.483093,992.585431,-80.930902
61523.437500,2223942.440125,-15844963.606750,976.609072,-82.012780
62500.000000,2416180.090637,-15580444.427124,962.351101,-81.187312
63476.562500,2308777.529663,-15350372.591553,947.479343,-81.448926
64453.125000,2026660.020447,-15167706.766296,934.019328,-82.391831
66406.250000,2102317.450134,-14682962.439697,905.344070,-81.854143
68359.375000,2225985.695007,-14241221.662476,879.796083,-81.118612
70312.500000,1718824.732544,-13914163.258423,855.734429,-82.960341
72265.625000,1662142.144043,-13530172.838013,832.049634,-82.998919
74218.750000,1672192.514221,-13201683.473450,812.229760,-82.783509
76171.875000,1592927.590027,-12914758.637268,794.251838,-82.971005
78125.000000,1303548.137451,-12555736.795959,770.483914,-84.075214
80078.125000,1419728.292358,-12244814.296692,752.393867,-83.388816
82031.250000,1266135.091919,-12001515.261902,736.601933,-83.980167
83984.375000,1265245.488464,-11719889.713257,719.503647,-83.840849
85937.500000,1094560.819885,-11451735.654541,702.165348,-84.542729
87890.625000,914172.916687,-11208808.369568,686.423892,-85.339883
89843.750000,991173.952759,-10960109.729004,671.702427,-84.835034
91796.875000,1013676.032837,-10732452.550720,657.992304,-84.606937
93750.000000,901263.035645,-10516960.465393,644.276694,-85.104449
95703.125000,960272.563293,-10297713.118408,631.268619,-84.675012
97656.250000,1069811.230530,-10086047.353577,619.075611,-83.947841
99609.375000,922976.943420,-9908987.586853,607.433106,-84.681012
