frecuencia,X,Y,R,T
10,1.0066769123077393,2.195723391196225e-05,1.0066769123077393,0.001249924534931779
110,1.0062410831451416,-0.027584629133343697,1.0066190958023071,-1.5702860355377197
210,1.0055814981460571,-0.04121825844049454,1.0064258575439453,-2.347209930419922
310,1.004319190979004,-0.05431724339723587,1.0057870149612427,-3.0957489013671875
410,1.0029393434524536,-0.06724286824464798,1.0051909685134888,-3.8357009887695312
510,1.0011391639709473,-0.08005781471729279,1.0043349266052246,-4.572026252746582
610,0.9989646673202515,-0.09275849163532257,1.003261923789978,-5.304966926574707
710,0.9965086579322815,-0.10535146296024323,1.0020620822906494,-6.034925937652588
810,0.993752658367157,-0.11783406883478165,1.0007143020629883,-6.76226282119751
910,0.9908218383789062,-0.13021576404571533,0.9993418455123901,-7.487017631530762
1010,0.9874855875968933,-0.1424618512392044,0.9977089762687683,-8.209263801574707
1110,0.9839109778404236,-0.1545746624469757,0.9959790110588074,-8.92832088470459
1210,0.9799530506134033,-0.16653266549110413,0.9940025210380554,-9.644672393798828
1310,0.9757298827171326,-0.17832987010478973,0.9918922781944275,-10.357383728027344
1410,0.9711958169937134,-0.18995875120162964,0.9895987510681152,-11.066915512084961
1510,0.966525137424469,-0.20144028961658478,0.9872937798500061,-11.772884368896484
1610,0.961440920829773,-0.21270519495010376,0.9846888780593872,-12.474939346313477
1710,0.9563047289848328,-0.22383004426956177,0.9821500182151794,-13.173351287841797
1810,0.950762152671814,-0.23471854627132416,0.9793066382408142,-13.867552757263184
1910,0.9449658989906311,-0.2453986555337906,0.9763098955154419,-14.557604789733887
2010,0.9391567707061768,-0.25592297315597534,0.9734023213386536,-15.24315357208252
2110,0.9330310225486755,-0.2662102282047272,0.9702653288841248,-15.924383163452148
2210,0.9266842007637024,-0.27627137303352356,0.9669899344444275,-16.600841522216797
2310,0.9201354384422302,-0.2861050069332123,0.9635897874832153,-17.272449493408203
2410,0.913435161113739,-0.29572004079818726,0.9601115584373474,-17.93910026550293
2510,0.9065558314323425,-0.3051014244556427,0.9565199613571167,-18.600662231445312
2610,0.8996242880821228,-0.31428971886634827,0.952943742275238,-19.257200241088867
2710,0.8924244046211243,-0.3232012689113617,0.9491471648216248,-19.90840721130371
2810,0.8850395083427429,-0.3318549692630768,0.9452103972434998,-20.554065704345703
2910,0.8777374029159546,-0.3403531312942505,0.941415548324585,-21.194395065307617
3010,0.8701266646385193,-0.348539799451828,0.9373368620872498,-21.82916831970215
3110,0.8624508380889893,-0.35649943351745605,0.9332273006439209,-22.458057403564453
3210,0.8546142578125,-0.36419492959976196,0.9289798140525818,-23.081336975097656
3310,0.8468069434165955,-0.37170031666755676,0.9247936010360718,-23.698753356933594
3410,0.8388574123382568,-0.37894073128700256,0.9204769730567932,-24.31032943725586
3510,0.8308148384094238,-0.38593488931655884,0.9160780310630798,-24.916080474853516
3610,0.8226866126060486,-0.39267799258232117,0.9115971326828003,-25.515689849853516
3710,0.8145852088928223,-0.3992292582988739,0.9071565866470337,-26.10953140258789
3810,0.8063284754753113,-0.40549203753471375,0.9025460481643677,-26.697221755981445
3910,0.7981172800064087,-0.4115650951862335,0.89798504114151,-27.278797149658203
4010,0.7898170351982117,-0.4173789918422699,0.893317461013794,-27.854223251342773
4110,0.7814343571662903,-0.42293524742126465,0.8885459303855896,-28.423553466796875
4210,0.7732023596763611,-0.4283604919910431,0.8839313387870789,-28.986812591552734
4310,0.7649548649787903,-0.4335643947124481,0.8792804479598999,-29.543880462646484
4410,0.7565324902534485,-0.4384555518627167,0.8744053244590759,-30.09484100341797
4510,0.7481902241706848,-0.44317594170570374,0.8695938587188721,-30.639554977416992
4610,0.7399526834487915,-0.44774481654167175,0.8648730516433716,-31.178096771240234
4710,0.7316433191299438,-0.4520592987537384,0.8600346446037292,-31.71060562133789
4810,0.7233729958534241,-0.4561861455440521,0.8552042245864868,-32.23706817626953
4910,0.7151044607162476,-0.460097998380661,0.8503320217132568,-32.7572135925293
5010,0.7068382501602173,-0.46379920840263367,0.8454170823097229,-33.27128982543945
5110,0.6986918449401855,-0.4673694670200348,0.8405977487564087,-33.779380798339844
5210,0.690558135509491,-0.4707387089729309,0.8357424736022949,-34.28141403198242
5310,0.6823465824127197,-0.4738452434539795,0.8307383060455322,-34.777462005615234
5410,0.674322247505188,-0.4768727719783783,0.8259044885635376,-35.26750183105469
5510,0.6662998199462891,-0.4796988368034363,0.821015477180481,-35.75178527832031
5610,0.6582226753234863,-0.48227372765541077,0.8159933090209961,-36.229888916015625
5710,0.6502893567085266,-0.4847497045993805,0.8110848069190979,-36.702205657958984
5810,0.6425467133522034,-0.48716896772384644,0.8063497543334961,-37.16883850097656
5910,0.6346896290779114,-0.48930278420448303,0.8014038801193237,-37.62978744506836
6010,0.6269161701202393,-0.4912979304790497,0.7964907884597778,-38.08487319946289
6110,0.6191886067390442,-0.4931301176548004,0.7915629744529724,-38.53428268432617
6210,0.611583948135376,-0.4948647618293762,0.7867185473442078,-38.97814178466797
6310,0.6040818691253662,-0.4964894652366638,0.7819314002990723,-39.41647720336914
6410,0.5965214967727661,-0.49787214398384094,0.7769907116889954,-39.8492431640625
6510,0.5890702605247498,-0.4991537630558014,0.7721127867698669,-40.27655792236328
6610,0.5817663073539734,-0.5003710389137268,0.7673481106758118,-40.69846725463867
6710,0.574476957321167,-0.5014145970344543,0.7625223994255066,-41.115081787109375
6810,0.5673524141311646,-0.5024174451828003,0.7578337788581848,-41.52640914916992
6910,0.5602685809135437,-0.50327467918396,0.7531177401542664,-41.932525634765625
7010,0.5532214641571045,-0.5039845108985901,0.7483677268028259,-42.33350372314453
7110,0.5463041067123413,-0.5046353340148926,0.7437102794647217,-42.72945785522461
7210,0.5394806861877441,-0.5051952004432678,0.7390950918197632,-43.12026596069336
7310,0.5326620936393738,-0.5055832862854004,0.7344000339508057,-43.505985260009766
7410,0.5259663462638855,-0.5059179067611694,0.7297900319099426,-43.88693618774414
7510,0.519393265247345,-0.5061982274055481,0.7252627015113831,-44.262882232666016
7610,0.5128121376037598,-0.5063075423240662,0.7206410765647888,-44.634307861328125
7710,0.5064024925231934,-0.5064188241958618,0.7161728739738464,-45.00091552734375
7810,0.5000620484352112,-0.50643390417099,0.7117143273353577,-45.36271667480469
7910,0.4937712252140045,-0.5063360333442688,0.7072383761405945,-45.719791412353516
8010,0.4875868558883667,-0.5061896443367004,0.7028291821479797,-46.07240676879883
8110,0.48151224851608276,-0.506001353263855,0.6984922289848328,-46.42056655883789
8210,0.47541266679763794,-0.5056309103965759,0.6940315365791321,-46.7642707824707
8310,0.4694375991821289,-0.5052425265312195,0.6896677613258362,-47.10381317138672
8410,0.4635392129421234,-0.5047855973243713,0.6853299140930176,-47.43907165527344
8510,0.45776429772377014,-0.504313588142395,0.6810875535011292,-47.770042419433594
8610,0.4520460367202759,-0.5037497282028198,0.6768378019332886,-48.09638595581055
8710,0.4464248716831207,-0.5031525492668152,0.6726497411727905,-48.41878128051758
8810,0.44088420271873474,-0.5025039315223694,0.668497622013092,-48.73710632324219
8910,0.4353741705417633,-0.501751720905304,0.6643082499504089,-49.05154800415039
9010,0.4299934208393097,-0.5010115504264832,0.660232424736023,-49.36213684082031
9110,0.42461949586868286,-0.5001418590545654,0.656082034111023,-49.66880416870117
9210,0.4193652868270874,-0.4992782175540924,0.6520321369171143,-49.97165298461914
9310,0.4141843616962433,-0.4983688294887543,0.6480125188827515,-50.27070617675781
9410,0.4090840518474579,-0.4974242150783539,0.6440346240997314,-50.56595230102539
9510,0.4040655493736267,-0.4964505136013031,0.6401032209396362,-50.8575439453125
9610,0.3991473615169525,-0.49547407031059265,0.636249303817749,-51.14553451538086
9710,0.3942723572254181,-0.4944259822368622,0.6323826313018799,-51.429931640625
9810,0.3894541263580322,-0.4933262765407562,0.6285262703895569,-51.71083450317383
9910,0.38466939330101013,-0.49214670062065125,0.6246430277824402,-51.988277435302734
10010,0.38003453612327576,-0.49103936553001404,0.6209233999252319,-52.26231002807617
10110,0.37542614340782166,-0.48984748125076294,0.6171671748161316,-52.53292465209961
10210,0.37089604139328003,-0.4886455833911896,0.6134642362594604,-52.800453186035156
10310,0.3664240837097168,-0.48740169405937195,0.6097761988639832,-53.064491271972656
10410,0.3620227575302124,-0.48613905906677246,0.6061283946037292,-53.3253173828125
10510,0.35764575004577637,-0.4848009943962097,0.6024471521377563,-53.58318328857422
10610,0.35340747237205505,-0.4835361838340759,0.5989190936088562,-53.83763122558594
10710,0.34915709495544434,-0.48214632272720337,0.5952946543693542,-54.0889778137207
10810,0.34503838419914246,-0.4808344841003418,0.5918220281600952,-54.337440490722656
10910,0.3409426212310791,-0.47944989800453186,0.5883145928382874,-54.58290481567383
11010,0.33691057562828064,-0.47805342078208923,0.5848451256752014,-54.825538635253906
11110,0.33296626806259155,-0.4766783118247986,0.5814539790153503,-55.06517791748047
11210,0.3290283679962158,-0.47521498799324036,0.5780043005943298,-55.3021240234375
11310,0.32516202330589294,-0.47375380992889404,0.5746068358421326,-55.53615188598633
11410,0.3213915228843689,-0.47233402729034424,0.5713072419166565,-55.7673454284668
11510,0.3176434338092804,-0.4708557724952698,0.5679810643196106,-55.99604797363281
11610,0.313995897769928,-0.46942827105522156,0.5647621750831604,-56.221824645996094
11710,0.31033024191856384,-0.4678831398487091,0.561444103717804,-56.445098876953125
11810,0.3067401051521301,-0.46635866165161133,0.5581934452056885,-56.665706634521484
11910,0.30322760343551636,-0.46486273407936096,0.5550174713134766,-56.8837890625
12010,0.29974886775016785,-0.46333250403404236,0.5518390536308289,-57.09950256347656
12110,0.2963651120662689,-0.46185845136642456,0.5487672686576843,-57.31254196166992
12210,0.29300323128700256,-0.46033361554145813,0.5456719994544983,-57.52315902709961
12310,0.2896747887134552,-0.45877814292907715,0.5425761342048645,-57.73147964477539
12410,0.28637540340423584,-0.4571835696697235,0.539469838142395,-57.93736267089844
12510,0.2831529378890991,-0.4556283950805664,0.5364446043968201,-58.140872955322266
12610,0.27999693155288696,-0.4541003406047821,0.5334842205047607,-58.342132568359375
12710,0.2768787145614624,-0.45255404710769653,0.5305346250534058,-58.541133880615234
12810,0.2737868130207062,-0.45097094774246216,0.5275737047195435,-58.73783493041992
12910,0.2707582116127014,-0.44941478967666626,0.5246748328208923,-58.93235778808594
13010,0.26776784658432007,-0.44784653186798096,0.5217912793159485,-59.124755859375
13110,0.2648322284221649,-0.44629326462745667,0.5189545154571533,-59.31493377685547
13210,0.26188722252845764,-0.44465136528015137,0.5160424113273621,-59.50309753417969
13310,0.2590351998806,-0.4430897831916809,0.5132521390914917,-59.688968658447266
13410,0.25618651509284973,-0.44146427512168884,0.5104137659072876,-59.8729362487793
13510,0.2534230053424835,-0.43991604447364807,0.5076902508735657,-60.054988861083984
13610,0.2507009506225586,-0.43836501240730286,0.5049899816513062,-60.23476028442383
13710,0.24797384440898895,-0.4367426931858063,0.5022302269935608,-60.41293716430664
13810,0.24533711373806,-0.4352059066295624,0.4995943009853363,-60.58888626098633
13910,0.24271607398986816,-0.4336324632167816,0.4969388544559479,-60.76304626464844
14010,0.240120992064476,-0.43203994631767273,0.4942839443683624,-60.93537902832031
14110,0.23755724728107452,-0.43043896555900574,0.4916412830352783,-61.105899810791016
14210,0.2350466102361679,-0.4288695752620697,0.489056259393692,-61.27457046508789
14310,0.23256655037403107,-0.4272916615009308,0.4864826500415802,-61.44139862060547
14410,0.2301490157842636,-0.4257669150829315,0.4839896857738495,-61.60647964477539
14510,0.22775758802890778,-0.42422884702682495,0.4815014600753784,-61.76978302001953
14610,0.22537139058113098,-0.4226391315460205,0.47897398471832275,-61.93132781982422
14710,0.22304667532444,-0.42110344767570496,0.4765269458293915,-62.09108352661133
14810,0.22073660790920258,-0.4195399880409241,0.4740658700466156,-62.24935531616211
14910,0.21849356591701508,-0.4180488884449005,0.4717036187648773,-62.40614700317383
15010,0.21621829271316528,-0.41643840074539185,0.46922412514686584,-62.561279296875
15110,0.21402601897716522,-0.41492971777915955,0.4668766260147095,-62.71474075317383
15210,0.21185322105884552,-0.4134027361869812,0.46452513337135315,-62.866580963134766
15310,0.2096959799528122,-0.41185423731803894,0.46216484904289246,-63.017032623291016
15410,0.207576185464859,-0.4103222191333771,0.4598392844200134,-63.16579055786133
15510,0.2054928094148636,-0.40881073474884033,0.45755165815353394,-63.313148498535156
15610,0.20343369245529175,-0.4072932302951813,0.45527252554893494,-63.45890808105469
15710,0.20138931274414062,-0.40575745701789856,0.4529865086078644,-63.60344314575195
15810,0.199380025267601,-0.40423691272735596,0.45073261857032776,-63.74629592895508
15910,0.1974145770072937,-0.40275517106056213,0.44853565096855164,-63.887733459472656
16010,0.19545859098434448,-0.40124353766441345,0.44631874561309814,-64.02779388427734
16110,0.19355708360671997,-0.3997940421104431,0.44418421387672424,-64.16641998291016
16210,0.19165784120559692,-0.39830100536346436,0.44201406836509705,-64.30367279052734
16310,0.18977847695350647,-0.3968012034893036,0.439848929643631,-64.43955993652344
16410,0.18792499601840973,-0.3953073024749756,0.4377027451992035,-64.57406616210938
16510,0.18610171973705292,-0.3938336670398712,0.4355901777744293,-64.70744323730469
16610,0.18430325388908386,-0.3923666179180145,0.43349653482437134,-64.83951568603516
16710,0.18254272639751434,-0.3909345269203186,0.4314529299736023,-64.97027587890625
16810,0.18076705932617188,-0.38942646980285645,0.4293363392353058,-65.09983825683594
16910,0.1790684163570404,-0.38804104924201965,0.42736560106277466,-65.22819519042969
17010,0.17737844586372375,-0.3866311013698578,0.42537835240364075,-65.35530853271484
17110,0.17568069696426392,-0.3851587474346161,0.42333316802978516,-65.48106384277344
17210,0.17400813102722168,-0.383703351020813,0.4213159382343292,-65.60587310791016
17310,0.17239096760749817,-0.38232478499412537,0.4193934500217438,-65.72929382324219
17410,0.1707850694656372,-0.3809303939342499,0.41746318340301514,-65.85155487060547
17510,0.1691695898771286,-0.3794763684272766,0.4154764413833618,-65.97280883789062
17610,0.16759593784809113,-0.37807372212409973,0.41355547308921814,-66.09280395507812
17710,0.16604329645633698,-0.37668025493621826,0.4116532504558563,-66.21177673339844
17810,0.16451396048069,-0.37530019879341125,0.40977442264556885,-66.3296127319336
17910,0.16300253570079803,-0.37392309308052063,0.4079072177410126,-66.4463882446289
18010,0.16150356829166412,-0.3725319504737854,0.40603381395339966,-66.56184387207031
18110,0.16002845764160156,-0.37116122245788574,0.4041902720928192,-66.67640686035156
18210,0.15855740010738373,-0.36976444721221924,0.40232595801353455,-66.79002380371094
18310,0.15713940560817719,-0.36845457553863525,0.400564044713974,-66.90260314941406
18410,0.1557275950908661,-0.36712124943733215,0.3987845182418823,-67.01403045654297
18510,0.1543348729610443,-0.3658004403114319,0.397025465965271,-67.12462615966797
18610,0.15293043851852417,-0.3644144535064697,0.39520323276519775,-67.23411560058594
18710,0.1515660434961319,-0.363089382648468,0.3934541642665863,-67.34265899658203
18810,0.1502392292022705,-0.36182066798210144,0.39177289605140686,-67.45024871826172
18910,0.14889304339885712,-0.3604688346385956,0.3900088667869568,-67.55673217773438
19010,0.14756661653518677,-0.3591325283050537,0.38826805353164673,-67.66236114501953
19110,0.146268829703331,-0.35783126950263977,0.38657185435295105,-67.76697540283203
19210,0.14499013125896454,-0.3565481901168823,0.3849009871482849,-67.87090301513672
19310,0.14372536540031433,-0.3552623987197876,0.38323408365249634,-67.97364807128906
19410,0.14246276021003723,-0.3539528548717499,0.3815471827983856,-68.07566833496094
19510,0.141231968998909,-0.352692574262619,0.3799190819263458,-68.17688751220703
19610,0.14003433287143707,-0.35148265957832336,0.37835124135017395,-68.27714538574219
19710,0.13882380723953247,-0.3502075672149658,0.37671923637390137,-68.37640380859375
19810,0.13763080537319183,-0.3489506244659424,0.3751116693019867,-68.47505187988281
19910,0.13645701110363007,-0.3477097451686859,0.3735272288322449,-68.57270812988281
20010,0.13527336716651917,-0.34641462564468384,0.37188977003097534,-68.66957092285156
20110,0.1341288685798645,-0.3451908826828003,0.37033402919769287,-68.76564025878906
20210,0.13299977779388428,-0.34397611021995544,0.3687933087348938,-68.86079406738281
20310,0.1318788081407547,-0.34275442361831665,0.36725008487701416,-68.95516967773438
20410,0.1307581514120102,-0.3415047228336334,0.36568179726600647,-69.04873657226562
20510,0.12968483567237854,-0.3403538167476654,0.3642236590385437,-69.14168548583984
20610,0.12860016524791718,-0.3391426205635071,0.36270612478256226,-69.23367309570312
20710,0.12752598524093628,-0.3379347026348114,0.36119624972343445,-69.32505798339844
20810,0.1264701634645462,-0.3367449939250946,0.35971084237098694,-69.41549682617188
20910,0.1254357099533081,-0.3355872333049774,0.3582637310028076,-69.5052719116211
21010,0.12440624833106995,-0.33441758155822754,0.3568081259727478,-69.5943603515625
21110,0.12338180094957352,-0.3332338035106659,0.3553418517112732,-69.68262481689453
21210,0.12238480895757675,-0.3321003317832947,0.3539331555366516,-69.770263671875
21310,0.12138812243938446,-0.33094334602355957,0.35250324010849,-69.85724639892578
21410,0.1203981563448906,-0.329776793718338,0.35106754302978516,-69.94336700439453
21510,0.11942733824253082,-0.32863926887512207,0.3496665060520172,-70.02886962890625
21610,0.11847280710935593,-0.327523797750473,0.3482924699783325,-70.11378479003906
21710,0.11752109229564667,-0.3263881504535675,0.34690117835998535,-70.19779968261719
21810,0.1165786013007164,-0.32525569200515747,0.34551677107810974,-70.2812271118164
21910,0.11566176265478134,-0.3241754472255707,0.3441908657550812,-70.36422729492188
22010,0.11474203318357468,-0.32305973768234253,0.3428313434123993,-70.44634246826172
22110,0.11383021622896194,-0.32194194197654724,0.34147319197654724,-70.5277328491211
22210,0.11292751878499985,-0.32083117961883545,0.3401253819465637,-70.60872650146484
22310,0.11204742640256882,-0.31975695490837097,0.3388201892375946,-70.68880462646484
22410,0.11117426306009293,-0.318683922290802,0.337519109249115,-70.76844787597656
22510,0.11030672490596771,-0.3176047205924988,0.33621469140052795,-70.84745788574219
22610,0.10944665968418121,-0.3165239989757538,0.33491194248199463,-70.92578887939453
22710,0.10859646648168564,-0.3154521882534027,0.33362144231796265,-71.0036392211914
22810,0.10775642842054367,-0.3143870234489441,0.33234116435050964,-71.08079528808594
22910,0.10692564398050308,-0.31332361698150635,0.3310661017894745,-71.15713500976562
23010,0.10609865933656693,-0.31225791573524475,0.32979074120521545,-71.23332214355469
23110,0.10528228431940079,-0.3111986219882965,0.3285254240036011,-71.30868530273438
23210,0.1044868752360344,-0.3101802170276642,0.3273060917854309,-71.38345336914062
23310,0.10369463264942169,-0.3091520667076111,0.3260791003704071,-71.45770263671875
23410,0.10291539877653122,-0.3081415593624115,0.32487350702285767,-71.53132629394531
23510,0.10214125365018845,-0.3071267902851105,0.3236660361289978,-71.60440063476562
23610,0.10136783868074417,-0.3060954213142395,0.32244354486465454,-71.67697143554688
23710,0.10061661154031754,-0.30511146783828735,0.3212735652923584,-71.74899291992188
23810,0.09985876828432083,-0.3040922284126282,0.3200685381889343,-71.82068634033203
23910,0.09911108016967773,-0.3030816912651062,0.31887540221214294,-71.89167022705078
24010,0.0983690619468689,-0.3020665645599365,0.3176801800727844,-71.96196746826172
24110,0.0976458266377449,-0.3010925352573395,0.3165302872657776,-72.03185272216797
24210,0.0969189926981926,-0.3000921308994293,0.31535470485687256,-72.10140228271484
24310,0.09621680527925491,-0.2991461455821991,0.31423890590667725,-72.17021942138672
24410,0.0955081358551979,-0.2981622815132141,0.31308555603027344,-72.2385482788086
24510,0.09481039643287659,-0.2971988618373871,0.31195539236068726,-72.3066177368164
24610,0.09412135928869247,-0.2962415814399719,0.31083419919013977,-72.37399291992188
24710,0.09343364834785461,-0.2952713370323181,0.30970150232315063,-72.4408950805664
24810,0.09276220947504044,-0.2943359315395355,0.308607280254364,-72.50735473632812
24910,0.09208983927965164,-0.29337912797927856,0.30749285221099854,-72.57325744628906
25010,0.09142966568470001,-0.2924462556838989,0.30640530586242676,-72.6387939453125
25110,0.09077871590852737,-0.2915251553058624,0.30533209443092346,-72.70380401611328
25210,0.09013165533542633,-0.29059746861457825,0.3042541742324829,-72.76820373535156
25310,0.08949591219425201,-0.289692759513855,0.30320191383361816,-72.8322982788086
25410,0.08885856717824936,-0.2887679934501648,0.30213043093681335,-72.8960189819336
25510,0.08822356164455414,-0.2878316640853882,0.3010489344596863,-72.95911407470703
25610,0.0876058042049408,-0.286939412355423,0.30001500248908997,-73.02198028564453
25710,0.08699654787778854,-0.286055326461792,0.29899173974990845,-73.08416748046875
25810,0.08638652414083481,-0.2851577401161194,0.2979556620121002,-73.14617919921875
25910,0.08578839153051376,-0.28428274393081665,0.2969449758529663,-73.20768737792969
26010,0.08519261330366135,-0.2834002673625946,0.2959281802177429,-73.26875305175781
26110,0.08459650725126266,-0.28250229358673096,0.29489678144454956,-73.3294448852539
26210,0.08401016145944595,-0.28162193298339844,0.29388538002967834,-73.38971710205078
26310,0.08342818915843964,-0.28073954582214355,0.2928736209869385,-73.44947052001953
26410,0.0828588455915451,-0.2798837125301361,0.2918912172317505,-73.50873565673828
26510,0.08229082822799683,-0.27901512384414673,0.2908972501754761,-73.56745147705078
26610,0.0817396342754364,-0.27819475531578064,0.28995463252067566,-73.62606048583984
26710,0.08117900043725967,-0.2773304879665375,0.2889675199985504,-73.68441009521484
26810,0.08062928169965744,-0.27648162841796875,0.2879985570907593,-73.74192810058594
26910,0.0800795704126358,-0.27562791109085083,0.28702524304389954,-73.79956817626953
27010,0.07953440397977829,-0.2747712731361389,0.2860506474971771,-73.85655212402344
27110,0.0789988785982132,-0.2739366292953491,0.28510016202926636,-73.91329193115234
27210,0.07847032696008682,-0.2731104791164398,0.2841600477695465,-73.96952819824219
27310,0.07794679701328278,-0.2722921371459961,0.2832290828227997,-74.02560424804688
27410,0.07743161916732788,-0.2714855968952179,0.2823120355606079,-74.08106994628906
27510,0.07690972089767456,-0.2706419825553894,0.2813577651977539,-74.13616180419922
27610,0.07640139758586884,-0.2698334753513336,0.2804412245750427,-74.19091033935547
27710,0.07589688152074814,-0.269026517868042,0.279527485370636,-74.24534606933594
27810,0.07540033757686615,-0.2682350277900696,0.2786310315132141,-74.29942321777344
27910,0.07489918172359467,-0.26741495728492737,0.2777060270309448,-74.35317993164062
28010,0.07440849393606186,-0.26662006974220276,0.27680838108062744,-74.40660858154297
28110,0.07392864674329758,-0.2658560872077942,0.27594366669654846,-74.45993041992188
28210,0.0734468400478363,-0.2650671899318695,0.2750546336174011,-74.5125961303711
28310,0.07295998185873032,-0.2642449736595154,0.2741323709487915,-74.56478118896484
28410,0.07249972224235535,-0.26351138949394226,0.2733028829097748,-74.61685180664062
28510,0.07203521579504013,-0.2627485394477844,0.2724442481994629,-74.6684799194336
28610,0.07156320661306381,-0.2619486153125763,0.2715480923652649,-74.71990966796875
28710,0.071100153028965,-0.26116588711738586,0.27067112922668457,-74.77079010009766
28810,0.07065200060606003,-0.2604271173477173,0.26984068751335144,-74.82140350341797
28910,0.07019953429698944,-0.2596645653247833,0.2689863443374634,-74.87188720703125
29010,0.06975168734788895,-0.2589051127433777,0.2681364417076111,-74.92192077636719
29110,0.06931368261575699,-0.2581707239151001,0.26731351017951965,-74.97161865234375
29210,0.06887540221214294,-0.25742608308792114,0.26648077368736267,-75.02111053466797
29310,0.06843733787536621,-0.2566697895526886,0.26563704013824463,-75.07022857666016
29410,0.06800389289855957,-0.255921870470047,0.26480281352996826,-75.11915588378906
29510,0.0675782561302185,-0.25519034266471863,0.26398661732673645,-75.16766357421875
29610,0.06715478003025055,-0.2544567584991455,0.26316913962364197,-75.21590423583984
29710,0.0667380690574646,-0.25373536348342896,0.2623654007911682,-75.2636947631836
29810,0.06632302701473236,-0.25301072001457214,0.2615591287612915,-75.31124877929688
29910,0.06590156257152557,-0.2522556483745575,0.26072192192077637,-75.35875701904297
30010,0.06550195068120956,-0.2515692710876465,0.2599569261074066,-75.4057388305664
30110,0.06509454548358917,-0.2508432865142822,0.25915178656578064,-75.45246124267578
30210,0.06469720602035522,-0.2501480281352997,0.25837910175323486,-75.4990234375
30310,0.06430044025182724,-0.24944397807121277,0.25759825110435486,-75.54524993896484
30410,0.0639086589217186,-0.24874483048915863,0.25682350993156433,-75.59095764160156
30510,0.06351744383573532,-0.24804352223873138,0.25604698061943054,-75.63668823242188
30610,0.06312647461891174,-0.24733296036720276,0.25526171922683716,-75.68213653564453
30710,0.06274683028459549,-0.24665527045726776,0.254511296749115,-75.72721862792969
30810,0.06237618252635002,-0.2460004687309265,0.2537853717803955,-75.7718734741211
30910,0.06199689581990242,-0.24530711770057678,0.25302016735076904,-75.81653594970703
31010,0.061615943908691406,-0.24459534883499146,0.25223681330680847,-75.8608169555664
31110,0.06124906614422798,-0.24392928183078766,0.2515013813972473,-75.90480041503906
31210,0.06088359281420708,-0.24325799942016602,0.25076138973236084,-75.94844055175781
31310,0.06052212789654732,-0.24259881675243378,0.25003424286842346,-75.99211883544922
31410,0.06015521287918091,-0.24190355837345123,0.24927088618278503,-76.03526306152344
31510,0.059806518256664276,-0.24127575755119324,0.24857757985591888,-76.07833099365234
31610,0.05945087969303131,-0.24061022698879242,0.2478460967540741,-76.1211166381836
31710,0.05910003185272217,-0.239951953291893,0.24712294340133667,-76.1634750366211
31810,0.05874603986740112,-0.23927532136440277,0.24638135731220245,-76.20577239990234
31910,0.058403823524713516,-0.23863545060157776,0.24567840993404388,-76.24771118164062
32010,0.0580650269985199,-0.23800042271614075,0.24498112499713898,-76.28936004638672
32110,0.05772433802485466,-0.23735202848911285,0.24427051842212677,-76.3309555053711
32210,0.05738794431090355,-0.23671258985996246,0.2435697615146637,-76.37229919433594
32310,0.057040318846702576,-0.2360188513994217,0.24281370639801025,-76.41344451904297
32410,0.0567137636244297,-0.2354000210762024,0.24213555455207825,-76.45415496826172
32510,0.0563855804502964,-0.2347671240568161,0.2414434552192688,-76.49468994140625
32610,0.05605835095047951,-0.23413069546222687,0.24074825644493103,-76.53504943847656
32710,0.05573705956339836,-0.23351073265075684,0.24007056653499603,-76.57515716552734
32810,0.055419933050870895,-0.23289833962917328,0.23940135538578033,-76.61495971679688
32910,0.05510210618376732,-0.2322767823934555,0.23872315883636475,-76.6546401977539
33010,0.05478828027844429,-0.2316647320985794,0.2380552440881729,-76.69412994384766
33110,0.05447836592793465,-0.23105774819850922,0.23739327490329742,-76.73320007324219
33210,0.05416976660490036,-0.2304503172636032,0.23673129081726074,-76.77215576171875
33310,0.05386122688651085,-0.22984062135219574,0.2360672503709793,-76.81119537353516
33410,0.05355910584330559,-0.2292451560497284,0.23541860282421112,-76.84971618652344
33510,0.053256575018167496,-0.22863908112049103,0.23475965857505798,-76.88796997070312
33610,0.05295993387699127,-0.2280454784631729,0.23411425948143005,-76.92572021484375
33710,0.05265939235687256,-0.22743698954582214,0.233453631401062,-76.96378326416016
33810,0.052362989634275436,-0.22683699429035187,0.23280228674411774,-77.00154113769531
33910,0.05207373946905136,-0.2262604832649231,0.2321755439043045,-77.03909301757812
34010,0.051786091178655624,-0.2256813645362854,0.23154671490192413,-77.0763168334961
34110,0.05149334296584129,-0.22507736086845398,0.23089256882667542,-77.11360931396484
34210,0.05121185630559921,-0.22450552880764008,0.23027242720127106,-77.150146484375
34310,0.05092905834317207,-0.22393015027046204,0.22964860498905182,-77.18700408935547
34410,0.05064759775996208,-0.22334714233875275,0.22901774942874908,-77.22332763671875
34510,0.05036978796124458,-0.22277867794036865,0.22840195894241333,-77.25975036621094
34610,0.05009697377681732,-0.22222095727920532,0.22779785096645355,-77.29574584960938
34710,0.04982887580990791,-0.22167925536632538,0.22721049189567566,-77.33165740966797
34810,0.049555473029613495,-0.22110871970653534,0.22659392654895782,-77.36746215820312
34910,0.049285888671875,-0.22054527699947357,0.22598521411418915,-77.40291595458984
35010,0.049015436321496964,-0.21997292339801788,0.2253677099943161,-77.43827819824219
35110,0.04875338077545166,-0.21943314373493195,0.22478389739990234,-77.47356414794922
35210,0.048487938940525055,-0.218865767121315,0.22417248785495758,-77.50833892822266
35310,0.04822792112827301,-0.21831603348255157,0.22357957065105438,-77.54292297363281
35410,0.04797333478927612,-0.21779097616672516,0.2230120152235031,-77.57769012451172
35510,0.04771560803055763,-0.21724186837673187,0.222420334815979,-77.61209869384766
35610,0.047461118549108505,-0.21669884026050568,0.22183538973331451,-77.64620971679688
35710,0.04720856621861458,-0.21615862846374512,0.22125369310379028,-77.68016815185547
35810,0.04695626348257065,-0.21561886370182037,0.22067256271839142,-77.71426391601562
35910,0.04670783132314682,-0.21508868038654327,0.22010169923305511,-77.74808502197266
36010,0.04646020755171776,-0.21455372869968414,0.21952642500400543,-77.7816162109375
36110,0.04621846228837967,-0.21403637528419495,0.2189696729183197,-77.81478118896484
36210,0.04597541689872742,-0.21351101994514465,0.2184048891067505,-77.8480224609375
36310,0.045730724930763245,-0.21296893060207367,0.21782346069812775,-77.88092041015625
36410,0.04549543932080269,-0.21246673166751862,0.21728309988975525,-77.91378021240234
36510,0.04525751620531082,-0.21194545924663544,0.21672362089157104,-77.9464340209961
36610,0.04502358287572861,-0.21143804490566254,0.21617856621742249,-77.9789810180664
36710,0.0447859950363636,-0.2109067589044571,0.21560947597026825,-78.0113296508789
36810,0.0445585660636425,-0.21041487157344818,0.2150811105966568,-78.04338073730469
36910,0.04432417079806328,-0.20988646149635315,0.21451562643051147,-78.07537841796875
37010,0.04409942030906677,-0.2093963325023651,0.21398968994617462,-78.10714721679688
37110,0.0438680537045002,-0.20887167751789093,0.21342863142490387,-78.13890838623047
37210,0.04364382103085518,-0.20837172865867615,0.2128933072090149,-78.17030334472656
37310,0.04342077299952507,-0.20787413418293,0.21236057579517365,-78.2016830444336
37410,0.0432007722556591,-0.20738588273525238,0.21183770895004272,-78.23292541503906
37510,0.042979560792446136,-0.20688600838184357,0.211303249001503,-78.26400756835938
37610,0.04275849461555481,-0.2063804417848587,0.21076330542564392,-78.29489135742188
37710,0.042543597519397736,-0.20589765906333923,0.2102469950914383,-78.32554626464844
37810,0.04232844337821007,-0.205411896109581,0.20972777903079987,-78.35625457763672
37910,0.042112402617931366,-0.204912930727005,0.20919550955295563,-78.38662719726562
38010,0.04190238565206528,-0.20443657040596008,0.20868664979934692,-78.41678619384766
38110,0.0416908897459507,-0.20394958555698395,0.2081671506166458,-78.44689178466797
38210,0.04148269444704056,-0.20347319543361664,0.20765873789787292,-78.47685241699219
38310,0.04127633199095726,-0.20300215482711792,0.2071560025215149,-78.50675201416016
38410,0.04106862097978592,-0.20251968502998352,0.20664183795452118,-78.53652954101562
38510,0.040863338857889175,-0.20204046368598938,0.20613141357898712,-78.56597137451172
38610,0.04066310077905655,-0.20158077776432037,0.20564119517803192,-78.59526824951172
38710,0.04045908525586128,-0.20110099017620087,0.20513056218624115,-78.6246337890625
38810,0.04026152938604355,-0.20064204931259155,0.2046416848897934,-78.65351104736328
38910,0.04005829617381096,-0.20015284419059753,0.20412208139896393,-78.68242645263672
39010,0.0398581400513649,-0.19967764616012573,0.2036168873310089,-78.71141815185547
39110,0.039663296192884445,-0.19921715557575226,0.2031271904706955,-78.7398910522461
39210,0.03946911543607712,-0.19876208901405334,0.20264297723770142,-78.76860809326172
39310,0.03927651792764664,-0.1983080953359604,0.20216019451618195,-78.79708862304688
39410,0.039085835218429565,-0.1978563815355301,0.20168006420135498,-78.82528686523438
39510,0.03889375180006027,-0.19739632308483124,0.20119152963161469,-78.85356903076172
39610,0.03870508819818497,-0.19694247841835022,0.20070980489253998,-78.88135528564453
39710,0.03851761296391487,-0.196494460105896,0.2002340704202652,-78.9092788696289
39810,0.038330186158418655,-0.1960427314043045,0.1997547596693039,-78.93710327148438
39910,0.03814683482050896,-0.1956036239862442,0.19928863644599915,-78.9646224975586
