Barrido en f -> f_inicial:5000, f_final:500000, step: 10
Parametros -> M:128,	N:128, Modo:0,	Fuente:1
Formato -> f,x,y,r,phi

5000.000000,121546447.911316,-2937710.909973,7420.999430,-1.384579
5010.190217,121537346.090515,-2956968.035156,7420.472540,-1.393756
5022.321429,121555145.708496,-2936865.425720,7421.528916,-1.384081
5029.965753,121523846.397949,-2941080.342102,7419.625277,-1.386424
5040.322581,121535645.491882,-2966405.366577,7420.382804,-1.398222
5049.542683,121543622.118469,-3000845.447815,7420.921115,-1.414356
5060.369318,121540836.183899,-2999459.463806,7420.749034,-1.413735
5069.813830,121520711.440491,-3025290.374451,7419.560125,-1.426141
5078.125000,121541149.817871,-3026776.070618,7420.809494,-1.426601
5089.962121,121530142.579163,-3026113.067871,7420.136845,-1.426418
5099.826389,121520727.705017,-3020828.462708,7419.554345,-1.424038
5108.173077,121525151.451599,-3047050.268311,7419.864219,-1.436342
5118.534483,121528327.247437,-3053209.809265,7420.067432,-1.439207
5129.419192,121540111.419617,-3057887.017517,7420.793650,-1.441271
5139.802632,121525644.465576,-3072362.296997,7419.933187,-1.448263
5149.147727,121524704.639465,-3075414.949707,7419.880553,-1.449713
5159.198113,121527129.600891,-3079735.762817,7420.035195,-1.451720
5170.036765,121528060.543884,-3099260.501648,7420.122285,-1.460908
5180.027174,121506543.291992,-3106726.860718,7418.820997,-1.464685
5181.760204,121510837.565491,-3108853.039551,7419.086339,-1.465635
5208.333333,121513107.474182,-3128410.314941,7419.255469,-1.474824
5235.180412,121500059.474182,-3160760.313293,7418.510409,-1.490227
5240.091463,121514016.178040,-3149925.875854,7419.344830,-1.484951
5249.023438,121516839.696838,-3183212.816711,7419.570038,-1.500601
5261.479592,121512922.585449,-3190664.213745,7419.342955,-1.504161
5271.084337,121512957.061279,-3235931.734314,7419.418098,-1.525491
5278.716216,121520084.175354,-3201125.878723,7419.796714,-1.509002
5289.713542,121525352.396912,-3220582.985779,7420.149526,-1.518104
5301.339286,121506922.614197,-3233069.770081,7419.045256,-1.524218
5308.493590,121512746.267822,-3253599.826477,7419.434023,-1.533819
5319.148936,121520626.167847,-3244527.158691,7419.900016,-1.529444
5330.882353,121492543.664062,-3258028.268616,7418.208599,-1.536160
5340.189873,121499893.296448,-3267626.351135,7418.672764,-1.540591
5349.864130,121501726.623047,-3282237.754578,7418.808654,-1.547453
5359.738372,121493780.900391,-3284908.023926,7418.328251,-1.548812
5371.093750,121500508.048340,-3283345.522217,7418.736130,-1.547990
5379.098361,121492985.587036,-3307194.992615,7418.316617,-1.559326
5391.725352,121485990.016602,-3310289.198608,7417.894928,-1.560874
5399.816176,121508500.610840,-3307308.985046,7419.263447,-1.559180
5408.653846,121491953.746887,-3324216.868652,7418.282004,-1.567361
5420.918367,121489864.127686,-3368606.533630,7418.229110,-1.588307
5430.640244,121504459.916138,-3346833.933960,7419.082941,-1.577857
5440.848214,121489517.963501,-3344628.712036,7418.167569,-1.577012
5450.581395,121504721.359863,-3362054.048340,7419.124530,-1.585025
5460.349462,121497366.474304,-3379893.509155,7418.705980,-1.593528
5468.750000,121504426.260559,-3396429.349060,7419.164856,-1.601227
5480.410448,121481355.924500,-3403355.744141,7417.769088,-1.604795
5489.864865,121482580.832886,-3403767.491821,7417.844528,-1.604973
5501.760563,121482716.284851,-3418411.716309,7417.877880,-1.611873
5508.814103,121489208.850403,-3432106.456909,7418.297568,-1.618240
5519.701087,121509354.976257,-3436812.999939,7419.534853,-1.620190
5530.196629,121504489.172729,-3437551.418091,7419.239252,-1.620602
5539.772727,121471865.514954,-3458423.516785,7417.284945,-1.630875
5550.986842,121489265.552063,-3471323.874451,7418.369009,-1.636721
5558.894231,121480333.353149,-3477632.924255,7417.835046,-1.639814
5567.528736,121483844.395691,-3525338.759583,7418.133154,-1.662248
5580.357143,121477390.571106,-3498699.403320,7417.692408,-1.649782
5593.039773,121457516.498718,-3516503.309326,7416.511227,-1.658444
5598.958333,121467783.384705,-3518213.205811,7417.140645,-1.659110
5608.974359,121483064.887878,-3525575.018616,7418.086013,-1.662370
5619.517544,121468352.723267,-3545422.669373,7417.223650,-1.671926
5629.595588,121475247.553589,-3543136.989624,7417.640242,-1.670754
5642.361111,121484019.098999,-3568745.040710,7418.221135,-1.682701
5649.038462,121454627.701294,-3601322.891235,7416.486614,-1.698463
5661.231884,121470111.839783,-3581461.827087,7417.395479,-1.688887
5670.362903,121475342.158264,-3603602.257080,7417.754532,-1.699248
5681.818182,121466229.153320,-3590743.592712,7417.175313,-1.693315
5690.586420,121456391.769348,-3597461.512878,7416.587259,-1.696619
5701.013514,121455054.936218,-3605524.203552,7416.520285,-1.700438
5709.134615,121461886.365356,-3607972.924133,7416.941508,-1.701496
5719.866071,121465575.803711,-3649979.322144,7417.243168,-1.721242
5729.166667,121458792.009888,-3631025.905273,7416.794633,-1.712405
5739.795918,121458848.097778,-3665612.923767,7416.861439,-1.728706
5750.868056,121457864.372375,-3676178.438843,7416.820904,-1.733699
5761.718750,121472790.080811,-3674669.500549,7417.728723,-1.732775
5770.596591,121455917.802673,-3686274.523132,7416.720815,-1.738486
5779.109589,121459093.754211,-3688549.195862,7416.918789,-1.739512
5790.441176,121442967.917542,-3705919.048157,7415.967232,-1.747931
5800.189394,121459836.560364,-3710415.737854,7417.004740,-1.749808
5809.294872,121435294.170532,-3733180.674866,7415.550011,-1.760892
5821.078431,121451558.175354,-3726806.995728,7416.530306,-1.757652
5830.223881,121457517.274292,-3731563.991272,7416.902771,-1.759808
5836.925287,121458375.895935,-3746304.784607,7416.982838,-1.766743
5859.375000,121451798.930054,-3780528.148376,7416.646288,-1.782969
5882.352941,121447150.106567,-3814647.023010,7416.427762,-1.799118
5889.423077,121432052.665344,-3789551.367920,7415.458777,-1.787512
5899.234694,121443512.480591,-3797365.450317,7416.172801,-1.791027
5909.455128,121427849.743408,-3825436.446594,7415.271014,-1.804490
5918.560606,121435883.618774,-3826290.005188,7415.762775,-1.804773
5929.969880,121446014.399170,-3834955.577271,7416.397496,-1.808707
5941.901408,121432392.715881,-3843605.825745,7415.583168,-1.812987
5952.380952,121418896.920410,-3865884.334839,7414.802986,-1.823691
5958.686441,121438193.900635,-3871972.227905,7415.992052,-1.826271
5967.881944,121444229.121094,-3867480.343079,7416.351505,-1.824063
5979.938272,121408526.294189,-3951091.325195,7414.337656,-1.864018
5989.583333,121438375.553955,-3891051.038269,7416.040336,-1.835261
6000.905797,121456535.227539,-3916341.333130,7417.197768,-1.846905
6009.615385,121432205.018860,-3908413.335266,7415.697914,-1.843538
6019.467213,121434473.089600,-3933661.615662,7415.886013,-1.855405
6030.701754,121437068.465332,-3943345.539673,7416.063504,-1.859929
6041.666667,121414881.963440,-3948040.379761,7414.719327,-1.862482
6048.387097,121426392.106567,-3959001.800049,7415.443273,-1.867473
6058.673469,121437968.679382,-3983570.529175,7416.198512,-1.878874
6064.967105,121426793.845947,-3980786.222107,7415.511229,-1.877735
6076.388889,121421033.381470,-4003910.834961,7415.206201,-1.888724
6089.154412,121438518.800293,-3988318.575989,7416.241578,-1.881104
6100.171233,121433633.619446,-4003064.259827,7415.973161,-1.888129
6109.775641,121424910.001038,-4032657.907043,7415.500723,-1.902214
6119.791667,121417778.934631,-4042522.229919,7415.085715,-1.906976
6129.807692,121415071.134583,-4025535.177673,7414.886100,-1.899011
6138.392857,121409289.346252,-4045637.220825,7414.574152,-1.908577
6150.265957,121427697.374390,-4055568.082336,7415.717309,-1.912969
6159.855769,121420201.111938,-4065495.011902,7415.280266,-1.917766
6167.763158,121405778.737976,-4088716.045044,7414.448031,-1.928941
6180.037313,121424824.567444,-4112364.969910,7415.658592,-1.939785
6189.123377,121428154.445312,-4111771.298401,7415.860495,-1.939452
6200.396825,121417207.907043,-4110799.926086,7415.190727,-1.939169
6209.935897,121415095.908752,-4117009.941895,7415.074726,-1.942130
6221.064815,121397538.435730,-4133249.818848,7414.037349,-1.950067
6230.221519,121409825.956665,-4129533.008545,7414.779193,-1.948118
6250.000000,121418393.047119,-4154584.867859,7415.353934,-1.959788
6269.290123,121409666.942139,-4176932.420593,7414.868404,-1.970463
6270.559211,121401137.305542,-4188592.927307,7414.372596,-1.976099
6280.637255,121412239.823975,-4178780.195618,7415.029231,-1.971293
6290.584416,121406346.213867,-4269227.111206,7414.861674,-2.014023
6300.403226,121398460.092224,-4205203.068542,7414.244312,-1.983972
6310.096154,121383301.718811,-4238269.172424,7413.389798,-1.999810
6318.933824,121399493.848816,-4239735.590576,7414.380639,-2.000234
6330.818966,121414748.371887,-4232320.726624,7415.295382,-1.996488
6340.579710,121396051.273743,-4275693.413147,7414.247572,-2.017242
6347.656250,121399007.413635,-4250408.128235,7414.373731,-2.005273
6359.011628,121411325.414307,-4249139.107239,7415.122415,-2.004472
6370.192308,121398754.146240,-4277093.473145,7414.415453,-2.017857
6380.208333,121416935.119812,-4286243.508789,7415.544160,-2.021868
6392.045455,121392287.372986,-4296379.682312,7414.062529,-2.027056
6401.909722,121391611.067017,-4322618.723022,7414.078096,-2.039437
6410.256410,121393185.090515,-4322130.626709,7414.173048,-2.039180
6421.232877,121387241.775024,-4327394.618530,7413.821956,-2.041762
6428.006329,121405414.193787,-4328389.970276,7414.932606,-2.041925
6440.033784,121370593.240967,-4345388.095581,7412.845639,-2.050525
6448.412698,121400934.470947,-4354438.549744,7414.716172,-2.054279
6460.336538,121391550.809631,-4384230.205688,7414.209198,-2.068481
6469.726562,121387349.064575,-4374761.416931,7413.932065,-2.064089
6478.658537,121387157.191956,-4373550.865784,7413.917700,-2.063522
6490.384615,121378813.630066,-4397789.555847,7413.462186,-2.075091
6493.506494,121372314.921814,-4397888.017517,7413.066002,-2.075248
6510.416667,121377084.431580,-4410467.146606,7413.384768,-2.081097
6528.253425,121374835.636475,-4442913.493103,7413.319780,-2.096432
6529.850746,121365531.023499,-4485385.860352,7412.847525,-2.116617
6540.697674,121368930.000305,-4446284.345032,7412.967088,-2.098123
6548.713235,121371585.038086,-4450810.836731,7413.139155,-2.100211
6562.500000,121370820.125549,-4466419.129028,7413.127472,-2.107583
6569.602273,121354688.023438,-4488711.772766,7412.193653,-2.118374
6578.947368,121389574.977844,-4497860.704834,7414.342250,-2.122078
6591.796875,121362158.126099,-4484338.489441,7412.639433,-2.116182
6600.215517,121363848.734680,-4519803.381592,7412.822797,-2.132873
6610.576923,121384207.014893,-4501394.008423,7414.022819,-2.123838
6620.762712,121365872.340942,-4498190.343811,7412.897249,-2.122648
6628.787879,121372733.703125,-4548181.948425,7413.429394,-2.146095
6640.625000,121378532.847473,-4543133.410095,7413.771576,-2.143613
6648.936170,121356520.734680,-4564839.424988,7412.478644,-2.154235
6659.836066,121364774.369812,-4575407.131836,7413.006337,-2.159071
6669.207317,121362333.755188,-4579777.029602,7412.867528,-2.161174
6680.253623,121371448.822388,-4591220.909241,7413.449860,-2.166407
6696.428571,121365458.150879,-4600392.852783,7413.105653,-2.170838
6712.147887,121345520.236145,-4625998.977051,7411.948950,-2.183268
6718.750000,121364242.083313,-4629453.115967,7413.098880,-2.184559
6730.769231,121346812.495178,-4673200.184753,7412.138079,-2.205499
6740.196078,121348040.343140,-4645676.520630,7412.148509,-2.192500
6747.159091,121354912.701965,-4649391.502930,7412.576348,-2.194127
6760.817308,121354981.760742,-4678691.346008,7412.649242,-2.207940
6770.833333,121338365.404602,-4680238.144470,7411.639420,-2.208971
6780.660377,121364000.811035,-4686488.438843,7413.217678,-2.211451
6787.909836,121353948.209351,-4694002.959961,7412.622267,-2.215177
6799.768519,121361908.539673,-4697201.820374,7413.115328,-2.216540
6810.897436,121354424.513062,-4738672.726685,7412.757201,-2.236227
6820.436508,121355587.823059,-4741348.076172,7412.834526,-2.237467
6835.937500,121332588.407227,-4768895.091919,7411.497625,-2.250880
6849.315068,121334752.872192,-4763800.663513,7411.617430,-2.248437
6859.756098,121348396.135681,-4775142.474915,7412.476721,-2.253532
6869.612069,121357917.710632,-4778836.373718,7413.066308,-2.255097
6879.664179,121337906.080261,-4786999.828430,7411.865430,-2.259317
6893.382353,121337353.375671,-4801546.520691,7411.866775,-2.266186
6901.041667,121330230.639221,-4815860.770752,7411.466965,-2.273068
6911.057692,121335874.142334,-4826205.333984,7411.836224,-2.277840
6919.642857,121344262.438660,-4831327.404358,7412.360247,-2.280097
6930.443548,121325587.412903,-4839467.360046,7411.241068,-2.284286
6944.444444,121341682.246338,-4862526.275940,7412.278890,-2.294854
6960.227273,121322601.231140,-4879532.410095,7411.156817,-2.303233
6971.153846,121330689.528625,-4874865.293335,7411.638663,-2.300879
6981.382979,121348427.922363,-4903991.735718,7412.792062,-2.314274
6990.131579,121328901.166382,-4904867.053040,7411.603337,-2.315059
6998.697917,121328628.418091,-4899615.587585,7411.573762,-2.312588
7011.217949,121317965.578003,-4934916.508423,7411.010726,-2.329436
7019.927536,121307845.823181,-4991608.346008,7410.535015,-2.356363
7031.250000,121318073.730835,-4956704.039673,7411.071491,-2.339707
7042.253521,121310547.384277,-4962495.474915,7410.626928,-2.342583
7050.304878,121319066.622681,-4967259.954102,7411.158374,-2.344665
7061.298077,121314865.354858,-4987922.518311,7410.953859,-2.354489
7068.452381,121321817.950623,-4985568.324158,7411.371965,-2.353244
7080.078125,121319440.984985,-4985903.304688,7411.227844,-2.353448
7089.120370,121319138.149292,-5002515.229980,7411.251080,-2.361286
7102.272727,121320126.886108,-5009799.483459,7411.329709,-2.364701
7112.873134,121307620.919800,-5034045.645203,7410.628245,-2.376377
7118.055556,121308414.452148,-5021683.429810,7410.645392,-2.370533
7127.192982,121304365.439148,-5031013.355408,7410.422040,-2.375011
7139.008621,121303806.941223,-5049100.033813,7410.433809,-2.383551
7150.423729,121319862.919250,-5055645.235535,7411.429593,-2.386321
7161.458333,121310432.646362,-5064896.082764,7410.878029,-2.390868
7172.131148,121281286.164307,-5116317.795288,7409.232187,-2.415693
7179.054054,121301982.989197,-5089914.114929,7410.426598,-2.402831
7192.460317,121302210.262451,-5097176.018066,7410.459053,-2.406251
7199.754902,121312003.331360,-5106066.367920,7411.079066,-2.410249
7211.538462,121300335.344299,-5121823.437439,7410.408028,-2.417910
7220.643939,121295791.347839,-5154261.692871,7410.214717,-2.433296
7229.477612,121278809.747986,-5192067.400146,7409.277485,-2.451465
7240.853659,121298688.965027,-5119928.288086,7410.302749,-2.417049
7246.376812,121302032.526367,-5156537.123413,7410.601214,-2.434244
7264.254386,121288503.346375,-5186142.800781,7409.853155,-2.448476
7267.441860,121287578.375671,-5194209.274780,7409.817799,-2.452298
7279.829545,121307426.703979,-5200334.706055,7411.044176,-2.454785
7291.666667,121294887.250122,-5224876.310974,7410.343822,-2.466610
7300.204918,121286839.287781,-5208837.496643,7409.810984,-2.459211
7308.467742,121302535.713196,-5224008.162720,7410.807949,-2.466046
7316.468254,121294952.740723,-5241523.546753,7410.391614,-2.474458
7331.730769,121295623.006775,-5249224.095215,7410.452793,-2.478075
7339.015152,121286365.751343,-5253705.781738,7409.900119,-2.480378
7352.941176,121277376.266357,-5257832.445801,7409.362848,-2.482507
7359.601449,121281511.839050,-5260980.785828,7409.623359,-2.483907
7370.283019,121270808.070068,-5279832.945190,7409.020608,-2.493017
7378.472222,121296140.083252,-5289125.223633,7410.590022,-2.496878
7390.202703,121276275.040771,-5300177.206116,7409.408093,-2.502498
7401.315789,121282423.807373,-5310401.027893,7409.810309,-2.507192
7408.405172,121272278.610596,-5310472.904419,7409.191861,-2.507435
7421.875000,121254217.989563,-5326520.218201,7408.133471,-2.515377
7431.402439,121268515.143188,-5357634.716492,7409.088865,-2.529753
7440.476190,121264795.569153,-5347723.361572,7408.835377,-2.525157
7449.127907,121264693.142517,-5351707.572083,7408.839849,-2.527038
7457.386364,121275643.380310,-5364261.301819,7409.541389,-2.532729
7467.830882,121246193.099915,-5402920.553528,7407.850258,-2.551577
7480.053191,121276566.289246,-5406707.827393,7409.712602,-2.552725
7486.979167,121259168.541016,-5413237.287048,7408.669512,-2.556170
7500.000000,121258439.950195,-5419056.721741,7408.640935,-2.558929
7512.019231,121267977.748047,-5427419.593079,7409.245318,-2.562672
7517.688679,121254602.890930,-5438869.192627,7408.461055,-2.568354
7528.409091,121252240.367188,-5430779.270630,7408.294888,-2.564588
7538.377193,121257171.030334,-5456037.166138,7408.664678,-2.576395
7552.083333,121271862.645935,-5468323.615479,7409.594247,-2.581877
7560.483871,121259523.318970,-5480620.967468,7408.875709,-2.587938
7568.359375,121261271.007629,-5476092.220886,7408.969798,-2.585765
7579.291045,121231653.031921,-5498938.633667,7407.226902,-2.597172
7589.285714,121257427.484619,-5536698.181763,7408.903251,-2.614426
7601.351351,121258719.267517,-5513435.747314,7408.917387,-2.603429
7612.179487,121258054.926880,-5520309.110779,7408.895947,-2.606685
7621.951220,121257697.941467,-5536754.134644,7408.919897,-2.614447
7630.813953,121259257.430420,-5562928.343811,7409.088027,-2.626755
7638.888889,121222316.641785,-5574154.481445,7406.867085,-2.632850
7649.739583,121261744.817932,-5583597.453491,7409.297613,-2.636447
7659.313725,121236431.134827,-5589135.250671,7407.769735,-2.639609
7670.454545,121233885.635925,-5593618.776367,7407.627138,-2.641778
7680.084746,121235763.062134,-5607629.324219,7407.781072,-2.648345
7690.429688,121226258.624573,-5627017.514099,7407.256346,-2.657697
7694.128788,121240915.903320,-5640833.666809,7408.189165,-2.663891
7812.500000,121221459.918335,-5748891.723083,7407.312424,-2.715281
7934.570312,121207958.318665,-5850781.591553,7406.786495,-2.763638
7940.573770,121199446.550232,-5933802.638000,7406.513633,-2.802988
7949.561404,121212212.335999,-5877508.286560,7407.124675,-2.776146
7959.905660,121204977.614502,-5878193.466125,7406.685634,-2.776634
7968.750000,121217067.806335,-5883678.604309,7407.438940,-2.778945
7978.723404,121193426.285828,-5900036.520935,7406.046112,-2.787201
7990.056818,121184149.870850,-5897655.773682,7405.473512,-2.786291
7998.511905,121200230.314819,-5912849.299011,7406.498985,-2.793088
8007.812500,121211935.411926,-5939872.650879,7407.293129,-2.805562
8018.092105,121182897.078552,-5945562.593018,7405.539851,-2.808917
8029.513889,121206012.792297,-5942810.203125,7406.940841,-2.807084
8042.279412,121198947.781372,-5960606.873169,7406.563410,-2.815641
8049.242424,121169024.701233,-5985658.310974,7404.814485,-2.828153
8060.515873,121198596.986694,-5973074.280090,7406.579443,-2.821529
8068.647541,121186214.781006,-6003741.762756,7405.916971,-2.836281
8081.896552,121182422.728149,-6008679.669556,7405.700719,-2.838699
8091.517857,121193956.600769,-6008525.810608,7406.403384,-2.838357
8101.851852,121147007.260742,-6021159.905640,7403.579492,-2.845416
8107.311321,121168896.179626,-6062227.467285,7405.038710,-2.864274
8118.872549,121180326.348511,-6057750.324951,7405.721854,-2.861893
8131.377551,121192547.600159,-6058046.039307,7406.467773,-2.861744
8138.020833,121181776.669922,-6052856.158325,7405.795358,-2.859550
8152.173913,121171329.054932,-6069304.236694,7405.208616,-2.867554
8159.722222,121179948.508667,-6073165.150330,7405.745855,-2.869172
8167.613636,121169877.126160,-6069695.350708,7405.121300,-2.867773
8175.872093,121165305.346436,-6102368.596191,7404.942646,-2.883293
8190.524194,121168767.353943,-6101196.203430,7405.150091,-2.882658
8203.125000,121156137.207764,-6118037.049194,7404.431929,-2.890902
8209.745763,121162303.899536,-6212448.286255,7405.100692,-2.935287
8216.594828,121175081.723267,-6171852.722961,7405.753135,-2.915832
8231.026786,121149355.087402,-6151349.808777,7404.121325,-2.906779
8238.636364,121176480.429138,-6148627.735840,7405.766424,-2.904845
8246.527778,121153287.263000,-6159067.787231,7404.384928,-2.910325
8258.928571,121172343.338379,-6192132.377441,7405.649277,-2.925463
8272.058824,121161908.748169,-6190849.732178,7405.009215,-2.925109
8281.250000,121158847.451111,-6212490.504944,7404.890129,-2.935390
8290.816327,121164366.338806,-6234529.017761,7405.295546,-2.945651
8300.781250,121163722.842957,-6235734.948792,7405.260104,-2.946236
8311.170213,121165393.980957,-6225426.967590,7405.329660,-2.941333
8322.010870,121160038.515503,-6231574.140625,7405.022472,-2.944363
8333.333333,121148974.810913,-6247439.773254,7404.397876,-2.952115
8342.161017,121146545.514099,-6265919.321533,7404.307971,-2.960891
8351.293103,121145906.238708,-6273299.243896,7404.292285,-2.964387
8360.745614,121157025.924622,-6302852.175659,7405.063582,-2.978054
8370.535714,121154575.538940,-6305457.626221,7404.922484,-2.979343
8380.681818,121153407.510132,-6310859.623779,7404.868432,-2.981920
8391.203704,121146141.171631,-6314319.454895,7404.436505,-2.983730
8398.437500,121148797.208801,-6324665.020508,7404.631297,-2.988545
8413.461538,121155707.616394,-6365928.683228,7405.184240,-3.007836
8425.245098,121142396.860291,-6374448.460388,7404.400218,-3.012184
8429.276316,121134327.784790,-6373673.938904,7403.905902,-3.012019
8437.500000,121125911.428406,-6379440.542480,7403.411406,-3.014948
8450.255102,121130922.292175,-6382262.132080,7403.725891,-3.016155
8463.541667,121132172.240051,-6404663.664673,7403.874146,-3.026691
8474.576271,121155069.517578,-6406162.569580,7405.274609,-3.026827
8482.142857,121130624.302795,-6425575.519348,7403.847301,-3.036593
8491.847826,121124456.797913,-6428279.434143,7403.480128,-3.038023
8501.838235,121131728.990356,-6416194.173279,7403.884323,-3.032141
8510.044643,121129853.043152,-6465793.286743,7403.930733,-3.055583
8522.727273,121143371.257446,-6450684.644165,7404.705579,-3.048117
8535.879630,121137778.766235,-6481193.818726,7404.463969,-3.062647
8539.244186,121128361.429016,-6487439.329041,7403.910361,-3.065831
8549.528302,121120610.351807,-6489036.175110,7403.443150,-3.066780
8556.547619,121125149.175354,-6505527.203064,7403.773705,-3.074444
8568.548387,121138200.809448,-6523798.156128,7404.629079,-3.082730
8578.431373,121092171.642761,-6558390.909302,7401.937551,-3.100220
8593.750000,121114498.061096,-6535783.210388,7403.223810,-3.088986
8609.693878,121094876.242920,-6549356.867920,7402.072591,-3.095889
8620.689655,121110156.850037,-6558255.288269,7403.033261,-3.099697
8626.302083,121100498.733887,-6572568.369629,7402.491915,-3.106696
8643.617021,121112279.931091,-6583287.466919,7403.245429,-3.111450
8649.553571,121112484.749084,-6599295.302185,7403.311009,-3.118996
8661.684783,121095486.987061,-6597202.510925,7402.268103,-3.118446
8664.772727,121104532.210022,-6629573.937805,7402.927118,-3.133483
8680.555556,121091572.446777,-6646208.854797,7402.192850,-3.141666
8696.933962,121108361.038574,-6642603.073669,7403.203980,-3.139530
8700.284091,121105810.397705,-6669731.901306,7403.139402,-3.152393
8713.942308,121092266.115540,-6670284.548767,7402.315805,-3.153005
8720.930233,121109125.954895,-6663218.565186,7403.319617,-3.149234
8731.617647,121103460.050537,-6689894.916626,7403.063940,-3.161965
8742.559524,121096323.981445,-6679470.198975,7402.593968,-3.157233
8750.000000,121089032.958801,-6707602.892090,7402.244396,-3.170694
8759.469697,121113747.216614,-6702290.818237,7403.732649,-3.167543
8769.132653,121094634.381042,-6723234.298462,7402.638595,-3.177921
8771.929825,121089976.928711,-6727259.730225,7402.368381,-3.179942
8789.062500,121077246.473816,-6731581.443115,7401.607186,-3.182315
8806.818182,121064018.302612,-6848277.068115,7401.199879,-3.237719
8809.840426,121085825.765930,-6746016.158813,7402.178991,-3.188899
8820.564516,121080632.975952,-6769079.822876,7401.940974,-3.199916
8831.521739,121088358.094910,-6777707.870789,7402.441169,-3.203782
8840.460526,121083399.235535,-6770944.910767,7402.115910,-3.200723
8854.166667,121064852.673584,-6803998.543457,7401.098582,-3.216807
8864.182692,121060276.866089,-6818263.373474,7400.868638,-3.223658
8868.243243,121076288.726929,-6808750.379761,7401.811784,-3.218745
8877.840909,121086381.233154,-6828544.388428,7402.494756,-3.227814
8890.086207,121083700.589844,-6832930.071228,7402.346474,-3.229954
8897.569444,121073055.930542,-6862924.664917,7401.801172,-3.244387
8908.991228,121077212.749939,-6863900.298889,7402.057856,-3.244736
8928.571429,121064129.973633,-6886777.661682,7401.339775,-3.255879
8948.863636,121068989.759705,-6910559.099426,7401.718501,-3.266967
8961.397059,121054157.647705,-6898711.062134,7400.773483,-3.261776
8969.907407,121052199.001831,-6916087.516479,7400.714548,-3.270027
8976.063830,121060391.831543,-6920100.420044,7401.227774,-3.271699
8991.745283,121046075.761597,-6937916.340759,7400.417534,-3.280491
9001.358696,121056359.020325,-6951286.246338,7401.090903,-3.286521
9014.423077,121046728.127258,-6956453.425964,7400.522117,-3.289219
9027.777778,121048749.703979,-6960616.194214,7400.659887,-3.291128
9037.990196,121043752.887146,-6974751.074097,7400.404980,-3.297933
9046.052632,121069334.871704,-6977323.744629,7401.972876,-3.298451
9062.500000,121035787.930847,-6991673.109863,7399.979121,-3.306134
9068.080357,121060584.199219,-6998600.803406,7401.514485,-3.308726
9079.391892,121041148.767700,-7008345.177979,7400.364538,-3.313853
9090.909091,121053996.030029,-7027293.205872,7401.214321,-3.322441
9114.583333,121033278.386902,-7045632.116333,7400.016869,-3.331661
9139.150943,121006371.921082,-7126304.065247,7398.665203,-3.370468
9151.785714,121027468.328186,-7099595.580139,7399.854993,-3.357281
9159.482759,121015301.126343,-7125047.224060,7399.204763,-3.369627
9171.195652,121047384.476868,-7111615.285339,7401.111521,-3.362400
9179.687500,121025243.688232,-7128486.312927,7399.822918,-3.370973
9191.176471,121024217.191345,-7155513.103882,7399.857552,-3.383753
9201.388889,121016244.738403,-7127540.766113,7399.271205,-3.370777
9207.589286,121016073.490540,-7157698.665955,7399.369227,-3.385011
9218.750000,121027591.171997,-7158371.424072,7400.073430,-3.385007
9232.954545,121019779.761597,-7166087.230347,7399.625300,-3.388866
9251.644737,121030866.904114,-7185244.185242,7400.370046,-3.397593
9259.259259,121027823.403503,-7215802.887085,7400.295381,-3.412095
9265.988372,121019177.945068,-7191138.450989,7399.679172,-3.400702
9277.343750,121026167.052429,-7222805.619507,7400.219912,-3.415445
9290.540541,121009312.456299,-7229690.407959,7399.218035,-3.419168
9300.595238,120999687.703247,-7248393.680908,7398.699791,-3.428264
9308.510638,120998157.103577,-7288352.381470,7398.752779,-3.447161
9324.596774,121009439.541809,-7249756.740845,7399.298924,-3.428632
9331.597222,120988132.152649,-7283928.670898,7398.125762,-3.445359
9341.032609,121017097.821350,-7295946.012451,7399.934651,-3.450206
9344.362745,121011845.483459,-7298167.276733,7399.622806,-3.451403
9375.000000,120994210.392151,-7327096.097046,7398.654888,-3.465554
9403.935185,121005079.475830,-7359631.350830,7399.437384,-3.480593
9410.511364,120988133.921631,-7378634.315857,7398.475502,-3.490045
9420.955882,121008266.761963,-7366962.907898,7399.658748,-3.483960
9428.879310,120967776.561890,-7363349.198303,7397.178511,-3.483418
9440.104167,120962170.877197,-7361623.385437,7396.830589,-3.482765
9447.674419,121006152.533264,-7394592.605591,7399.632613,-3.497055
9457.236842,120978358.484863,-7406717.771484,7397.984496,-3.503578
9469.696970,120982507.039673,-7393122.161499,7398.186576,-3.497043
9474.734043,120979050.077332,-7410649.383667,7398.041298,-3.505413
9486.607143,121013001.288879,-7453434.792542,7400.269787,-3.524614
9501.689189,120989152.250122,-7468467.682861,7398.873342,-3.532399
9510.869565,120998997.204285,-7471231.396667,7399.483501,-3.533417
9521.484375,120983675.327393,-7483051.919861,7398.594582,-3.539440
9531.250000,120974480.671082,-7508347.759155,7398.129922,-3.551643
9548.611111,120968494.251343,-7522857.030334,7397.820146,-3.558664
9566.326531,120962454.863953,-7520042.429810,7397.441569,-3.557514
9570.312500,120959581.447449,-7524634.940491,7397.283921,-3.559765
9581.367925,120953035.774109,-7534294.798950,7396.921796,-3.564515
9588.068182,120956630.658264,-7538442.520386,7397.156536,-3.566367
9598.214286,120964155.406677,-7542277.936218,7397.629500,-3.567955
9615.384615,120951900.327026,-7568264.772705,7396.981823,-3.580579
9629.360465,120952943.872620,-7604485.615295,7397.183787,-3.597639
9640.957447,120950843.956116,-7591974.658569,7397.007990,-3.591798
9650.735294,120957339.183716,-7600638.487732,7397.436806,-3.595693
9662.828947,120950066.171387,-7628228.989685,7397.099566,-3.608928
9672.619048,120953166.693481,-7643869.169373,7397.348586,-3.616215
9680.706522,120946845.097168,-7646893.300110,7396.975147,-3.617831
9687.500000,120957554.701172,-7669558.857910,7397.714942,-3.628205
9698.275862,120944464.246460,-7671740.208435,7396.925969,-3.629626
9712.837838,120959552.199097,-7667999.937744,7397.830599,-3.627410
9717.987805,120943532.055969,-7685229.337524,7396.921352,-3.636019
9725.765306,120947228.020569,-7721042.066467,7397.285427,-3.652805
9765.625000,120947547.369324,-7740506.139893,7397.380662,-3.661979
9803.921569,120915647.782532,-7774208.308044,7395.569284,-3.678847
9811.046512,120924506.977844,-7789989.729980,7396.170771,-3.686025
9821.428571,120921834.609741,-7795023.766968,7396.027755,-3.688482
9828.629032,120931132.955566,-7796133.935242,7396.598482,-3.688723
9837.962963,120919753.689697,-7823370.459106,7396.012511,-3.701921
9850.543478,120929834.307556,-7824283.754150,7396.630118,-3.702045
9858.630952,120909923.485107,-7813040.409546,7395.373072,-3.697347
9868.421053,120921957.851135,-7862182.868164,7396.300093,-3.720168
9880.514706,120914883.219604,-7848877.654785,7395.816538,-3.714107
9885.204082,120910295.196594,-7936293.263000,7395.884635,-3.755496
9895.833333,120905569.718933,-7882918.244446,7395.384153,-3.730456
9908.536585,120911524.542542,-7868524.068726,7395.689741,-3.723480
9923.986486,120926802.609558,-7924547.476379,7396.843120,-3.749444
9928.385417,120899288.392395,-7926804.224243,7395.176340,-3.751359
9943.181818,120904304.626831,-7933834.335876,7395.509945,-3.754521
9960.937500,120913260.365051,-7937512.776428,7396.070107,-3.755980
9967.672414,120907491.452820,-7955758.154297,7395.791783,-3.764768
9982.638889,120886212.865723,-7963129.943237,7394.525366,-3.768908
9992.732558,120891999.904175,-7961787.814575,7394.872442,-3.768094
10000.000000,120898481.785828,-7967574.454651,7395.290440,-3.770623
10009.765625,120895215.476990,-7994317.086121,7395.199028,-3.783344
10020.380435,120893382.442627,-8021688.072571,7395.197811,-3.796318
10044.642857,120898576.772095,-8022861.496216,7395.518903,-3.796709
10069.444444,120893030.446533,-8049415.134155,7395.288615,-3.809412
10080.645161,120893512.060852,-8065528.018799,7395.383349,-3.817000
10091.145833,120874281.745544,-8058368.978516,7394.183112,-3.814227
10099.085366,120871938.883606,-8084443.360657,7394.146467,-3.826606
10110.294118,120871609.886658,-8086916.060913,7394.136504,-3.827783
10120.738636,120873529.271912,-8093246.052979,7394.279198,-3.830710
10127.314815,120880031.117615,-8112319.432983,7394.753027,-3.839505
10139.627660,120864654.612000,-8130148.808777,7393.889556,-3.848406
10156.250000,120861628.294189,-8135996.275146,7393.729218,-3.851262
10174.418605,120868469.393005,-8198220.026001,7394.401880,-3.880407
10179.924242,120875638.268677,-8157508.811279,7394.670712,-3.860968
10190.217391,120859124.323853,-8167948.759888,7393.707977,-3.866421
10199.652778,120856465.764465,-8171070.962158,7393.558929,-3.867979
10204.081633,120848537.669861,-8171418.795166,7393.077556,-3.868396
10216.346154,120855405.287537,-8192249.091309,7393.581658,-3.878008
10230.654762,120851412.672852,-8206446.954285,7393.397179,-3.884836
10237.068966,120855878.900269,-8224037.349121,7393.741973,-3.892994
10253.906250,120851144.969727,-8235789.431335,7393.502430,-3.898692
10267.857143,120865249.702026,-8237889.886353,7394.370066,-3.899230
10279.605263,120851288.507385,-8275301.763367,7393.675536,-3.917334
10289.634146,120843402.207642,-8269561.789246,7393.171377,-3.914880
10298.295455,120853629.845947,-8274767.713562,7393.815884,-3.917006
10312.500000,120833397.744385,-8292394.414001,7392.657445,-3.925979
10323.660714,120855101.710388,-8303207.572510,7394.024291,-3.930379
10332.661290,120836646.739319,-8308561.868713,7392.922915,-3.933504
10340.073529,120851690.177124,-8313209.355042,7393.858421,-3.935209
10351.562500,120824848.605713,-8318592.177856,7392.246514,-3.938621
10360.054348,120828942.107788,-8360374.034607,7392.671376,-3.958207
10363.520408,120840846.556335,-8348954.365234,7393.348179,-3.952430
10416.666667,120827484.246216,-8396861.161438,7392.736668,-3.975475
10472.074468,120795379.984558,-8451793.285889,7391.015101,-4.002458
10480.182927,120816514.740356,-8451210.331909,7392.299475,-4.001485
10491.071429,120798673.466858,-8470414.254028,7391.295049,-4.011138
10498.046875,120808198.190369,-8464093.400330,7391.848012,-4.007840
10506.465517,120790060.453857,-8483902.893860,7390.828263,-4.017791
10516.826923,120823245.163879,-8496676.914673,7392.903437,-4.022719
10529.891304,120795823.064636,-8499492.738586,7391.245859,-4.024958
10537.790698,120797621.310791,-8517278.222168,7391.431621,-4.033293
10546.875000,120791448.425293,-8510463.705933,7391.026536,-4.030282
10557.432432,120792157.264404,-8521701.477966,7391.117933,-4.035562
10569.852941,120767449.864563,-8537294.547974,7389.680660,-4.043747
10579.427083,120795278.775330,-8555866.006165,7391.455027,-4.051583
10590.277778,120789986.410400,-8600955.878174,7391.327769,-4.073042
10602.678571,120780978.580933,-8575403.802124,7390.668728,-4.061284
10616.987179,120761331.859802,-8604626.585632,7389.599119,-4.075738
10633.680556,120807840.451294,-8598241.622314,7392.403011,-4.071161
10638.297872,120779662.933289,-8628187.177490,7390.817496,-4.086242
10653.409091,120779480.741577,-8618560.027283,7390.764556,-4.081704
10670.731707,120763225.615356,-8684149.209534,7390.060972,-4.113212
10677.083333,120762661.675903,-8656275.779053,7389.904807,-4.100074
10690.789474,120772399.826782,-8652676.759827,7390.481972,-4.098046
10699.728261,120761138.247253,-8688222.809937,7389.951732,-4.115206
10706.018519,120782521.565002,-8659040.446106,7391.125959,-4.100707
10719.476744,120757953.102295,-8668636.069763,7389.672125,-4.106068
10742.187500,120794715.290649,-8712295.555359,7392.101448,-4.125425
10763.888889,120772693.190613,-8804358.308594,7391.167202,-4.169623
10768.581081,120743912.435059,-8739669.353516,7389.129064,-4.140078
10775.862069,120746206.877563,-8747999.687195,7389.305468,-4.143931
10788.690476,120759559.810181,-8749936.716309,7390.126904,-4.144389
10799.632353,120756322.821106,-8761031.660828,7389.978817,-4.149737
10804.521277,120768827.553101,-8784936.929626,7390.845783,-4.160591
10817.307692,120752819.917603,-8791506.476318,7389.900406,-4.164241
10830.965909,120769935.691895,-8831180.461670,7391.118554,-4.182376
10836.693548,120776151.963928,-8818858.868591,7391.442159,-4.176347
10850.694444,120737811.816589,-8842148.351868,7389.211896,-4.188662
10861.280488,120745018.441650,-8824815.038025,7389.573399,-4.180232
10869.565217,120724524.494385,-8857725.006104,7388.472554,-4.196475
10881.696429,120733736.642334,-8881862.740356,7389.141275,-4.207549
10890.151515,120725206.880310,-8853053.317810,7388.493233,-4.194246
10901.162791,120728784.124634,-8880071.163635,7388.831780,-4.206876
10937.500000,120726550.749329,-8920111.759277,7388.875512,-4.225854
10974.702381,120710999.570435,-8960603.746765,7388.111446,-4.245512
10979.729730,120731776.267090,-8968253.005676,7389.410686,-4.248394
10986.328125,120721733.320251,-8957940.796753,7388.752775,-4.243879
10995.370370,120695610.945190,-8985570.049622,7387.287727,-4.257838
11008.522727,120711757.569031,-8979815.307739,7388.244484,-4.254554
11017.628205,120724177.898315,-8997098.123291,7389.078819,-4.262276
11029.411765,120731090.225830,-9023431.538025,7389.619183,-4.274461
11039.402174,120695873.781616,-9032655.076660,7387.517650,-4.280058
11051.829268,120719261.910217,-9041458.622437,7388.981324,-4.283387
11067.708333,120701686.613098,-9058994.552917,7387.991607,-4.292286
11082.848837,120681071.473633,-9078284.654419,7386.825078,-4.302124
11088.709677,120711553.826599,-9072780.258728,7388.655201,-4.298443
11101.973684,120691660.794373,-9098355.410583,7387.561587,-4.311222
11111.111111,120692711.957642,-9113297.143250,7387.694177,-4.318238
11117.788462,120687629.031494,-9120664.179810,7387.418683,-4.321897
11132.812500,120694850.084961,-9121019.691406,7387.859817,-4.321807
11160.714286,120691022.753784,-9145977.667419,7387.741826,-4.333725
11186.079545,120688463.665833,-9183087.635681,7387.757580,-4.351334
11190.878378,120692100.916992,-9186088.980591,7387.992848,-4.352620
11197.916667,120678663.636108,-9184977.082764,7387.169891,-4.352578
11209.239130,120674751.396118,-9203450.061890,7387.017447,-4.361439
11217.948718,120665564.750061,-9257591.238525,7386.710401,-4.387329
11230.468750,120658289.932068,-9243672.642578,7386.202726,-4.381021
11242.378049,120683821.016296,-9246454.215820,7387.769484,-4.381411
11250.000000,120688629.535645,-9240738.836914,7388.035483,-4.378539
11259.191176,120675867.507751,-9248845.300476,7387.296595,-4.382827
11264.534884,120669582.876343,-9359322.756836,7387.432511,-4.435202
11284.722222,120666065.097961,-9276330.071045,7386.828433,-4.396156
11307.565789,120663364.583435,-9317680.667969,7386.857977,-4.415774
11314.655172,120661663.672913,-9311140.089050,7386.723741,-4.412748
11328.125000,120647226.859009,-9315996.818298,7385.867989,-4.415567
11340.725806,120646676.293457,-9340183.581604,7385.948287,-4.427006
11346.726190,120670585.536926,-9365313.562439,7387.521812,-4.437993
11363.636364,120660223.263550,-9371805.986450,7386.921902,-4.441437
11383.928571,120660953.267883,-9380741.851501,7387.008582,-4.445628
11393.229167,120642966.414978,-9405739.851868,7386.032461,-4.458089
11402.027027,120630699.542114,-9414856.262512,7385.329269,-4.462845
11418.269231,120648635.148315,-9404085.842407,7386.369571,-4.457100
11432.926829,120632478.065308,-9437222.899475,7385.543846,-4.473339
11439.732143,120628673.708557,-9440206.312805,7385.326552,-4.474888
11446.220930,120642488.429321,-9461709.052490,7386.269694,-4.484527
11458.333333,120632064.498108,-9478699.878723,7385.716561,-4.492934
11474.609375,120625502.671204,-9486727.730591,7385.355679,-4.496967
11488.970588,120653618.035828,-9510295.889038,7387.179375,-4.507047
11501.736111,120630777.301880,-9516565.479797,7385.819643,-4.510857
11513.157895,120622993.451965,-9547156.447998,7385.493101,-4.525587
11523.437500,120613455.367981,-9540863.470276,7384.882441,-4.522973
11532.738095,120608421.078552,-9544038.879272,7384.591407,-4.524660
11541.193182,120611482.485413,-9557641.518860,7384.843224,-4.530967
11548.913043,120620784.400635,-9568715.456360,7385.462633,-4.535847
11562.500000,120606830.019897,-9577531.517700,7384.656145,-4.540532
11574.074074,120605880.914551,-9587797.223022,7384.648025,-4.545414
11584.051724,120625389.233765,-9583036.846924,7385.811994,-4.542435
11592.741935,120607203.657043,-9615363.197815,7384.862033,-4.558377
11600.378788,120612362.445496,-9624335.428894,7385.219454,-4.562419
11607.142857,120612175.757202,-9627325.510986,7385.222615,-4.563837
11618.589744,120605184.945984,-9623699.182312,7384.779660,-4.562389
11627.906977,120601307.395325,-9635538.449097,7384.601253,-4.568124
11718.750000,120588335.585388,-9735301.243347,7384.299512,-4.615712
11809.593023,120577520.184937,-9840390.116333,7384.160486,-4.665734
11818.910256,120553838.795471,-9836552.263184,7382.700781,-4.664835
11830.357143,120560743.345215,-9850456.780518,7383.189882,-4.671133
11837.121212,120575836.689636,-9848753.633972,7384.099612,-4.669747
11853.448276,120561575.807983,-9877250.992249,7383.373884,-4.683751
11863.425926,120563814.237122,-9874272.024963,7383.495210,-4.682258
11875.000000,120558282.080566,-9882318.556152,7383.198779,-4.686270
11888.586957,120551156.930664,-9925717.898132,7382.982233,-4.707035
11904.761905,120538182.198425,-9920856.319946,7382.168619,-4.705244
11914.062500,120538106.613037,-9950716.788635,7382.313747,-4.719346
11924.342105,120537448.679199,-9944070.938721,7382.240363,-4.716234
11935.763889,120538396.413696,-9950269.862488,7382.329131,-4.719123
11948.529412,120526481.122864,-9977946.313721,7381.743504,-4.732656
11962.890625,120525866.470154,-9997652.641785,7381.805451,-4.741984
11979.166667,120534685.466919,-9998111.310120,7382.344208,-4.741855
11997.767857,120523555.491150,-10021098.337585,7381.783318,-4.753144
12004.573171,120518148.288696,-10045930.913269,7381.580166,-4.765081
12019.230769,120516420.302673,-10042229.959290,7381.456298,-4.763402
12035.472973,120508997.822510,-10060600.936584,7381.098019,-4.772368
12044.270833,120515487.803406,-10060209.486389,7381.490788,-4.771928
12053.571429,120512452.104919,-10079019.732361,7381.401740,-4.780929
12073.863636,120521803.550659,-10090761.772949,7382.030301,-4.786103
12090.773810,120522954.678589,-10110071.000427,7382.198743,-4.795173
12096.774194,120498345.814026,-10114683.984619,7380.725496,-4.798326
12109.375000,120510620.424377,-10136965.856567,7381.585949,-4.808359
12122.844828,120506909.485657,-10154029.837463,7381.447620,-4.816563
12129.934211,120500330.069336,-10149136.364075,7381.022376,-4.814514
12152.777778,120485091.386902,-10186592.895020,7380.287789,-4.832807
12178.308824,120487041.049072,-10192793.845093,7380.438262,-4.835657
12187.500000,120486946.340759,-10224886.957092,7380.597884,-4.850814
12195.121951,120471167.493591,-10223975.997620,7379.633538,-4.851016
12207.031250,120485605.065308,-10218435.523865,7380.483023,-4.847822
12219.551282,120487955.341553,-10276603.485779,7380.926839,-4.875191
12228.260870,120474148.041138,-10252714.273682,7379.963345,-4.864467
12239.583333,120460604.794067,-10267770.327209,7379.217675,-4.872121
12246.621622,120479250.089478,-10263609.325684,7380.330054,-4.869406
12276.785714,120469499.622498,-10306693.637207,7379.960764,-4.890142
12304.687500,120466428.661133,-10312407.328979,7379.803742,-4.892963
12310.606061,120481976.683594,-10309785.252808,7380.735642,-4.891097
12319.711538,120442694.403748,-10332628.944702,7378.465749,-4.903473
12335.526316,120453312.155640,-10365465.188599,7379.283020,-4.918548
12348.790323,120451217.616638,-10366354.626343,7379.160301,-4.919053
12369.791667,120449447.147827,-10385486.196167,7379.152856,-4.928159
12385.670732,120425478.427734,-10391656.148376,7377.727653,-4.932049
12392.241379,120435418.973328,-10418701.045349,7378.474237,-4.944415
12408.088235,120445015.810425,-10425348.747253,7379.092799,-4.947162
12419.871795,120404397.717163,-10533713.616333,7377.196342,-5.000003
12428.977273,120441955.610229,-10454943.156372,7379.062702,-4.961261
12442.129630,120440099.513550,-10461864.137634,7378.986381,-4.964605
12451.171875,120431291.948486,-10472772.808960,7378.508464,-4.970117
12457.770270,120455456.716003,-10469642.427673,7379.961318,-4.967647
12500.000000,120408464.831482,-10504317.776123,7377.287490,-4.985952
12541.118421,120392982.584290,-10585734.940857,7376.779683,-5.025044
12547.348485,120413520.350952,-10571996.075012,7377.955040,-5.017703
12555.803571,120425024.452759,-10589288.437744,7378.746904,-5.025391
12567.934783,120399862.528198,-10582021.769531,7377.178154,-5.023004
12586.805556,120414393.654175,-10612917.371826,7378.227010,-5.036990
12600.806452,120419173.471191,-10630649.894043,7378.612730,-5.045163
12620.192308,120399443.904480,-10628464.334717,7377.401430,-5.044953
12637.867647,120397458.962646,-10643384.944641,7377.360885,-5.052082
12648.809524,120374028.002869,-10685508.133972,7376.163179,-5.072954
12661.637931,120386032.867798,-10672368.351196,7376.822186,-5.066246
12668.918919,120388910.317566,-10679471.793091,7377.035429,-5.069480
12695.312500,120366281.845459,-10694835.206665,7375.742592,-5.077684
12723.214286,120382413.717712,-10754805.203613,7377.048186,-5.105326
12731.481481,120373022.193176,-10732301.233032,7376.355120,-5.095095
12746.710526,120341631.677307,-10752461.559448,7374.556118,-5.105940
12760.416667,120378103.083252,-10779972.814026,7376.922979,-5.117392
12784.090909,120369263.478760,-10807335.507446,7376.534751,-5.130687
12803.819444,120342990.728455,-10807221.480652,7374.936944,-5.131747
12812.500000,120346315.300903,-10822170.420471,7375.220718,-5.138667
12820.512821,120350560.187012,-10855760.260620,7375.662675,-5.154349
12834.821429,120338326.246765,-10838904.239868,7374.826605,-5.146910
12852.822581,120365053.073608,-10870603.404175,7376.625136,-5.160741
12867.647059,120332980.939880,-10891015.039856,7374.787683,-5.171749
12880.067568,120346193.210999,-10928656.830444,7375.798268,-5.188960
12890.625000,120328552.014587,-10903716.306213,7374.588378,-5.177937
12907.608696,120323894.234802,-10907937.039551,7374.328495,-5.180130
12920.673077,120286645.831482,-10925235.600342,7372.159683,-5.189898
12931.034483,120342606.252075,-10925219.340576,7375.561255,-5.187490
12939.453125,120334535.506653,-10954904.535339,7375.234708,-5.201855
12952.302632,120305747.173279,-10975937.829895,7373.601324,-5.213028
13020.833333,120303454.656006,-11044466.078674,7373.843188,-5.245494
13091.216216,120248494.474426,-11204603.767883,7371.403043,-5.323535
13097.426471,120308541.405945,-11086218.407532,7374.385775,-5.264991
13113.839286,120282393.440247,-11131756.956970,7373.052139,-5.287639
13125.000000,120270182.929504,-11146211.066162,7372.391379,-5.295000
13139.204545,120268435.836182,-11151305.049316,7372.313895,-5.297483
13157.894737,120290822.142944,-11167600.912354,7373.766334,-5.304198
13169.642857,120288317.110901,-11163884.277283,7373.593121,-5.302553
13183.593750,120257214.656494,-11185998.464905,7371.827737,-5.314363
13200.431034,120272559.142334,-11229094.329407,7373.004353,-5.334043
13221.153846,120263914.057495,-11219980.420776,7372.427273,-5.330119
13237.847222,120244917.801575,-11281244.869690,7371.621164,-5.359896
13247.282609,120239249.050354,-11261766.427185,7371.165709,-5.350946
13257.575758,120237067.510498,-11342610.389587,7371.494936,-5.389230
13281.250000,120244513.091797,-11300763.088989,7371.707947,-5.369133
13302.364865,120262650.531982,-11337138.991455,7373.018196,-5.385507
13310.185185,120251755.993408,-11348855.557861,7372.423320,-5.391525
13327.205882,120222198.001343,-11368150.495972,7370.737947,-5.401958
13346.354167,120223968.960815,-11370831.765503,7370.860969,-5.403145
13356.854839,120230595.583496,-11398139.053955,7371.420762,-5.415747
13363.486842,120237108.524414,-11404390.177307,7371.852536,-5.418408
13392.857143,120230926.768738,-11432994.334412,7371.641978,-5.432194
13427.734375,120193874.103149,-11456306.818176,7369.525432,-5.444872
13437.500000,120201416.793152,-11483272.687195,7370.140083,-5.457271
13454.861111,120206175.335083,-11482871.377563,7370.426885,-5.456867
13469.827586,120209270.567200,-11496627.686401,7370.694843,-5.463224
13494.318182,120207737.390320,-11522570.084534,7370.752608,-5.475547
13513.513514,120193941.825500,-11572608.872742,7370.206499,-5.499807
13521.634615,120211057.187439,-11566378.743713,7371.209931,-5.496087
13541.666667,120193167.148865,-11573860.542847,7370.166755,-5.500434
13556.985294,120168718.420959,-11592721.750061,7368.791807,-5.510456
13569.078947,120179347.627136,-11602479.964783,7369.494796,-5.514581
13586.956522,120167869.507446,-11640313.137390,7369.019736,-5.532977
13599.537037,120167868.867493,-11648105.629761,7369.065571,-5.536658
13608.870968,120192805.336365,-11649913.986206,7370.591167,-5.536371
13616.071429,120157993.585876,-11682105.457520,7368.666150,-5.553172
13671.875000,120159870.763611,-11728375.051453,7369.054006,-5.574942
13724.662162,120143497.958069,-11763125.317139,7368.265765,-5.592112
13731.060606,120143610.154419,-11777993.175659,7368.361065,-5.599130
13739.224138,120146713.818237,-11786419.843384,7368.599797,-5.602967
13750.000000,120142037.203857,-11800548.075439,7368.399960,-5.609857
13764.880952,120143454.501648,-11820214.710449,7368.603489,-5.619081
13786.764706,120137916.609192,-11842644.346619,7368.401273,-5.629933
13802.083333,120135907.826233,-11863943.511536,7368.406903,-5.640087
13822.115385,120123050.635437,-11873167.235291,7367.681294,-5.645044
13839.285714,120091742.662048,-12011002.725586,7366.612118,-5.711625
13849.431818,120123017.258606,-11903201.462097,7367.859810,-5.659232
13860.887097,120109415.546570,-11933377.014221,7367.215518,-5.674124
13888.888889,120115503.061584,-11940018.927063,7367.625351,-5.676976
13916.015625,120090887.652527,-11986523.994568,7366.411647,-5.700102
13926.630435,120093257.576965,-11974477.504822,7366.482596,-5.694299
13950.892857,120094951.785461,-12016156.313721,7366.838332,-5.713908
13967.803030,120091378.912109,-12028173.342346,7366.694400,-5.719754
13980.263158,120082270.130371,-12054965.705994,7366.304364,-5.732841
13997.395833,120090129.234985,-12063257.783447,7366.832230,-5.736386
14008.620690,120072008.282043,-12065808.945923,7365.747288,-5.738451
14016.544118,120068670.287476,-12112162.791016,7365.828000,-5.760507
14062.500000,120064718.530762,-12118504.327698,7365.626875,-5.763692
14105.902778,120057912.092041,-12172312.767517,7365.544094,-5.789436
14112.903226,120032758.567871,-12239230.748169,7364.429837,-5.822257
14122.596154,120062155.896973,-12191895.782654,7365.922462,-5.798483
14136.904762,120038488.822510,-12205918.461060,7364.571822,-5.806244
14160.156250,120054314.665222,-12214158.117432,7365.583717,-5.809376
14178.240741,120037434.332458,-12228228.934143,7364.645674,-5.816835
14204.545455,120038435.556885,-12250644.781311,7364.845256,-5.827376
14229.910714,120032351.265320,-12303637.029785,7364.804921,-5.852703
14246.323529,120009904.285522,-12313271.257263,7363.501963,-5.858342
14266.304348,120016824.691223,-12329355.775818,7364.022421,-5.865606
14278.017241,120015320.200806,-12331215.651978,7363.942674,-5.866557
14285.714286,120005154.398926,-12351499.071716,7363.452086,-5.876634
14322.916667,119992721.574219,-12374600.814209,7362.841728,-5.888154
14364.919355,120000851.961792,-12435451.338684,7363.717276,-5.916505
14375.000000,119981561.008728,-12426008.239319,7362.486689,-5.912988
14391.447368,119979481.069458,-12452600.751038,7362.527797,-5.925654
14404.296875,119974641.687500,-12473626.579285,7362.366597,-5.935826
14423.076923,119981115.516235,-12494458.272705,7362.891211,-5.945350
14441.287879,119963857.220703,-12545925.122070,7362.169567,-5.970516
14453.125000,119976677.767517,-12525031.612183,7362.815327,-5.960012
14467.592593,119964897.090637,-12532037.904846,7362.144576,-5.963903
14476.102941,119970642.119873,-12559039.371216,7362.664747,-5.976376
14508.928571,119944428.953186,-12567518.684998,7361.127386,-5.981679
14547.413793,119935949.951172,-12613863.234985,7360.908004,-6.003998
14559.659091,119950764.045349,-12629973.975891,7361.910159,-6.010873
14583.333333,119931164.999023,-12651816.348511,7360.860215,-6.022169
14605.978261,119939712.168457,-12688189.081970,7361.612254,-6.038927
14616.935484,119921006.606445,-12694593.177551,7360.517997,-6.042888
14648.437500,119934976.261658,-12722934.591919,7361.548210,-6.055579
14678.030303,119882421.644165,-12877450.857300,7359.359645,-6.131232
14687.500000,119915481.860168,-12751027.532349,7360.546081,-6.069830
14705.882353,119908552.536133,-12777865.341675,7360.298905,-6.082858
14723.557692,119901866.475342,-12801132.585876,7360.043735,-6.094189
14756.944444,119898092.652588,-12822064.430298,7359.950440,-6.104269
14787.946429,119904884.505615,-12864669.660583,7360.639607,-6.124054
14802.631579,119891515.429016,-12869700.377258,7359.861022,-6.127109
14816.810345,119887747.432434,-12878056.626770,7359.686805,-6.131248
14843.750000,119877429.724121,-12926278.792236,7359.375611,-6.154556
14868.951613,119872568.894409,-12945832.029358,7359.208681,-6.164043
14880.952381,119850369.172974,-12949449.798645,7357.885228,-6.166885
14892.578125,119849412.541138,-12996886.520752,7358.138770,-6.189350
14914.772727,119854362.400391,-12972163.638184,7358.276604,-6.177414
14935.661765,119846815.755005,-13014060.225769,7358.094281,-6.197598
14945.652174,119853883.202087,-13005314.640137,7358.465532,-6.193103
14973.958333,119844064.542786,-13033655.609131,7358.056554,-6.206998
15000.000000,119828301.509216,-13061854.282593,7357.286377,-6.221134
15024.038462,119830722.365601,-13101213.428894,7357.693979,-6.239607
15046.296296,119828213.120789,-13114021.116028,7357.626734,-6.245789
15066.964286,119827867.951660,-13140072.861206,7357.778952,-6.258116
15086.206897,119785595.014587,-13233851.720032,7355.840476,-6.304627
15104.166667,119805979.434753,-13166453.933228,7356.626632,-6.271717
15120.967742,119819352.354431,-13188096.281494,7357.582396,-6.281248
15136.718750,119808929.015808,-13208094.943665,7357.083665,-6.291240
15151.515152,119783025.912231,-13232404.290161,7355.674913,-6.304078
15165.441176,119796979.597290,-13244297.789673,7356.601191,-6.308969
15190.972222,119787711.177856,-13252625.784668,7356.094779,-6.313389
15213.815789,119784002.792236,-13273900.702698,7356.012714,-6.323636
15234.375000,119786893.547791,-13302613.573120,7356.381313,-6.337052
15252.976190,119767632.351013,-13305608.859924,7355.233036,-6.339478
15269.886364,119771117.290894,-13329404.219482,7355.604950,-6.350540
15285.326087,119761658.026062,-13359263.240967,7355.232950,-6.365147
15299.479167,119769930.175354,-13378155.390259,7355.862662,-6.373638
15312.500000,119750920.101929,-13392365.006104,7354.805861,-6.381357
15324.519231,119744025.660034,-13407264.877075,7354.488791,-6.388762
15335.648148,119744175.100647,-13395347.904663,7354.416956,-6.383123
15345.982143,119751143.780029,-13388949.574219,7354.796262,-6.379731
15355.603448,119746895.904907,-13424359.465881,7354.779065,-6.396689
15372.983871,119743345.784485,-13450680.988525,7354.742891,-6.409315
15380.859375,119735682.398804,-13456596.587036,7354.318381,-6.412517
15388.257576,119734955.300781,-13462956.945923,7354.317646,-6.415562
15625.000000,119674952.434082,-13678435.864502,7352.160107,-6.520608
15869.140625,119630135.276306,-13923519.672058,7351.156679,-6.638872
15877.016129,119600168.620361,-13929798.965088,7349.384200,-6.643488
15894.396552,119613866.952759,-13921762.598877,7350.157968,-6.638936
15904.017857,119602058.731873,-13946460.380371,7349.616510,-6.651259
15914.351852,119596179.215576,-13959029.911682,7349.348961,-6.657525
15925.480769,119589148.066162,-13949104.720154,7348.852483,-6.653221
15937.500000,119582016.965332,-13962183.422302,7348.512688,-6.659797
15950.520833,119563145.130493,-13966727.741516,7347.400758,-6.662987
15964.673913,119580884.550903,-13981274.505371,7348.579264,-6.668883
15980.113636,119572341.213074,-14031454.882996,7348.417670,-6.693076
15997.023810,119564055.519531,-14030239.999939,7347.906741,-6.692961
16015.625000,119566040.644714,-14044578.479736,7348.129129,-6.699629
16036.184211,119576565.906921,-14065936.774719,7348.919358,-6.709139
16059.027778,119561903.600769,-14096628.168030,7348.249657,-6.724462
16084.558824,119551258.818054,-14097644.097351,7347.611662,-6.725535
16113.281250,119538423.309143,-14148025.611938,7347.194415,-6.750067
16129.032258,119529743.280334,-14171844.190613,7346.839312,-6.761812
16145.833333,119543403.072693,-14185275.908752,7347.763827,-6.767395
16163.793103,119532142.192505,-14183098.425232,7347.065624,-6.766998
16183.035714,119511076.767273,-14238673.562012,7346.189344,-6.794453
16203.703704,119502175.927673,-14315369.576050,7346.205208,-6.831210
16225.961538,119512474.401489,-14242820.365173,7346.304001,-6.796334
16250.000000,119500168.504883,-14285926.151550,7345.870010,-6.817405
16276.041667,119493405.120483,-14317623.097717,7345.690028,-6.832772
16304.347826,119479506.292603,-14355662.879700,7345.124329,-6.851542
16335.227273,119480315.621582,-14386919.023254,7345.401204,-6.866272
16369.047619,119449067.373291,-14386965.718506,7343.507927,-6.868073
16381.048387,119472776.419678,-14442716.904236,7345.352290,-6.893077
16406.250000,119478639.461243,-14460081.898193,7345.834838,-6.900949
16433.189655,119470197.488586,-14504281.836426,7345.647953,-6.922323
16447.368421,119452440.413818,-14492936.078186,7344.488574,-6.917979
16462.053571,119436134.554443,-14510191.878601,7343.627508,-6.927072
16493.055556,119453711.023621,-14539656.221863,7344.909573,-6.939990
16526.442308,119426846.294739,-14528128.676819,7343.196846,-6.936086
16544.117647,119417631.446472,-14571392.209717,7342.957892,-6.957071
16562.500000,119415122.524170,-14627461.969238,7343.221197,-6.983722
16601.562500,119417678.380737,-14649007.021790,7343.536042,-6.993759
16644.021739,119412179.205750,-14697039.156555,7343.560440,-7.016782
16666.666667,119378508.687134,-14725078.956116,7341.730009,-7.031998
16690.340909,119369853.748291,-14759429.548340,7341.462697,-7.048744
16702.586207,119360126.163452,-14882346.073547,7341.797919,-7.107421
16741.071429,119389667.518311,-14799779.776001,7342.965508,-7.066658
16782.407407,119353767.801819,-14848687.972107,7341.158893,-7.091885
16796.875000,119357812.730469,-14864157.926331,7341.520524,-7.098960
16826.923077,119321500.983154,-14921323.593689,7339.753301,-7.128128
16858.552632,119340153.221985,-14924335.438354,7340.905791,-7.128449
16875.000000,119327238.503845,-14922223.207825,7340.107609,-7.128214
16927.083333,119304351.168030,-14990830.309692,7339.242329,-7.162007
16971.982759,119305605.113892,-15034288.747498,7339.649438,-7.182478
16983.695652,119297966.032715,-15054157.078125,7339.338558,-7.192326
17003.676471,119304405.476624,-15058442.129883,7339.761258,-7.193968
17020.089286,119290332.065063,-15118311.966309,7339.367577,-7.223112
17045.454545,119293769.228271,-15108022.295593,7339.496770,-7.218042
17071.759259,119267309.704163,-15123180.866821,7338.010891,-7.226793
17089.843750,119279805.097168,-15155418.349792,7339.015271,-7.241284
17113.095238,119249492.322144,-15180774.939087,7337.375116,-7.255095
17127.403846,119259910.311279,-15190143.984009,7338.078141,-7.258897
17187.500000,119261778.622925,-15246810.971130,7338.629073,-7.285574
17241.379310,119224179.772156,-15325032.479065,7336.959849,-7.324831
17252.604167,119218066.743652,-15310940.214661,7336.480156,-7.318539
17269.736842,119213680.833984,-15336735.206055,7336.415363,-7.331002
17299.107143,119216914.972351,-15372221.085144,7336.887829,-7.347582
17323.369565,119204014.135681,-15398619.305542,7336.313119,-7.360849
17361.111111,119181578.985535,-15435316.533752,7335.242382,-7.379572
17400.568182,119184939.813904,-15472402.546021,7335.736889,-7.396900
17427.884615,119171244.417297,-15510973.151489,7335.211405,-7.415977
17463.235294,119171158.223694,-15551519.291016,7335.526019,-7.435152
17485.119048,119154738.887085,-15560246.347412,7334.601216,-7.440291
17500.000000,119127419.261475,-15657560.472778,7333.719423,-7.487994
17510.775862,119146424.384460,-15578765.027405,7334.244457,-7.449560
17578.125000,119132808.837341,-15652843.654907,7334.008071,-7.485429
17650.462963,119086469.659607,-15756968.940674,7332.034733,-7.537551
17663.043478,119103013.568054,-15746211.740479,7332.949715,-7.531430
17680.921053,119100518.173889,-15759742.517883,7332.907010,-7.537984
17708.333333,119077831.034607,-15799218.826050,7331.850751,-7.558071
17728.365385,119087524.176208,-15819233.693604,7332.598019,-7.566926
17755.681818,119060085.885254,-15828511.991211,7331.012466,-7.573037
17795.138889,119072776.863953,-15871734.756287,7332.128436,-7.592676
17812.500000,119062643.970581,-15891358.066284,7331.673740,-7.602593
17857.142857,119054299.540222,-15937386.221436,7331.541132,-7.624883
17903.645833,119031581.918945,-15974743.846741,7330.469726,-7.643986
17922.794118,119029545.530029,-15997638.534607,7330.532546,-7.654941
17939.814815,118981275.803223,-16145163.135437,7328.817902,-7.727779
17968.750000,119002316.355774,-16038006.198975,7329.214054,-7.675762
18002.717391,119000055.039612,-16075118.274353,7329.380165,-7.693456
18028.846154,118990179.322510,-16116654.349182,7329.122655,-7.713728
18066.406250,118975691.737793,-16142269.610962,7328.456416,-7.726769
18092.105263,118977049.991211,-16164320.076904,7328.719636,-7.737109
18110.795455,118961990.188110,-16170380.092407,7327.858610,-7.740943
18125.000000,118971808.799988,-16198160.764709,7328.681010,-7.753448
18136.160714,118956510.419250,-16216063.871887,7327.903298,-7.762899
18229.166667,118932141.199829,-16314405.090820,7327.242835,-7.810978
18329.326923,118893264.908508,-16421784.038025,7325.785838,-7.864286
18342.391304,118904682.212585,-16417786.398254,7326.442785,-7.861650
18359.375000,118896545.939453,-16429736.035156,7326.050642,-7.867832
18382.352941,118894491.205322,-16449265.078979,7326.089672,-7.877201
18415.178571,118861613.507446,-16485283.957947,7324.403554,-7.896389
18437.500000,118867734.197083,-16499755.069153,7324.894990,-7.902831
18465.909091,118853989.928101,-16540380.686829,7324.405427,-7.922947
18503.289474,118856024.259094,-16569609.289001,7324.774525,-7.936636
18518.518519,118844719.544006,-16598958.190308,7324.338708,-7.951260
18554.687500,118837781.293945,-16611186.081848,7324.022573,-7.957501
18601.190476,118821463.789856,-16678904.276978,7323.609607,-7.990606
18629.807692,118800841.713867,-16707572.148865,7322.606600,-8.005534
18663.194444,118802992.010742,-16725914.766846,7322.892567,-8.014066
18682.065217,118785540.368774,-16759081.404419,7322.120315,-8.030915
18750.000000,118769642.136108,-16828424.020813,7321.752018,-8.064773
18807.870370,118757473.525146,-16884078.863647,7321.494009,-8.091910
18821.022727,118739260.137268,-16883768.983582,7320.390725,-8.092988
18841.911765,118749256.556763,-16912764.002197,7321.244131,-8.106028
18880.208333,118740084.793518,-16952790.284485,7321.034811,-8.125576
18914.473684,118709243.367798,-16977664.936523,7319.386045,-8.139425
18930.288462,118708372.781189,-17016470.394104,7319.669158,-8.157838
18973.214286,118707548.083008,-17040441.001709,7319.827083,-8.169230
19021.739130,118669971.122620,-17164799.480103,7318.639523,-8.230604
19042.968750,118684927.990601,-17105973.535461,7319.029969,-8.201762
19062.500000,118667356.803589,-17155951.002441,7318.404299,-8.226598
19097.222222,118663631.102905,-17156249.183044,7318.181838,-8.226994
19140.625000,118655174.109070,-17193463.684265,7317.996354,-8.245174
19176.136364,118638092.128479,-17226434.345703,7317.253403,-8.261940
19205.729167,118622087.962463,-17263815.826111,7316.614949,-8.280722
19230.769231,118626057.627258,-17274123.180481,7316.945350,-8.285324
19270.833333,118607022.563477,-17327461.498718,7316.265546,-8.311866
19301.470588,118602162.553528,-17345533.853943,7316.131567,-8.320750
19325.657895,118578546.679871,-17374797.926880,7314.964045,-8.336227
19345.238095,118585754.172729,-17395944.782043,7315.586550,-8.345730
19361.413043,118575615.850220,-17413783.663757,7315.132418,-8.354872
19375.000000,118526919.444519,-17562039.356201,7313.512526,-8.428398
19531.250000,118520284.987549,-17563827.295654,7313.127949,-8.429709
19687.500000,118460836.239136,-17728917.798889,7311.023264,-8.511996
19701.086957,118470014.353149,-17744136.237610,7311.714833,-8.518546
19717.261905,118454325.614868,-17760708.402100,7310.917723,-8.527497
19736.842105,118455434.843994,-17765505.271301,7311.028098,-8.529688
19761.029412,118436372.883911,-17811731.546631,7310.296561,-8.552911
19791.666667,118450412.768433,-17836202.597168,7311.366241,-8.563487
19831.730769,118415819.164734,-17880484.986633,7309.681358,-8.586902
19856.770833,118403739.830872,-17939229.916382,7309.488600,-8.615557
19886.363636,118412333.102478,-17938204.730530,7309.997817,-8.614456
19921.875000,118379739.062256,-17959777.377625,7308.228212,-8.626999
19965.277778,118396442.042786,-18015200.389648,7309.744292,-8.652017
20000.000000,118370258.757141,-18069922.116638,7308.667626,-8.679788
20019.531250,118356384.065063,-18038683.871216,7307.542931,-8.666012
20040.760870,118359555.003723,-18051710.803650,7307.854107,-8.671946
20089.285714,118361907.702820,-18111258.874329,7308.544943,-8.699945
20148.026316,118315711.078064,-18160986.348145,7306.217577,-8.726819
20182.291667,118315639.963623,-18213027.934509,7306.695891,-8.751445
20220.588235,118295851.643982,-18239942.063843,7305.752291,-8.765620
20241.477273,118290356.169556,-18257573.067932,7305.584858,-8.774363
20312.500000,118277436.299988,-18329597.898743,7305.477451,-8.809382
20380.434783,118233893.923096,-18393879.681946,7303.453229,-8.842994
20399.305556,118227999.286072,-18417117.777405,7303.315897,-8.854423
20432.692308,118221557.958618,-18437563.478760,7303.119621,-8.864572
20461.309524,118220433.673523,-18464779.252014,7303.307982,-8.877532
20507.812500,118192142.571777,-18517004.304077,7302.094577,-8.904336
20559.210526,118176676.943298,-18570855.967957,7301.671521,-8.930965
20596.590909,118161620.164612,-18602931.344299,7301.067863,-8.947263
20647.321429,118145671.821655,-18648870.126160,7300.542927,-8.970190
20680.147059,118133186.868164,-18667144.043823,7299.964211,-8.979770
20703.125000,118115383.984070,-18714731.139404,7299.344875,-9.003622
20720.108696,118115975.485229,-18745065.017578,7299.670506,-9.017931
20833.333333,118117733.775024,-18808010.004700,7300.379664,-9.047580
20951.704545,118030018.488159,-18912731.972046,7296.101030,-9.103764
20970.394737,118038020.269714,-18959380.106384,7297.034284,-9.125233
20996.093750,118030427.119751,-18933325.975403,7296.324642,-9.113480
21033.653846,117979853.344666,-18992687.895203,7293.851743,-9.145424
21059.782609,117951365.111145,-19174679.633301,7293.909175,-9.233747
21093.750000,117997292.071960,-19088110.323853,7295.830448,-9.189255
21139.705882,117985909.474182,-19089839.433899,7295.161461,-9.190945
21158.854167,117968519.645264,-19124047.380188,7294.447494,-9.208467
21205.357143,117944575.051331,-19150375.804565,7293.262205,-9.222766
21267.361111,117940506.051331,-19207109.338867,7293.572862,-9.249931
21306.818182,117944240.612366,-19266833.672852,7294.384662,-9.277906
21354.166667,117903090.185913,-19292319.918701,7292.156870,-9.293151
21381.578947,117897836.283447,-19315838.784912,7292.072353,-9.304689
21399.456522,117869966.920532,-19347438.641296,7290.705838,-9.321809
21484.375000,117884648.673767,-19433626.674011,7292.443975,-9.361456
21577.380952,117823589.600708,-19468470.719299,7289.113181,-9.382717
21599.264706,117804580.949402,-19528108.270386,7288.562873,-9.412437
21634.615385,117815464.686768,-19548062.972351,7289.417505,-9.421028
21661.931818,117762906.714233,-19641073.520142,7287.184608,-9.469192
21701.388889,117789401.258606,-19637360.910767,7288.742459,-9.465344
21739.130435,117766786.510803,-19709736.639771,7288.108813,-9.501385
21763.392857,117738925.506226,-19701384.863220,7286.347446,-9.499639
21792.763158,117729146.252014,-19696836.792236,7285.712922,-9.498261
21875.000000,117715859.733948,-19814811.353882,7286.104890,-9.555164
21949.404762,117703406.838135,-19883606.548767,7286.053607,-9.588719
21972.656250,117673079.634338,-19872550.343567,7284.115986,-9.585910
22017.045455,117654371.059143,-19939088.375671,7283.667513,-9.618908
22058.823529,117618477.274048,-19986013.590027,7281.986734,-9.644008
22078.804348,117624838.531799,-19992711.096680,7282.438009,-9.646667
22135.416667,117630145.044861,-20084901.510864,7283.702298,-9.689880
22203.947368,117582553.884155,-20140601.649719,7281.412145,-9.720098
22235.576923,117594431.315369,-20154999.057922,7282.275103,-9.725950
22265.625000,117554616.362000,-20194899.784424,7280.291804,-9.748073
22321.428571,117543705.383362,-20238624.023682,7280.087820,-9.769662
22372.159091,117518855.491577,-20315357.675049,7279.389408,-9.808018
22395.833333,117550544.251648,-20309136.620667,7281.230679,-9.802481
22460.937500,117517811.597290,-20362320.431213,7279.815456,-9.830335
22518.382353,117465297.968872,-20424898.159790,7277.310614,-9.864275
22569.444444,117454623.085938,-20479095.738892,7277.236167,-9.890815
22615.131579,117443209.418518,-20520957.265869,7276.989222,-9.911577
22656.250000,117424497.891357,-20587258.449890,7276.561926,-9.944515
22693.452381,117400719.277832,-20638059.865356,7275.668576,-9.970541
22727.272727,117417484.054932,-20623773.628235,7276.525495,-9.962383
22786.458333,117383550.263733,-20695025.936951,7275.239354,-9.998940
22836.538462,117368339.259827,-20739833.754395,7274.800433,-10.021424
22879.464286,117350382.686340,-20798371.192017,7274.343818,-10.050639
22916.666667,117346359.841919,-20822155.933044,7274.355543,-10.062236
22949.218750,117312951.974121,-20860895.715942,7272.761403,-10.083386
22977.941176,117294693.030457,-20888827.418762,7271.962868,-10.098148
23003.472222,117304004.603516,-20923089.232239,7272.889335,-10.113583
23026.315789,117253900.996155,-21039484.287537,7271.130075,-10.172929
23046.875000,117278135.287415,-20952571.704346,7271.651158,-10.129727
23065.476190,117207834.283508,-21150142.185059,7269.558907,-10.229242
23082.386364,117250124.549255,-20991053.005066,7270.381671,-10.150319
23437.500000,117128391.930664,-21336194.800354,7266.813656,-10.324149
23809.523810,116984455.165100,-21726321.657043,7262.480871,-10.521396
23828.125000,116957222.736694,-21749433.645081,7261.104414,-10.534736
23848.684211,116979037.177917,-21730429.161865,7262.201519,-10.523817
23871.527778,116963975.125061,-21757501.856750,7261.599659,-10.537962
23897.058824,116946345.696228,-21772722.999390,7260.711751,-10.546722
23925.781250,116946338.161804,-21807933.227051,7261.104965,-10.563395
23958.333333,116926496.577698,-21825931.397949,7260.115919,-10.573670
23995.535714,116921861.973389,-21875663.027466,7260.395466,-10.597629
24038.461538,116911576.327454,-21906371.363831,7260.123334,-10.613080
24088.541667,116876859.918457,-21958908.015076,7258.632035,-10.641040
24147.727273,116847668.063171,-22031849.386108,7257.704499,-10.678181
24181.547619,116840626.350037,-22051910.964600,7257.509134,-10.688310
24218.750000,116839465.543579,-22069177.679993,7257.635045,-10.696590
24259.868421,116804764.235474,-22109351.578064,7256.009439,-10.718721
24305.555556,116778364.482788,-22190581.724670,7255.350141,-10.759559
24356.617647,116773293.056702,-22198501.674133,7255.136302,-10.763766
24414.062500,116746866.220154,-22256234.067810,7254.210730,-10.793489
24479.166667,116733632.661499,-22313664.447754,7254.074605,-10.821882
24553.571429,116690173.331360,-22392711.541443,7252.376901,-10.863257
24609.375000,116670249.058716,-22457828.385742,7251.932794,-10.895908
24639.423077,116673572.617493,-22459857.073242,7252.155403,-10.896566
24671.052632,116651544.172852,-22486939.163269,7251.147807,-10.911400
24739.583333,116625021.978882,-22570217.496521,7250.522320,-10.953265
24816.176471,116598206.725464,-22629270.028503,7249.601279,-10.983691
24857.954545,116574275.992126,-22655848.568848,7248.476697,-10.998480
24902.343750,116553443.174316,-22709377.274292,7247.852614,-11.025752
25000.000000,116513398.121460,-22804718.466064,7246.569050,-11.074611
25082.236842,116464145.950867,-22921797.124023,7244.995440,-11.134641
25111.607143,116463192.006836,-22899641.977905,7244.677290,-11.124236
25173.611111,116450222.249817,-22966137.984863,7244.684762,-11.156941
25240.384615,116415119.757202,-23018076.368652,7243.196958,-11.184824
25275.735294,116401996.855103,-23069090.686829,7243.015872,-11.210218
25390.625000,116355001.564636,-23154835.894226,7241.221819,-11.255252
25493.421053,116226324.505066,-23457591.255188,7237.152181,-11.410878
25520.833333,116302210.127625,-23287466.682251,7239.646639,-11.323067
25568.181818,116287566.773987,-23333240.820618,7239.319380,-11.346139
25607.638889,116269872.448730,-23371441.143066,7238.719610,-11.365916
25669.642857,116232174.735352,-23440271.596436,7237.293146,-11.402115
25735.294118,116171861.003174,-23592376.793457,7235.526445,-11.479946
25781.250000,116205021.317322,-23529286.926941,7236.744782,-11.446878
25841.346154,116167196.277283,-23587619.156250,7235.189630,-11.478141
25878.906250,116149062.979126,-23634832.259155,7234.679036,-11.502252
25904.605263,116135969.920959,-23663643.291809,7234.246822,-11.517163
26041.666667,116079667.157715,-23774028.383484,7232.228328,-11.574902
26194.852941,116028709.465881,-23911893.811523,7230.875100,-11.645171
26227.678571,116003541.991089,-23950029.672546,7229.840866,-11.665696
26278.409091,115983016.031982,-23983527.782532,7229.027665,-11.683575
26315.789474,115959936.605286,-24051571.101685,7228.490479,-11.718075
26367.187500,115945088.544312,-24070821.835938,7227.841840,-11.728654
26442.307692,115919207.964417,-24142763.545654,7227.189209,-11.765286
26475.694444,115888370.692932,-24216884.415039,7226.270591,-11.803447
26562.500000,115866388.752502,-24245984.876160,7225.320849,-11.819411
26654.411765,115828918.799316,-24331886.854004,7224.158375,-11.863831
26692.708333,115816325.304077,-24367507.163696,7223.853450,-11.881961
26726.973684,115801607.445923,-24405288.113220,7223.449565,-11.901328
26785.714286,115759834.538330,-24444971.928345,7221.454761,-11.924305
26855.468750,115736644.390625,-24503306.738770,7220.806496,-11.954269
26909.722222,115710670.359253,-24578000.101135,7220.201381,-11.992270
26988.636364,115674125.929016,-24611041.063538,7218.438929,-12.011608
27043.269231,115653974.717651,-24663164.885498,7217.898751,-12.038342
27083.333333,115627421.398804,-24728294.963318,7217.143992,-12.071892
27113.970588,115623452.843689,-24745628.520447,7217.128462,-12.080508
27343.750000,115524151.568665,-24952486.345215,7213.856837,-12.188647
27573.529412,115428736.028442,-25147174.661804,7210.684512,-12.290715
27604.166667,115410545.822571,-25170905.445923,7209.908198,-12.303840
27644.230769,115387557.627075,-25224218.871948,7209.231546,-12.331485
27698.863636,115360306.725525,-25268734.311829,7208.187498,-12.355409
27777.777778,115330970.861267,-25344446.268066,7207.428858,-12.394341
27832.031250,115314477.243103,-25397304.978027,7207.138862,-12.421111
27901.785714,115279446.840027,-25451115.376343,7205.758132,-12.450273
27994.791667,115239147.953674,-25538607.645935,7204.509826,-12.495963
28033.088235,115197272.483826,-25617780.183960,7203.061917,-12.537892
28125.000000,115182619.409180,-25654404.757812,7202.674526,-12.556795
28211.805556,115130071.496704,-25750244.553101,7200.818468,-12.607777
28245.192308,115110175.496765,-25776755.193542,7199.986781,-12.622453
28320.312500,115087785.882812,-25836493.657104,7199.451024,-12.653148
28409.090909,115045831.526062,-25898409.050781,7197.781484,-12.686966
28459.821429,115019312.125061,-25959889.358582,7197.027591,-12.718942
28492.647059,114902105.443909,-26194194.091614,7193.214532,-12.842609
28645.833333,114935578.528809,-26121025.388977,7194.215485,-12.804313
28808.593750,114870515.619690,-26260020.105530,7192.228958,-12.877231
28846.153846,114850675.782043,-26318488.350464,7191.844738,-12.907098
28906.250000,114820880.794922,-26352890.809570,7190.541532,-12.926645
28952.205882,114791982.019409,-26428337.438599,7189.854127,-12.965558
29017.857143,114770842.032349,-26445347.448059,7188.829756,-12.975929
29119.318182,114726219.197815,-26548394.978699,7187.591079,-13.029664
29166.666667,114650883.255676,-26680376.654053,7184.932839,-13.100519
29296.875000,114646060.786926,-26706344.524780,7185.005577,-13.113362
29411.764706,114570726.970032,-26803427.881409,7181.874927,-13.167727
29447.115385,114588480.537903,-26842378.233154,7183.471924,-13.184223
29513.888889,114509040.303589,-26905786.934448,7179.635300,-13.223122
29575.892857,114509645.074951,-26927855.449158,7179.979461,-13.233518
29687.500000,114465313.352478,-27015402.940247,7178.571028,-13.279981
29785.156250,114396399.611816,-27136873.284302,7176.184937,-13.345311
29829.545455,114408094.509705,-27142198.612366,7176.954510,-13.346520
29871.323529,114379167.742249,-27166686.538757,7175.581850,-13.361387
29947.916667,114341116.824951,-27237137.073242,7174.317440,-13.399087
30048.076923,114308707.013977,-27328995.229492,7173.694750,-13.446311
30133.928571,114228409.040894,-27394305.542542,7169.856632,-13.486402
30208.333333,114224845.849426,-27493115.200928,7171.054070,-13.533667
30273.437500,114171558.540100,-27533443.222900,7168.468589,-13.558879
30381.944444,114147198.489807,-27611197.046143,7168.137488,-13.598544
30468.750000,114090701.138428,-27668119.307922,7165.603806,-13.632030
30539.772727,114035713.315735,-27730910.503662,7163.246739,-13.668149
30598.958333,114006298.868774,-27800833.865356,7162.512139,-13.704718
30649.038462,113994290.979370,-27830254.145386,7162.225763,-13.720064
30691.964286,113990455.670044,-27877927.411011,7162.689056,-13.743121
30729.166667,113971111.495056,-27879754.317505,7161.568647,-13.746232
30761.718750,113920703.071960,-27936509.332153,7159.404296,-13.779013
31250.000000,113710565.851929,-28309791.767883,7152.418071,-13.980754
31738.281250,113494755.579285,-28739078.395264,7146.023311,-14.210140
31770.833333,113425419.434570,-28824721.593994,7143.206516,-14.259121
31808.035714,113456056.348450,-28817842.599365,7144.915532,-14.252164
31850.961538,113432338.801941,-28865819.693542,7144.234068,-14.277785
31901.041667,113406778.695679,-28883600.338745,7142.989933,-14.289308
31960.227273,113383068.627808,-28921198.018005,7142.154373,-14.310014
32031.250000,113351788.145142,-28947593.948059,7140.702840,-14.326327
32118.055556,113314340.783508,-29047706.832214,7140.003173,-14.378378
32226.562500,113253706.002625,-29123126.140320,7137.563248,-14.421552
32291.666667,113063085.775208,-29444990.051575,7131.221340,-14.597708
32366.071429,113152335.554382,-29264081.816711,7133.720365,-14.500854
32451.923077,113129967.375732,-29355362.074463,7133.795900,-14.546923
32552.083333,113083290.843018,-29407953.661865,7131.845505,-14.577635
32670.454545,113034200.292786,-29536851.714478,7130.930668,-14.644876
32812.500000,112960478.784851,-29654592.411926,7128.398601,-14.709908
32924.107143,112914041.881226,-29739057.327148,7126.968480,-14.755784
32986.111111,112874872.912659,-29792437.924316,7125.487393,-14.786016
33052.884615,112836473.594177,-29865779.008972,7124.365343,-14.825636
33203.125000,112765334.144714,-29977388.989807,7121.914988,-14.887557
33333.333333,112669757.884949,-30117553.857300,7118.481788,-14.966172
33380.681818,112660100.770630,-30111004.543152,7117.809112,-14.964288
33482.142857,112568574.652527,-30250427.631531,7114.615992,-15.042116
33593.750000,112538676.294434,-30334031.060852,7114.179976,-15.085621
33653.846154,112416888.915344,-30484755.324890,7109.405107,-15.172802
33854.166667,112401418.587769,-30583393.996277,7110.072075,-15.221621
34040.178571,112294150.228271,-30740235.498596,7106.276251,-15.309960
34090.909091,112287045.645447,-30751706.232056,7106.042900,-15.316329
34179.687500,112235421.562988,-30810013.075562,7103.945153,-15.350727
34254.807692,112235673.684326,-30886998.768677,7105.205345,-15.387235
34375.000000,112154811.228577,-30974363.083008,7101.864460,-15.439281
34505.208333,112083326.635437,-31100201.746155,7099.708571,-15.508405
34598.214286,112043058.779724,-31172595.036438,7098.523353,-15.548078
34722.222222,111972293.992798,-31284096.420593,7096.190523,-15.610367
34801.136364,111922652.607544,-31338416.165222,7094.165610,-15.642743
34855.769231,111897025.037476,-31405551.563599,7093.765534,-15.678022
35156.250000,111744505.021118,-31629732.968140,7088.517426,-15.804846
35456.730769,111580542.265930,-31920528.970398,7083.749730,-15.965032
35511.363636,111546236.802185,-31954508.693481,7082.307495,-15.985823
35590.277778,111519269.250671,-32020555.145203,7081.836627,-16.020846
35714.285714,111453132.996521,-32114724.941956,7079.546038,-16.074575
35807.291667,111396359.489197,-32204830.763062,7077.741768,-16.125125
35937.500000,111323309.776489,-32309976.515198,7075.244711,-16.185082
36057.692308,111269500.130615,-32398645.692261,7073.601668,-16.234599
36132.812500,111210262.717407,-32467365.566528,7071.304569,-16.275421
36221.590909,111170065.311035,-32525639.264648,7069.947344,-16.308665
36272.321429,111152182.198120,-32551202.864075,7069.338105,-16.323287
36458.333333,111013105.584167,-32754441.845886,7064.692330,-16.439191
36658.653846,110896275.478394,-32929430.965149,7060.886066,-16.538696
36718.750000,110895951.088379,-32911577.695984,7060.556971,-16.530265
36830.357143,110833862.245361,-33041876.958984,7059.191998,-16.600902
36931.818182,110792387.116516,-33117365.575867,7058.084232,-16.642618
37109.375000,110692336.368896,-33230978.050842,7054.224236,-16.710790
37259.615385,110444463.586121,-33606228.252930,7046.368449,-16.924544
37326.388889,110562547.698486,-33405595.042725,7049.712467,-16.812270
37500.000000,110479789.787354,-33551884.193970,7047.466707,-16.893641
37642.045455,110417089.540649,-33653594.931946,7045.612346,-16.950993
37760.416667,110338959.558655,-33756320.670532,7042.882582,-17.011098
37860.576923,110265367.119751,-33849332.724548,7040.251315,-17.065976
37946.428571,110223757.838562,-33897240.319580,7038.682452,-17.094798
38085.937500,110154431.857178,-34035242.741760,7037.120050,-17.170479
38194.444444,110087316.713745,-34099418.181458,7034.364203,-17.210814
38281.250000,110067941.302856,-34135202.143982,7033.881204,-17.230660
38352.272727,110037703.060425,-34152672.406677,7032.434414,-17.243412
38411.458333,109950951.461548,-34266653.281799,7029.444364,-17.310365
38461.538462,109937929.143433,-34340256.044739,7030.023668,-17.347249
39062.500000,109600566.693848,-34726101.656494,7017.448753,-17.580926
39713.541667,109192374.348145,-35289220.107361,7004.195041,-17.910527
39772.727273,109098665.114563,-35439171.575256,7001.574937,-17.996192
39843.750000,109159301.598328,-35333452.908264,7003.105190,-17.936625
39930.555556,109111471.942932,-35413978.059509,7001.843519,-17.982248
40039.062500,109053893.825806,-35478492.631226,6999.718094,-18.021788
40178.571429,108965441.852051,-35587004.311096,6996.637672,-18.087044
40364.583333,108863371.783142,-35727482.913818,6993.384669,-18.169671
40482.954545,108794456.027100,-35830765.730042,6991.357556,-18.229509
40625.000000,108696655.565125,-35956748.413086,6988.099135,-18.304705
40798.611111,108597830.788086,-36071212.469299,6984.571777,-18.374660
41015.625000,108496471.180420,-36218652.002747,6981.545130,-18.460756
41193.181818,108389073.976379,-36350461.700256,6977.881486,-18.540463
41294.642857,108334007.218567,-36439611.096619,6976.427769,-18.591612
41406.250000,108261864.447632,-36536902.899780,6974.150942,-18.649387
41666.666667,108094295.061340,-36725175.401245,6968.149029,-18.765812
41903.409091,107969531.421936,-36907916.281494,6964.538906,-18.872852
41992.187500,107929251.970642,-36944379.102783,6962.933026,-18.896726
42187.500000,107791097.338257,-37114563.539978,6958.330319,-19.000139
42317.708333,107719492.890991,-37215325.949036,6956.203943,-19.059758
42410.714286,107663045.968872,-37274405.201904,6954.126464,-19.097110
42534.722222,107600545.470886,-37350596.896851,6952.045313,-19.143616
42613.636364,107565165.223450,-37392065.104248,6950.835930,-19.169164
42968.750000,107336061.018066,-37688792.482788,6943.608156,-19.348219
43323.863636,107070809.723816,-37990232.558105,6934.465141,-19.535979
43402.777778,107070613.848145,-37985275.118774,6934.352697,-19.533655
43526.785714,107004926.633789,-38050050.524902,6931.897863,-19.575535
43750.000000,106847667.227844,-38244368.695374,6926.842704,-19.694575
43945.312500,106751477.561035,-38379079.283875,6924.092721,-19.775008
44034.090909,106486698.459290,-38661669.710938,6914.753913,-19.954813
44270.833333,106538193.181885,-38575118.856812,6915.908080,-19.904786
44531.250000,106410973.611389,-38743423.705750,6912.115156,-20.006769
44642.857143,106328690.710083,-38829932.095947,6909.205624,-20.062164
44744.318182,106254612.111206,-38921270.191162,6906.874162,-20.118474
44921.875000,106164768.583435,-39018989.876099,6903.780535,-20.180610
45138.888889,106021667.464233,-39176819.714172,6898.916044,-20.280732
45312.500000,105929181.278625,-39259879.394348,6895.381390,-20.336506
45454.545455,105811124.439209,-39384904.290894,6891.283454,-20.416822
45572.916667,105761866.028992,-39469384.977783,6890.267004,-20.465729
45758.928571,105654137.446472,-39573156.272217,6886.326065,-20.534233
45898.437500,105569957.452942,-39658112.002258,6883.336462,-20.589656
46006.944444,105490545.752441,-39773151.757935,6881.273249,-20.658582
46093.750000,105437057.079224,-39827808.582458,6879.396637,-20.694174
46164.772727,105396571.365417,-39870188.471863,6877.999802,-20.721607
46875.000000,104962839.598694,-40334040.475037,6863.349527,-21.020876
47656.250000,104416879.086060,-40923110.451111,6845.291636,-21.401860
47743.055556,104415841.997375,-40934956.569824,6845.496575,-21.407688
47851.562500,104368004.933899,-40971100.916443,6843.584114,-21.433807
47991.071429,104269348.065369,-41072061.743042,6840.235252,-21.500288
48177.083333,104145215.711731,-41206376.524841,6836.198282,-21.587494
48437.500000,103978389.668213,-41360268.643188,6830.197150,-21.692192
48611.111111,103749977.416138,-41606616.004395,6822.827162,-21.852798
48828.125000,103737304.450867,-41617403.119934,6822.354351,-21.860348
49107.142857,103555983.843689,-41805062.227112,6816.363581,-21.984346
49218.750000,103476105.790100,-41884683.207703,6813.664743,-22.037589
49479.166667,103305388.525635,-42031698.926880,6807.383778,-22.140508
49804.687500,103117305.245544,-42245286.425598,6801.683114,-22.278678
50000.000000,102986075.251465,-42366349.194092,6797.079591,-22.361916
50223.214286,102852245.181946,-42473693.102783,6792.024096,-22.439248
50347.222222,102781932.736145,-42564602.315857,6790.178679,-22.496349
50781.250000,102502461.491150,-42841870.052063,6780.929986,-22.683618
51215.277778,102231163.088684,-43066131.294861,6770.956866,-22.844530
51339.285714,102123205.270630,-43186447.463928,6767.741696,-22.923485
51562.500000,101998015.299622,-43263115.787964,6762.530486,-22.985220
51757.812500,101858676.214233,-43429022.017395,6758.666860,-23.092407
52083.333333,101632389.799011,-43627375.158386,6750.730311,-23.232910
52455.357143,101405114.844055,-43853158.067261,6743.443440,-23.387004
52734.375000,101233525.792419,-44006111.844238,6737.548224,-23.495229
52951.388889,101013578.095459,-44170005.926636,6729.239959,-23.618917
53125.000000,100949032.003479,-44230338.944275,6727.107466,-23.661099
53385.416667,100800144.003784,-44376577.902710,6722.376223,-23.761868
53571.428571,100684219.883667,-44469490.373108,6718.190185,-23.830451
53710.937500,100572649.666504,-44564736.288086,6714.314448,-23.899311
53819.444444,100247940.763550,-44814104.685181,6702.396540,-24.086914
54687.500000,99958482.980896,-45078075.166870,6692.878538,-24.274566
55555.555556,99366966.073975,-45583292.812683,6672.781345,-24.643397
55664.062500,99339884.855347,-45599256.222168,6671.685382,-24.656922
55803.571429,99223614.549255,-45697653.985107,6667.746435,-24.729267
55989.583333,99122272.350464,-45789211.419495,6664.470172,-24.795154
56250.000000,98919714.033081,-45930394.868652,6656.872851,-24.907116
56423.611111,98831403.765564,-45994596.592957,6653.636809,-24.957271
56640.625000,98697161.722351,-46147431.223328,6650.154822,-25.059928
56919.642857,98505629.279907,-46272331.877930,6642.804254,-25.162206
57291.666667,98220660.473877,-46498739.261658,6632.966427,-25.334136
57617.187500,98019658.855408,-46677186.739075,6626.555380,-25.464648
57812.500000,97884823.294495,-46779319.119202,6621.811451,-25.543966
58035.714286,97736925.121704,-46886013.373352,6616.481769,-25.628557
58593.750000,97373085.106140,-47192769.763672,6604.610252,-25.858342
59151.785714,96987433.087585,-47426118.845642,6589.680190,-26.059051
59375.000000,96860218.745544,-47588110.921448,6587.059624,-26.165985
59570.312500,96706349.716064,-47690094.654175,6581.382397,-26.250679
59895.833333,96494953.278442,-47810802.087769,6573.080171,-26.358026
60267.857143,96270250.332397,-47977927.050171,6565.337244,-26.490938
60546.875000,96073804.477234,-48121751.975098,6558.534598,-26.606303
60937.500000,95819374.471069,-48315040.586365,6549.956324,-26.759419
61197.916667,95649966.342590,-48383766.861633,6542.617526,-26.832992
61383.928571,95534062.104858,-48500164.671631,6539.518572,-26.916517
61523.437500,95408588.636780,-48584301.458252,6535.019337,-26.987062
62500.000000,94788119.590820,-48961070.568176,6511.815843,-27.318594
63476.562500,94153232.971680,-49444147.194153,6491.066709,-27.706825
63616.071429,94035619.720642,-49417453.726379,6483.953792,-27.723572
63802.083333,93879051.242554,-49511569.995789,6478.173668,-27.807869
64062.500000,93757769.077759,-49619987.775574,6474.719525,-27.890228
64453.125000,93475948.897400,-49730484.577820,6462.685956,-28.014415
64732.142857,93331885.807495,-49912962.235962,6460.169362,-28.138257
65104.166667,92989186.704468,-50016790.348877,6444.731210,-28.275641
65625.000000,92652647.370728,-50330884.562561,6435.777260,-28.512589
65848.214286,92580914.139709,-50423329.307800,6434.627161,-28.575350
66406.250000,92179699.943481,-50637765.983215,6419.423324,-28.782492
66964.285714,91771119.688965,-50882661.368530,6404.811804,-29.007111
67187.500000,91599457.267883,-51007432.062439,6399.351930,-29.112237
67708.333333,91216988.110840,-51135453.716919,6382.783681,-29.275476
68080.357143,90910149.340942,-51413522.164856,6374.791559,-29.490859
68359.375000,90801947.917725,-51504366.332153,6371.777603,-29.563496
68750.000000,90518727.152649,-51681479.933167,6362.100010,-29.724994
69010.416667,90351761.241455,-51733671.162720,6354.834131,-29.795497
69196.428571,89864067.273315,-52083514.488464,6339.699545,-30.096658
70312.500000,89509181.602600,-52235515.913025,6325.639039,-30.267753
71428.571429,88686684.112061,-52727029.253113,6297.608880,-30.733724
71614.583333,88626613.181885,-52743307.491150,6294.965604,-30.758553
71875.000000,88433196.749573,-52879257.744629,6289.078080,-30.878524
72265.625000,88197314.246887,-52974931.763611,6279.730338,-30.991672
72544.642857,87995611.560059,-53073021.900146,6272.269708,-31.096465
72916.666667,87584496.728699,-53242012.157837,6256.147334,-31.296053
73437.500000,87345151.093994,-53411609.972290,6249.062735,-31.446737
74218.750000,86904218.214844,-53625053.825867,6232.949497,-31.677980
75000.000000,86329530.977905,-53858948.513611,6210.670170,-31.960004
75520.833333,85879210.913879,-54077739.102539,6194.472833,-32.199380
76171.875000,85546131.939148,-54306810.377014,6184.761092,-32.409351
76562.500000,85238193.864197,-54437081.651611,6173.177264,-32.565158
76822.916667,85121808.816040,-54492214.310425,6169.005121,-32.627013
78125.000000,84265589.335571,-54901063.115784,6138.642105,-33.086189
79427.083333,83312485.492493,-55281055.087769,6102.775677,-33.566802
79687.500000,83187390.130615,-55257482.573914,6095.618677,-33.595215
80078.125000,82979053.624084,-55448566.219604,6091.502698,-33.752778
80729.166667,82465874.429016,-55543527.378113,6068.720179,-33.962588
81250.000000,82136498.575928,-55715805.962463,6057.952707,-34.151303
82031.250000,81729970.136719,-55891888.904846,6043.494449,-34.367692
82812.500000,81107122.151184,-56108501.907776,6019.664169,-34.675836
83333.333333,80745527.322266,-56198728.403687,6004.670806,-34.838868
83984.375000,80424777.825684,-56401638.458191,5995.715090,-35.042889
84375.000000,80116679.186218,-56423294.380676,5981.089223,-35.156695
84635.416667,80027591.718384,-56522256.950623,5980.126958,-35.234012
85937.500000,79195455.126221,-56796768.879700,5948.461651,-35.648086
87500.000000,77827638.165710,-57183433.719421,5894.762518,-36.307454
87890.625000,77935501.580078,-57200247.622253,5900.676499,-36.277632
88541.666667,77352489.933594,-57336630.292725,5876.979686,-36.548338
89062.500000,77096100.606934,-57401988.017639,5866.796522,-36.670649
89843.750000,76679954.743103,-57533975.597961,5851.274214,-36.882465
90625.000000,76116692.605225,-57649475.283142,5828.064675,-37.140758
91145.833333,75767778.570007,-57757710.381592,5815.104581,-37.319342
91796.875000,75427338.817688,-57924415.268982,5804.784589,-37.523563
92187.500000,75133388.427490,-57927778.380493,5790.690288,-37.633302
93750.000000,74212341.269653,-58273606.431519,5759.283373,-38.141119
95312.500000,73119587.934448,-58436504.013550,5713.175551,-38.632667
95703.125000,73010909.953125,-58540104.601013,5711.948728,-38.723760
96354.166667,72620153.637329,-58528418.614807,5692.912811,-38.868322
96875.000000,71779860.881409,-58756927.939209,5661.895016,-39.303928
97656.250000,71857729.629150,-58751443.478088,5665.361741,-39.270860
98437.500000,71312533.723083,-58811456.957825,5641.968637,-39.513573
98958.333333,71010569.158569,-58919891.056763,5631.985491,-39.684822
99609.375000,70671143.381348,-59006694.279724,5619.451464,-39.861285
100000.000000,70326704.183777,-59035576.953491,5604.463042,-40.012875
101562.500000,69508862.088196,-59234983.492676,5574.208948,-40.438605
103515.625000,68369007.170105,-59389025.884888,5527.601382,-40.980560
104166.666667,67990153.398438,-59394821.692810,5510.397530,-41.141018
105468.750000,67226410.928162,-59562333.432068,5482.151194,-41.542041
106770.833333,66526105.749573,-59567942.718445,5450.459707,-41.842723
107421.875000,66151874.125854,-59666370.278015,5437.485905,-42.050449
109375.000000,64997786.073547,-59749582.103638,5388.820363,-42.592206
111328.125000,63963242.058594,-59903719.444458,5348.929953,-43.124175
111979.166667,63583537.349731,-59928326.510315,5333.067587,-43.306160
113281.250000,62965838.974487,-59912948.050110,5305.046897,-43.578080
114583.333333,62277302.112732,-59938191.040100,5275.748813,-43.904831
115234.375000,61872529.033203,-60025525.044067,5261.686122,-44.133220
117187.500000,60931256.093079,-59970216.759460,5218.234941,-44.545882
119140.625000,59781711.380493,-60039606.127441,5171.462898,-45.124650
119791.666667,59549413.150940,-59992669.207703,5159.434685,-45.213782
121093.750000,58895775.667542,-60051611.352783,5133.974719,-45.558081
122395.833333,58176209.290466,-60029538.858765,5102.350477,-45.899612
123046.875000,57873506.397583,-60041616.386475,5090.040357,-46.054739
125000.000000,57018153.205444,-59957064.080261,5050.207274,-46.440579
126953.125000,56062122.680603,-59922845.053772,5008.647701,-46.907850
127604.166667,55685109.046814,-59875386.809875,4990.832973,-47.078050
128906.250000,55058284.471924,-59941853.494995,4967.843615,-47.433047
130208.333333,54406736.660156,-59821289.186768,4935.581688,-47.715268
132812.500000,53297716.982605,-59731236.350647,4886.190540,-48.259139
135416.666667,52090282.456543,-59432691.693909,4823.717558,-48.768221
136718.750000,51545820.762451,-59480914.081726,4804.102275,-49.089433
138020.833333,50934393.399597,-59289437.882263,4770.873724,-49.336226
140625.000000,49951427.086426,-59193016.415405,4727.496703,-49.841332
143229.166667,48684692.111206,-58966868.706482,4667.353154,-50.457457
144531.250000,48363265.155579,-58910566.849121,4652.230334,-50.616840
145833.333333,47376975.808655,-58700956.780823,4604.303630,-51.094842
148437.500000,46802032.873413,-58600719.202942,4577.562613,-51.388563
151041.666667,45608285.876282,-58301305.769287,4518.041611,-51.965964
152343.750000,45300097.715515,-58266476.788086,4504.797134,-52.137752
153645.833333,44658276.354248,-58035330.153748,4469.669339,-52.423208
156250.000000,43800642.766541,-57944777.924988,4433.529067,-52.915810
158854.166667,42727668.195496,-57447251.142517,4369.943781,-53.360729
160156.250000,42422050.878052,-57546467.318298,4363.709886,-53.604718
161458.333333,41448527.833252,-57099608.683899,4306.612962,-54.025747
164062.500000,41178172.619324,-57081404.740601,4296.038739,-54.195151
166666.666667,40107583.706238,-56647914.418335,4236.516337,-54.702540
167968.750000,39870322.788452,-56678710.750183,4229.701981,-54.877362
169270.833333,39235871.538147,-56427522.757690,4194.943782,-55.189496
171875.000000,38669271.513367,-56240039.880249,4165.862462,-55.490178
175781.250000,37405147.581848,-55858515.034180,4103.267232,-56.193774
179687.500000,36222172.277893,-55470745.048523,4043.696434,-56.857303
183593.750000,35176812.408508,-54972630.014954,3983.523973,-57.386643
187500.000000,34084313.230408,-54542683.385925,3925.702873,-58.000002
191406.250000,33027527.388000,-54105911.551270,3869.124658,-58.600850
195312.500000,32086366.781372,-53592136.624207,3812.567858,-59.092192
199218.750000,31174909.943970,-53110921.233154,3758.931481,-59.589787
203125.000000,30159879.099060,-52713665.274231,3706.886662,-60.225945
207031.250000,29276200.390503,-52224550.423035,3654.328468,-60.727538
210937.500000,28446009.788574,-51760651.777527,3604.979110,-61.210008
214843.750000,27693572.957825,-51207407.293274,3553.346764,-61.596768
218750.000000,26869620.513184,-50719612.127930,3503.363020,-62.088626
222656.250000,26048426.880737,-50316178.724609,3458.294358,-62.631477
226562.500000,25414731.525269,-49804605.269653,3412.841283,-62.967146
230468.750000,24658926.410095,-49364227.506470,3368.054346,-63.458355
234375.000000,23889426.117554,-48927960.905273,3323.380228,-63.977613
238281.250000,23270303.537598,-48371888.919983,3276.355895,-64.311048
242187.500000,22719623.763000,-47973032.567383,3239.906346,-64.660066
246093.750000,21972908.940369,-47535361.626404,3196.393548,-65.193492
250000.000000,21515986.338989,-47052438.024780,3157.962159,-65.428413
253906.250000,20924950.599365,-46578374.703430,3116.714519,-65.810334
257812.500000,20366252.735596,-46183709.663452,3080.839701,-66.205266
265625.000000,19197577.050415,-45192995.298767,2997.007002,-66.986628
273437.500000,18288479.536255,-44227819.907043,2921.224673,-67.536592
281250.000000,17305340.741943,-43468282.481384,2855.701845,-68.293810
289062.500000,16462234.743408,-42679109.954468,2792.076103,-68.909351
296875.000000,15603737.911377,-41923013.430847,2730.351505,-69.586795
304687.500000,14845698.581360,-41172997.717896,2671.449198,-70.174347
312500.000000,14188237.142578,-40440670.394409,2615.885914,-70.669132
320312.500000,13498827.075378,-39722554.428467,2560.719121,-71.232914
328125.000000,12816486.317505,-39035395.090759,2507.740959,-71.825565
335937.500000,12258730.539001,-38328488.289978,2456.199331,-72.266119
343750.000000,11683198.169434,-37649165.409241,2406.095061,-72.762110
351562.500000,11077950.929138,-36972310.960632,2355.801830,-73.322458
359375.000000,10681329.119507,-36336230.921936,2311.693972,-73.621045
367187.500000,10143960.977722,-35746483.910522,2268.008698,-74.159567
375000.000000,9751683.518860,-35147491.593872,2226.338546,-74.495504
382812.500000,9327569.846558,-34583462.477661,2186.300893,-74.908023
390625.000000,8915752.400879,-34037880.743652,2147.660146,-75.324144
398437.500000,8493489.248230,-33501025.527771,2109.496306,-75.775835
406250.000000,8120417.698792,-32977504.628113,2072.974778,-76.168881
414062.500000,7781659.068054,-32468704.772339,2037.915381,-76.524595
421875.000000,7498923.027466,-31959516.389709,2003.692533,-76.797361
429687.500000,7147175.480957,-31450314.712646,1968.578150,-77.199091
437500.000000,6790902.480286,-30880539.795410,1929.893726,-77.599854
445312.500000,6550036.305969,-30570353.799561,1908.272890,-77.908891
453125.000000,6205528.827637,-30128357.967102,1877.547260,-78.363876
460937.500000,5967738.579834,-29668502.435547,1847.147947,-78.629194
468750.000000,5795548.509766,-29237429.322754,1819.287837,-78.790290
476562.500000,5473476.122498,-28792669.028015,1788.891556,-79.238860
484375.000000,5179290.757080,-28142041.635132,1746.554391,-79.574264
492187.500000,4999140.626953,-27948509.652344,1732.968346,-79.861125
500000.000000,4807826.362305,-27545385.071899,1706.706198,-80.101581
