Barrido en f -> f_inicial:5000, f_final:500000, step: 10
Parametros -> M:128,	N:128, Modo:0,	Fuente:1
Formato -> f,x,y,r,phi

5000.000000,121495594.328491,-2944134.196960,7417.905873,-1.388186
5010.190217,121498592.324219,-2951905.837219,7418.100314,-1.391814
5022.321429,121508874.249939,-2968591.424255,7418.752511,-1.399560
5029.965753,121502103.617554,-2973808.160828,7418.347159,-1.402096
5040.322581,121488902.099304,-2995211.945618,7417.573703,-1.412337
5049.542683,121494280.187866,-2997379.752686,7417.905128,-1.413297
5060.369318,121493115.722046,-3006703.893982,7417.848133,-1.417705
5069.813830,121492317.415161,-3022507.751160,7417.823349,-1.425163
5078.125000,121496908.685547,-3025403.865662,7418.107899,-1.426474
5089.962121,121489901.428650,-3038281.836487,7417.699939,-1.432626
5099.826389,121488685.602600,-3048147.008423,7417.640830,-1.437290
5108.173077,121492221.811584,-3046777.317749,7417.854505,-1.436603
5118.534483,121490655.033569,-3062342.334290,7417.782783,-1.443957
5129.419192,121487526.095337,-3075594.115540,7417.612289,-1.450240
5139.802632,121482165.770996,-3076860.368591,7417.287172,-1.450901
5149.147727,121492523.689453,-3092263.702271,7417.943048,-1.458037
5159.198113,121479840.458008,-3109144.949524,7417.195443,-1.466147
5170.036765,121491154.590698,-3121456.684998,7417.905061,-1.471813
5180.027174,121481883.131409,-3132933.522278,7417.357372,-1.477335
5181.760204,121478410.372864,-3120433.314148,7417.125844,-1.471485
5208.333333,121477088.050232,-3149193.514038,7417.090446,-1.485057
5235.180412,121480970.766724,-3184697.168030,7417.383830,-1.501744
5240.091463,121478288.221680,-3184842.620667,7417.220384,-1.501846
5249.023438,121473377.148315,-3196257.454224,7416.939024,-1.507287
5261.479592,121478124.147461,-3204405.493408,7417.241764,-1.511068
5271.084337,121476620.119202,-3240919.733704,7417.209099,-1.528298
5278.716216,121481323.942688,-3212425.486450,7417.449926,-1.514809
5289.713542,121477768.841248,-3232013.132874,7417.264710,-1.524085
5301.339286,121471560.113586,-3241066.540588,7416.900600,-1.528431
5308.493590,121470895.407532,-3252348.222900,7416.878442,-1.533757
5319.148936,121471290.542969,-3258335.321838,7416.912341,-1.536574
5330.882353,121474904.895813,-3279023.940247,7417.166838,-1.546280
5340.189873,121473975.775940,-3288595.225342,7417.125935,-1.550803
5349.864130,121471962.294739,-3294960.037903,7417.013606,-1.553828
5359.738372,121469339.752380,-3301678.693665,7416.864724,-1.557029
5371.093750,121474579.788025,-3308914.190857,7417.196455,-1.560372
5379.098361,121468309.044922,-3320191.752197,7416.832625,-1.565768
5391.725352,121469889.734192,-3323584.675598,7416.934731,-1.567347
5399.816176,121463508.568237,-3342979.719727,7416.577865,-1.576572
5408.653846,121456598.418640,-3353388.790466,7416.173757,-1.581568
5420.918367,121472484.836243,-3358947.267090,7417.152417,-1.583981
5430.640244,121460916.069763,-3366015.019470,7416.458502,-1.587464
5440.848214,121463383.838623,-3375430.602600,7416.625012,-1.591870
5450.581395,121454305.637146,-3393005.440369,7416.100998,-1.600273
5460.349462,121450379.889099,-3394156.351624,7415.863438,-1.600867
5468.750000,121466696.193176,-3404360.729248,7416.876371,-1.605462
5480.410448,121455251.882507,-3410442.467773,7416.188529,-1.608480
5489.864865,121464646.720764,-3427197.723450,7416.790510,-1.616254
5501.760563,121453676.729736,-3440122.352356,7416.143495,-1.622492
5508.814103,121465435.067200,-3452469.200378,7416.882274,-1.628155
5519.701087,121453561.285339,-3458044.991333,7416.167505,-1.630942
5530.196629,121453977.916443,-3470560.404053,7416.214705,-1.636836
5539.772727,121458837.179688,-3470352.203247,7416.510816,-1.636672
5550.986842,121450779.110352,-3486891.484619,7416.048079,-1.644577
5558.894231,121452888.017517,-3493751.684692,7416.188775,-1.647782
5567.528736,121454391.747070,-3559472.974670,7416.396950,-1.678741
5580.357143,121458470.924805,-3516998.430847,7416.570332,-1.658664
5593.039773,121447142.016357,-3528286.705322,7415.899116,-1.664140
5598.958333,121451509.881165,-3541805.802734,7416.189612,-1.670453
5608.974359,121443012.620117,-3555313.510010,7415.695266,-1.676937
5619.517544,121450398.460876,-3549791.406494,7416.136028,-1.674232
5629.595588,121448654.841736,-3569752.348694,7416.065344,-1.683665
5642.361111,121453688.286865,-3576505.614258,7416.384559,-1.686779
5649.038462,121437345.564087,-3583267.553223,7415.399642,-1.690193
5661.231884,121444756.777710,-3597654.226379,7415.877753,-1.696872
5670.362903,121448177.267517,-3608767.411255,7416.106554,-1.702063
5681.818182,121439903.018921,-3619641.521423,7415.621486,-1.707305
5690.586420,121442481.005920,-3626242.086243,7415.790782,-1.710380
5701.013514,121435536.756104,-3643645.316223,7415.398897,-1.718682
5709.134615,121435493.542786,-3639827.777649,7415.389276,-1.716883
5719.866071,121439804.389771,-3661992.838684,7415.692933,-1.727270
5729.166667,121425535.238586,-3669819.400574,7414.836798,-1.731163
5739.795918,121432227.550171,-3670457.616272,7415.246267,-1.731368
5750.868056,121440867.030090,-3690900.301025,7415.811155,-1.740882
5761.718750,121428216.704102,-3690717.772156,7415.039035,-1.740977
5770.596591,121426920.261536,-3711647.879944,7414.998862,-1.750862
5779.109589,121425847.118164,-3712514.344971,7414.935007,-1.751286
5790.441176,121428590.697144,-3725513.920044,7415.126679,-1.757375
5800.189394,121435259.697083,-3731824.137390,7415.545364,-1.760253
5809.294872,121424775.467163,-3740514.949951,7414.922054,-1.764502
5821.078431,121425765.271179,-3749513.240051,7414.999371,-1.768730
5830.223881,121418881.348267,-3758956.745056,7414.597211,-1.773282
5836.925287,121421666.886841,-3768331.354614,7414.784878,-1.777661
5859.375000,121425970.839050,-3791775.109314,7415.091976,-1.788650
5882.352941,121424277.836121,-3819703.434692,7415.042093,-1.801841
5889.423077,121419692.367004,-3821507.355286,7414.765811,-1.802759
5899.234694,121409668.510681,-3821197.771729,7414.153693,-1.802762
5909.455128,121417565.127319,-3839328.526184,7414.670333,-1.811192
5918.560606,121427980.724487,-3849013.118347,7415.324457,-1.815602
5929.969880,121414568.044373,-3860368.752014,7414.528192,-1.821156
5941.901408,121407882.413696,-3874993.060303,7414.148749,-1.828151
5952.380952,121420207.885925,-3887966.900269,7414.925978,-1.834082
5958.686441,121416667.290588,-3888142.862793,7414.710325,-1.834218
5967.881944,121409344.837036,-3905276.609558,7414.297161,-1.842406
5979.938272,121403876.149536,-3964339.118042,7414.080321,-1.870335
5989.583333,121411299.794922,-3926089.067871,7414.457373,-1.852188
6000.905797,121412604.361450,-3932143.361328,7414.548911,-1.855023
6009.615385,121423287.205688,-3934336.632507,7415.204952,-1.855894
6019.467213,121406833.624573,-3946410.952698,7414.225108,-1.861837
6030.701754,121412778.029358,-3951947.356445,7414.598732,-1.864356
6041.666667,121412005.902893,-3971788.754883,7414.591126,-1.873722
6048.387097,121400293.662537,-3986044.273438,7413.905131,-1.880623
6058.673469,121395594.138000,-3987774.024048,7413.621906,-1.881512
6064.967105,121410709.303955,-3993113.815491,7414.554700,-1.883795
6076.388889,121401102.434387,-4016557.787598,7414.015821,-1.894997
6089.154412,121390902.323914,-4020765.272034,7413.402075,-1.897140
6100.171233,121399496.297852,-4037682.610596,7413.960590,-1.904981
6109.775641,121398598.951904,-4053059.423767,7413.937107,-1.912245
6119.791667,121398882.188110,-4051582.192322,7413.951377,-1.911544
6129.807692,121391762.625000,-4051613.983704,7413.517127,-1.911671
6138.392857,121388233.466248,-4076361.001465,7413.352379,-1.923394
6150.265957,121406569.743896,-4079029.858704,7414.476409,-1.924362
6159.855769,121390006.721252,-4093439.195068,7413.495610,-1.931418
6167.763158,121384268.967163,-4099768.000183,7413.158623,-1.934493
6180.037313,121395167.184875,-4108520.955872,7413.841491,-1.938446
6189.123377,121384267.817261,-4134787.358826,7413.231014,-1.951005
6200.396825,121383983.219360,-4128471.609619,7413.200539,-1.948032
6209.935897,121387830.478699,-4149526.392212,7413.479022,-1.957897
6221.064815,121387248.724060,-4161311.507324,7413.468144,-1.963462
6230.221519,121390579.063110,-4172325.392639,7413.694361,-1.968601
6250.000000,121381379.855652,-4181216.402649,7413.151863,-1.972942
6269.290123,121386140.842712,-4208057.403625,7413.498867,-1.985519
6270.559211,121385811.387634,-4209506.750793,7413.481835,-1.986208
6280.637255,121391131.967224,-4217202.520081,7413.822686,-1.989749
6290.584416,121365149.862549,-4269752.547791,7412.349853,-2.014954
6300.403226,121387720.116638,-4232521.674683,7413.647087,-1.997027
6310.096154,121378273.299194,-4240482.876465,7413.087781,-2.000936
6318.933824,121380993.658203,-4250955.560120,7413.276068,-2.005829
6330.818966,121384060.309082,-4263141.539001,7413.489202,-2.011523
6340.579710,121364132.001221,-4302447.583557,7412.358197,-2.030387
6347.656250,121377543.472534,-4277677.990662,7413.122876,-2.018485
6359.011628,121377637.240479,-4292621.593506,7413.160777,-2.025529
6370.192308,121370056.666199,-4299251.149780,7412.712685,-2.028781
6380.208333,121369529.293884,-4305064.353516,7412.693085,-2.031531
6392.045455,121373512.409363,-4313334.076111,7412.953959,-2.035363
6401.909722,121371652.090393,-4327520.091614,7412.871285,-2.042083
6410.256410,121362304.722229,-4340031.529480,7412.328364,-2.048139
6421.232877,121365667.583252,-4349999.789368,7412.555261,-2.052783
6428.006329,121371026.639282,-4365022.323730,7412.915051,-2.059775
6440.033784,121362076.821228,-4385608.373108,7412.414403,-2.069633
6448.412698,121366247.709167,-4382828.794189,7412.662691,-2.068251
6460.336538,121370749.532166,-4390617.738403,7412.954462,-2.071847
6469.726562,121359571.590088,-4396702.443481,7412.286076,-2.074907
6478.658537,121361584.647949,-4408978.725830,7412.436033,-2.080661
6490.384615,121366993.741272,-4415503.323425,7412.780439,-2.083644
6493.506494,121360340.115173,-4433206.189819,7412.413956,-2.092105
6510.416667,121361296.693909,-4437910.564636,7412.482791,-2.094307
6528.253425,121349232.759583,-4467980.645447,7411.814241,-2.108694
6529.850746,121350328.336609,-4488810.922913,7411.927956,-2.118497
6540.697674,121358096.854370,-4464159.190857,7412.346335,-2.106738
6548.713235,121349109.891052,-4467590.564209,7411.805871,-2.108512
6562.500000,121358683.901733,-4496894.091309,7412.455859,-2.122162
6569.602273,121346611.654114,-4512001.496643,7411.753716,-2.129497
6578.947368,121356733.974609,-4511219.523438,7412.369352,-2.128951
6591.796875,121342964.069397,-4525929.886658,7411.562871,-2.136129
6600.215517,121341031.397400,-4526863.631714,7411.447113,-2.136603
6610.576923,121347816.229309,-4535024.584473,7411.879537,-2.140332
6620.762712,121349274.496948,-4547294.927124,7411.996491,-2.146091
6628.787879,121343080.705688,-4558329.108459,7411.643957,-2.151404
6640.625000,121337726.117737,-4572105.483521,7411.348974,-2.157995
6648.936170,121337795.291687,-4583354.867432,7411.379079,-2.163298
6659.836066,121334785.649414,-4593520.141785,7411.218957,-2.168145
6669.207317,121346013.268799,-4598286.328735,7411.914777,-2.170192
6680.253623,121329702.794983,-4608891.404541,7410.944492,-2.175485
6696.428571,121339476.843262,-4634181.957581,7411.599392,-2.187235
6712.147887,121326269.819763,-4656128.375000,7410.845111,-2.197822
6718.750000,121329954.726379,-4652822.065308,7411.062125,-2.196196
6730.769231,121324758.528137,-4687510.939392,7410.826639,-2.212648
6740.196078,121327423.334839,-4676520.300293,7410.963302,-2.207417
6747.159091,121334823.039368,-4681602.798706,7411.426577,-2.209679
6760.817308,121331428.841431,-4695089.224121,7411.251343,-2.216100
6770.833333,121326600.971497,-4699019.094116,7410.966164,-2.218041
6780.660377,121330033.385986,-4714523.976929,7411.212197,-2.225290
6787.909836,121332815.091675,-4729124.748901,7411.416511,-2.232123
6799.768519,121322922.099792,-4728520.825500,7410.811695,-2.232020
6810.897436,121327060.589905,-4751284.704590,7411.118344,-2.242678
6820.436508,121330049.470398,-4756976.096008,7411.314238,-2.245307
6835.937500,121324402.647583,-4778629.869629,7411.021737,-2.255622
6849.315068,121315444.531067,-4796966.896484,7410.519521,-2.264435
6859.756098,121313982.756653,-4801910.939209,7410.442298,-2.266794
6869.612069,121325297.528809,-4812813.660828,7411.158725,-2.271724
6879.664179,121313019.818970,-4821155.949707,7410.430122,-2.275887
6893.382353,121316331.824707,-4823926.021240,7410.638833,-2.277131
6901.041667,121314441.232361,-4844454.518738,7410.573418,-2.286847
6911.057692,121314347.699646,-4846919.050598,7410.573718,-2.288011
6919.642857,121308970.780457,-4860290.401123,7410.278417,-2.294418
6930.443548,121315792.203735,-4867420.066223,7410.711875,-2.297651
6944.444444,121316142.383179,-4884474.014465,7410.775035,-2.305686
6960.227273,121307876.829163,-4888703.981262,7410.281331,-2.307838
6971.153846,121304652.605164,-4898903.125122,7410.109787,-2.312708
6981.382979,121302940.600708,-4923638.550232,7410.066454,-2.324406
6990.131579,121302744.434387,-4930227.209595,7410.070811,-2.327517
6998.697917,121303949.307007,-4940983.972839,7410.170984,-2.332566
7011.217949,121299463.072144,-4948596.046997,7409.916309,-2.336242
7019.927536,121300422.156799,-5013184.490906,7410.136544,-2.366681
7031.250000,121298038.410217,-4964414.464355,7409.868845,-2.343729
7042.253521,121301990.994080,-4984235.058350,7410.159466,-2.352999
7050.304878,121298400.887939,-4986109.792908,7409.945220,-2.353953
7061.298077,121288517.155273,-4993327.525757,7409.360564,-2.357548
7068.452381,121305747.461365,-5003300.283264,7410.436421,-2.361917
7080.078125,121296571.727600,-5015640.468994,7409.907918,-2.367914
7089.120370,121298904.174377,-5022194.876099,7410.066701,-2.370960
7102.272727,121289942.380371,-5043556.856934,7409.574225,-2.381209
7112.873134,121283436.325439,-5063481.159973,7409.228086,-2.390733
7118.055556,121291503.709106,-5053595.262390,7409.694923,-2.385912
7127.192982,121281877.166260,-5059514.923340,7409.122908,-2.388893
7139.008621,121286485.693298,-5070892.587585,7409.432931,-2.394168
7150.423729,121296968.704956,-5074180.989075,7410.080611,-2.395512
7161.458333,121283527.749023,-5090559.490356,7409.302787,-2.403501
7172.131148,121277478.328430,-5131207.675476,7409.038337,-2.422791
7179.054054,121273732.639709,-5119202.813293,7408.778977,-2.417204
7192.460317,121280557.889465,-5123730.720398,7409.206859,-2.419203
7199.754902,121280357.775452,-5138421.747375,7409.232559,-2.426136
7211.538462,121285963.863220,-5145482.189941,7409.592685,-2.429353
7220.643939,121280198.347839,-5166460.882446,7409.295479,-2.439362
7229.477612,121267121.519531,-5224176.890137,7408.648817,-2.466845
7240.853659,121270757.112366,-5178665.533325,7408.751481,-2.445307
7246.376812,121264303.826233,-5179799.412598,7408.360904,-2.445972
7264.254386,121263437.850281,-5201564.722961,7408.364909,-2.456255
7267.441860,121266857.611328,-5204751.298889,7408.581787,-2.457689
7279.829545,121274350.946777,-5215383.384338,7409.066591,-2.462551
7291.666667,121270838.634033,-5237256.319946,7408.909891,-2.472937
7300.204918,121270219.221008,-5230494.300598,7408.854322,-2.469761
7308.467742,121270718.167297,-5236312.606323,7408.900059,-2.472495
7316.468254,121269625.011169,-5250116.233154,7408.869792,-2.479027
7331.730769,121260929.863831,-5278317.198792,7408.414219,-2.492505
7339.015152,121262732.699829,-5268349.784851,7408.497723,-2.487767
7352.941176,121265235.562988,-5286103.692200,7408.697459,-2.496088
7359.601449,121266874.101990,-5294745.288025,7408.820365,-2.500130
7370.283019,121249926.764709,-5309127.389343,7407.825284,-2.507262
7378.472222,121265580.949890,-5313075.662720,7408.790399,-2.508801
7390.202703,121263184.663696,-5329969.753601,7408.689485,-2.516818
7401.315789,121253315.904541,-5343464.032166,7408.123923,-2.523387
7408.405172,121251837.127014,-5343568.497131,7408.034031,-2.523467
7421.875000,121250117.338196,-5367106.955505,7407.992557,-2.534604
7431.402439,121244423.252136,-5373597.794495,7407.662878,-2.537784
7440.476190,121246033.542419,-5388083.148682,7407.800268,-2.544583
7449.127907,121244097.985229,-5386727.142883,7407.678570,-2.543984
7457.386364,121246660.587097,-5391184.032532,7407.846908,-2.546032
7467.830882,121249804.341614,-5404185.356873,7408.073896,-2.552098
7480.053191,121249760.763123,-5428125.528625,7408.136446,-2.563389
7486.979167,121247940.057373,-5421716.180725,7408.007941,-2.560405
7500.000000,121238431.571472,-5439413.983643,7407.476488,-2.568953
7512.019231,121243804.003662,-5456137.612122,7407.849895,-2.576726
7517.688679,121240704.666260,-5470985.453552,7407.701710,-2.583795
7528.409091,121236333.381348,-5473975.698792,7407.443402,-2.585298
7538.377193,121232852.368835,-5477751.890564,7407.241547,-2.587153
7552.083333,121231290.884399,-5503660.808289,7407.217886,-2.599407
7560.483871,121239102.154846,-5503212.647278,7407.692932,-2.599028
7568.359375,121231154.042908,-5513922.804688,7407.237975,-2.604250
7579.291045,121234700.210571,-5525517.729980,7407.486388,-2.609643
7589.285714,121227691.983521,-5544292.666260,7407.111337,-2.618649
7601.351351,121227081.420105,-5550179.919373,7407.090535,-2.621439
7612.179487,121221548.291199,-5548937.610779,7406.749695,-2.620972
7621.951220,121226680.720276,-5566886.755737,7407.112811,-2.629327
7630.813953,121233438.741394,-5579373.288452,7407.559865,-2.635070
7638.888889,121223992.750000,-5587846.203613,7407.007715,-2.639271
7649.739583,121215011.076721,-5601601.498413,7406.498792,-2.645955
7659.313725,121220810.201416,-5597998.201172,7406.842227,-2.644129
7670.454545,121224390.555115,-5620298.469788,7407.123442,-2.654568
7680.084746,121222457.940247,-5625280.039490,7407.019696,-2.656960
7690.429688,121221749.426270,-5646803.200623,7407.037510,-2.667127
7694.128788,121211461.232666,-5638264.139282,7406.385994,-2.663325
7812.500000,121197446.568726,-5763498.852051,7405.890664,-2.722708
7934.570312,121187140.174683,-5883325.842529,7405.613351,-2.779463
7940.573770,121180815.703186,-5944935.080139,7405.411086,-2.808670
7949.561404,121183585.194519,-5906859.924927,7405.466416,-2.790646
7959.905660,121176072.176147,-5898989.291565,7404.985014,-2.787106
7968.750000,121175610.503601,-5918556.914734,7405.015038,-2.796347
7978.723404,121175875.886719,-5917046.502869,7405.026720,-2.795628
7990.056818,121171745.529297,-5936597.781616,7404.833215,-2.804946
7998.511905,121173453.768616,-5952361.506653,7404.984501,-2.812343
8007.812500,121173524.887390,-5965523.366028,7405.028296,-2.818550
8018.092105,121178932.327026,-5966416.409668,7405.360631,-2.818846
8029.513889,121164016.720581,-5971809.360413,7404.467525,-2.821736
8042.279412,121174025.934631,-5988116.794922,7405.126779,-2.829196
8049.242424,121175770.597107,-6001118.278259,7405.272348,-2.835288
8060.515873,121169550.512390,-6007528.338806,7404.912521,-2.838457
8068.647541,121162488.105652,-6020029.483887,7404.519808,-2.844519
8081.896552,121168729.764221,-6026806.439636,7404.920848,-2.847570
8091.517857,121169776.222351,-6044025.080017,7405.036926,-2.855667
8101.851852,121157181.727234,-6053746.697815,7404.298738,-2.860550
8107.311321,121163649.499146,-6052730.253967,7404.689924,-2.859918
8118.872549,121169113.116638,-6070095.887451,7405.075949,-2.867980
8131.377551,121169403.505676,-6074406.096313,7405.106818,-2.870006
8138.020833,121163602.633179,-6083310.097717,7404.780427,-2.874344
8152.173913,121158907.603943,-6100923.253540,7404.548204,-2.882763
8159.722222,121153612.454956,-6111535.029846,7404.258017,-2.887895
8167.613636,121162520.299255,-6110830.530884,7404.798869,-2.887351
8175.872093,121155693.130127,-6118275.524536,7404.405593,-2.891025
8190.524194,121152797.574036,-6136850.652710,7404.286351,-2.899857
8203.125000,121152916.824585,-6145073.410339,7404.319028,-2.903733
8209.745763,121141202.868958,-6226209.954163,7403.857505,-2.942289
8216.594828,121143405.200378,-6183041.073425,7403.856976,-2.921871
8231.026786,121148123.100403,-6181036.956543,7404.138334,-2.920813
8238.636364,121147521.896729,-6198930.413513,7404.157417,-2.929268
8246.527778,121140202.956726,-6211499.494751,7403.750521,-2.935374
8258.928571,121139424.362671,-6208217.484497,7403.692804,-2.933844
8272.058824,121145929.704041,-6218710.867981,7404.122157,-2.938637
8281.250000,121135023.961670,-6231221.763733,7403.496569,-2.944803
8290.816327,121140119.955383,-6244286.909607,7403.848211,-2.950843
8300.781250,121146071.015015,-6249338.634827,7404.226842,-2.953081
8311.170213,121132686.967407,-6265090.324829,7403.460603,-2.960838
8322.010870,121131477.721985,-6277022.941101,7403.424548,-2.966497
8333.333333,121145838.515442,-6286360.939026,7404.329428,-2.970550
8342.161017,121142919.837036,-6306780.436707,7404.216213,-2.980254
8351.293103,121115709.748962,-6304963.117554,7402.551870,-2.980065
8360.745614,121136593.963440,-6330911.119568,7403.907348,-2.991792
8370.535714,121126448.160217,-6317796.146851,7403.247183,-2.985855
8380.681818,121124157.991394,-6350416.909363,7403.211567,-3.001300
8391.203704,121127982.899231,-6345379.102905,7403.428615,-2.998829
8398.437500,121124150.780518,-6363659.458557,7403.253491,-3.007548
8413.461538,121119047.907104,-6390189.608215,7403.027595,-3.020190
8425.245098,121120301.760498,-6391767.615723,7403.109096,-3.020903
8429.276316,121126381.332153,-6388896.501038,7403.470426,-3.019397
8437.500000,121122215.763306,-6392033.664734,7403.226614,-3.020981
8450.255102,121103244.389282,-6407586.149841,7402.120363,-3.028791
8463.541667,121118221.251648,-6418517.476746,7403.068508,-3.033574
8474.576271,121109417.798218,-6446660.087952,7402.623032,-3.047071
8482.142857,121114368.526123,-6442828.882019,7402.912357,-3.045140
8491.847826,121106221.792542,-6452304.073547,7402.446553,-3.049814
8501.838235,121111093.253723,-6463848.788330,7402.780993,-3.055138
8510.044643,121106111.748230,-6498098.859802,7402.589083,-3.071422
8522.727273,121114130.747803,-6489000.484497,7403.048104,-3.066927
8535.879630,121092784.286682,-6502063.531616,7401.789754,-3.073630
8539.244186,121098787.514465,-6516478.067200,7402.202870,-3.080278
8549.528302,121108266.093567,-6521038.805298,7402.795540,-3.082189
8556.547619,121102503.782288,-6526037.153381,7402.460745,-3.084693
8568.548387,121096547.394348,-6537208.280518,7402.134436,-3.090115
8578.431373,121092344.832031,-6584702.950562,7402.035135,-3.112630
8593.750000,121087497.838623,-6560414.002502,7401.659373,-3.101294
8609.693878,121101261.770691,-6577616.260620,7402.555123,-3.109058
8620.689655,121091364.475037,-6592992.413086,7402.002875,-3.116565
8626.302083,121089503.585938,-6591020.449341,7401.882917,-3.115683
8643.617021,121079473.809631,-6611925.655884,7401.341101,-3.125804
8649.553571,121081439.469177,-6621131.863831,7401.491561,-3.130097
8661.684783,121078160.378174,-6639025.624939,7401.351430,-3.138624
8664.772727,121078940.425537,-6656911.799377,7401.458823,-3.147043
8680.555556,121082798.917419,-6653272.314148,7401.681787,-3.145225
8696.933962,121092064.144836,-6672259.599670,7402.310128,-3.153942
8700.284091,121080547.513367,-6673182.184509,7401.611350,-3.154677
8713.942308,121080397.585327,-6687937.162109,7401.651828,-3.161642
8720.930233,121083258.419739,-6690532.743408,7401.834918,-3.162792
8731.617647,121072708.585815,-6709769.300964,7401.256846,-3.172143
8742.559524,121069981.969971,-6716041.743042,7401.111871,-3.175174
8750.000000,121071063.132080,-6732255.627014,7401.232640,-3.182795
8759.469697,121074468.246521,-6735980.832642,7401.452785,-3.184463
8769.132653,121073843.751587,-6742818.620483,7401.437922,-3.187705
8771.929825,121065012.986816,-6756548.509033,7400.946402,-3.194415
8789.062500,121066215.575989,-6758412.509277,7401.026031,-3.195263
8806.818182,121054180.599487,-6848614.375916,7400.601537,-3.238140
8809.840426,121062635.971497,-6785621.727478,7400.900638,-3.208195
8820.564516,121063088.011719,-6792966.741638,7400.953288,-3.211649
8831.521739,121062758.946655,-6804311.125488,7400.972059,-3.217010
8840.460526,121055408.333618,-6811374.858337,7400.548315,-3.220537
8854.166667,121057447.429443,-6824783.824585,7400.718601,-3.226810
8864.182692,121061482.268738,-6844924.444946,7401.033780,-3.236205
8868.243243,121048089.274841,-6849299.322510,7400.232696,-3.238626
8877.840909,121057823.241699,-6854531.863220,7400.843927,-3.240835
8890.086207,121049676.217346,-6860664.089966,7400.368623,-3.243946
8897.569444,121053898.591675,-6874705.760620,7400.674476,-3.250458
8908.991228,121045520.827087,-6887808.432739,7400.209336,-3.256865
8928.571429,121042526.256897,-6903277.107727,7400.080552,-3.264244
8948.863636,121037260.130005,-6928465.759277,7399.847348,-3.276271
8961.397059,121043744.986206,-6936117.458496,7400.269221,-3.279706
8969.907407,121036111.894592,-6945087.106934,7399.835426,-3.284144
8976.063830,121035557.392700,-6954140.897522,7399.833315,-3.288431
8991.745283,121027901.616150,-6977096.183350,7399.447305,-3.299470
9001.358696,121033260.735596,-6977355.325928,7399.774778,-3.299447
9014.423077,121041924.582275,-6978098.577942,7400.305328,-3.299562
9027.777778,121041809.478638,-6999434.850708,7400.373382,-3.309631
9037.990196,121022699.832886,-7008833.004822,7399.242075,-3.314587
9046.052632,121027641.679932,-7020492.287659,7399.584383,-3.319954
9062.500000,121022179.845215,-7037129.792725,7399.310449,-3.327954
9068.080357,121023824.649963,-7034315.245544,7399.400703,-3.326581
9079.391892,121026214.500488,-7060775.248962,7399.640214,-3.339000
9090.909091,121019864.804504,-7066402.285400,7399.273318,-3.341830
9114.583333,121016459.294922,-7089257.664978,7399.147260,-3.352708
9139.150943,121005718.377380,-7176143.754578,7398.804849,-3.394004
9151.785714,121006176.518494,-7127772.269043,7398.658565,-3.371166
9159.482759,121003226.224060,-7131265.841248,7398.491342,-3.372897
9171.195652,121015835.588196,-7143116.504822,7399.302233,-3.378138
9179.687500,121011010.922791,-7153944.654846,7399.047236,-3.383381
9191.176471,121004836.224976,-7162671.074402,7398.702462,-3.387671
9201.388889,120999788.073975,-7174558.530579,7398.437788,-3.393422
9207.589286,121005562.924377,-7180174.985840,7398.809948,-3.395910
9218.750000,121004189.394714,-7188525.715698,7398.756468,-3.399889
9232.954545,121001297.570740,-7194673.673950,7398.602534,-3.402871
9251.644737,120993242.140320,-7228730.973328,7398.235404,-3.419168
9259.259259,120995930.918518,-7227955.913391,7398.396406,-3.418727
9265.988372,120990543.110962,-7240775.006042,7398.114836,-3.424928
9277.343750,120989226.888306,-7247119.853210,7398.057787,-3.427959
9290.540541,120982731.157471,-7260940.514893,7397.712506,-3.434664
9300.595238,120997118.987549,-7279581.614929,7398.657362,-3.443053
9308.510638,120966535.573059,-7318605.302246,7396.937473,-3.462338
9324.596774,120989792.888916,-7301891.192322,7398.292912,-3.453788
9331.597222,120987007.648560,-7316147.318054,7398.175690,-3.460594
9341.032609,120994363.391602,-7307784.487122,7398.593053,-3.456438
9344.362745,120975089.162292,-7324774.381104,7397.481353,-3.465005
9375.000000,120969189.955383,-7355943.479736,7397.237171,-3.479883
9403.935185,120966372.219971,-7376262.233337,7397.140882,-3.489552
9410.511364,120974092.798401,-7389425.945862,7397.660193,-3.495542
9420.955882,120974318.896973,-7392481.826721,7397.685342,-3.496977
9428.879310,120963638.499207,-7402665.984985,7397.072600,-3.502091
9440.104167,120964459.103455,-7412284.459534,7397.158478,-3.506607
9447.674419,120966757.969971,-7421394.500549,7397.332561,-3.510839
9457.236842,120961746.932190,-7439904.136902,7397.096547,-3.519719
9469.696970,120954013.387329,-7445609.331543,7396.646792,-3.522636
9474.734043,120961487.637939,-7451383.395752,7397.123797,-3.525143
9486.607143,120961854.191162,-7463840.316528,7397.192916,-3.531011
9501.689189,120956908.850708,-7481409.699768,7396.957765,-3.539446
9510.869565,120960740.314880,-7504504.879944,7397.278335,-3.550232
9521.484375,120957443.790588,-7501218.106812,7397.065091,-3.548778
9531.250000,120961163.745911,-7530457.851685,7397.402388,-3.562466
9548.611111,120949601.105408,-7538052.251221,7396.726822,-3.566390
9566.326531,120945232.105896,-7545113.366638,7396.487490,-3.569850
9570.312500,120936719.027466,-7545772.123657,7395.971390,-3.570412
9581.367925,120935209.412781,-7574911.647156,7395.990399,-3.584208
9588.068182,120944736.272522,-7566804.975952,7396.539840,-3.580101
9598.214286,120940830.304443,-7577284.493896,7396.341866,-3.585162
9615.384615,120933714.326965,-7601904.685059,7396.002502,-3.596992
9629.360465,120933852.632935,-7621633.023682,7396.086569,-3.606298
9640.957447,120931159.558472,-7624739.591370,7395.934447,-3.607844
9650.735294,120929492.589233,-7645293.310181,7395.911951,-3.617593
9662.828947,120930440.183167,-7651317.596680,7395.992883,-3.620408
9672.619048,120918799.807861,-7669249.177917,7395.353005,-3.629219
9680.706522,120932375.337463,-7668518.899292,7396.177132,-3.628468
9687.500000,120935069.543091,-7678956.252319,7396.381592,-3.633312
9698.275862,120927560.706360,-7694851.466553,7395.985744,-3.641038
9712.837838,120925520.901367,-7698136.488770,7395.874227,-3.642650
9717.987805,120913220.876221,-7708820.908081,7395.166452,-3.648062
9725.765306,120909644.226074,-7737105.401062,7395.058634,-3.661519
9765.625000,120915861.993225,-7760655.585205,7395.529302,-3.672445
9803.921569,120902015.834045,-7811564.112000,7394.885607,-3.696891
9811.046512,120902394.903625,-7810893.492188,7394.906057,-3.696563
9821.428571,120901696.925842,-7814068.427734,7394.876039,-3.698083
9828.629032,120891898.835510,-7827274.842102,7394.331276,-3.704615
9837.962963,120893319.759399,-7846634.806519,7394.494266,-3.713709
9850.543478,120901650.648071,-7846899.585083,7395.002737,-3.713578
9858.630952,120892277.372192,-7861030.678772,7394.487739,-3.720535
9868.421053,120896856.593689,-7870567.036255,7394.804443,-3.724895
9880.514706,120886997.241272,-7887984.049622,7394.273072,-3.733418
9885.204082,120877541.775024,-7979638.169617,7394.063557,-3.776968
9895.833333,120892797.219177,-7900747.452209,7394.677098,-3.739263
9908.536585,120889836.693176,-7917115.277588,7394.562002,-3.747079
9923.986486,120883472.835022,-7924894.718628,7394.205449,-3.750948
9928.385417,120892364.494751,-7944835.177795,7394.826721,-3.760083
9943.181818,120875687.840515,-7961478.187073,7393.877713,-3.768455
9960.937500,120878856.918762,-7967068.540955,7394.093159,-3.770995
9967.672414,120870353.290283,-7975855.054199,7393.610539,-3.775407
9982.638889,120870627.237000,-7992506.350586,7393.694213,-3.783257
9992.732558,120872333.343933,-7997323.477783,7393.817527,-3.785478
10000.000000,120871312.331238,-8005761.246399,7393.789363,-3.789492
10009.765625,120876878.445618,-8015714.843872,7394.168533,-3.794015
10020.380435,120867611.002380,-8029491.913574,7393.659809,-3.800808
10044.642857,120870298.546509,-8051925.382019,7393.914376,-3.811311
10069.444444,120864222.012024,-8082083.234070,7393.666889,-3.825735
10080.645161,120851430.817017,-8091489.250183,7392.926224,-3.830579
10091.145833,120853392.362488,-8100104.740601,7393.080831,-3.834583
10099.085366,120852920.095581,-8106341.192871,7393.077536,-3.837542
10110.294118,120852148.916626,-8123421.179565,7393.100416,-3.845628
10120.738636,120851998.109619,-8131055.450989,7393.122497,-3.849236
10127.314815,120851828.151245,-8140726.210510,7393.151795,-3.853805
10139.627660,120842721.085022,-8178148.463318,7392.751061,-3.871758
10156.250000,120847093.449829,-8169655.796814,7392.982347,-3.867610
10174.418605,120832884.791382,-8224553.964966,7392.343861,-3.893976
10179.924242,120841257.601379,-8189824.119019,7392.710092,-3.877316
10190.217391,120837587.414062,-8200308.881042,7392.529890,-3.882382
10199.652778,120840930.016296,-8207036.351868,7392.761257,-3.885450
10204.081633,120835691.833374,-8222744.092407,7392.507298,-3.893032
10216.346154,120839434.120728,-8225707.015137,7392.747469,-3.894310
10230.654762,120828498.461121,-8244354.104858,7392.158922,-3.903463
10237.068966,120837013.438110,-8251033.092163,7392.705206,-3.906341
10253.906250,120835809.788696,-8263470.381958,7392.683664,-3.912250
10267.857143,120835482.448792,-8278555.539124,7392.726607,-3.919380
10279.605263,120827369.887573,-8290792.444214,7392.283691,-3.925418
10289.634146,120817965.587036,-8310421.878601,7391.793149,-3.934988
10298.295455,120830017.168701,-8298059.113770,7392.475270,-3.928762
10312.500000,120822539.225586,-8318600.699097,7392.105925,-3.938700
10323.660714,120816770.069519,-8338863.839478,7391.839684,-3.948452
10332.661290,120814473.720520,-8342551.305786,7391.715356,-3.950268
10340.073529,120817564.525879,-8346312.581482,7391.919379,-3.951942
10351.562500,120816397.924988,-8364454.974976,7391.924743,-3.960543
10360.054348,120817334.379395,-8389475.393005,7392.087399,-3.972322
10363.520408,120804335.512634,-8376887.755066,7391.242704,-3.966806
10416.666667,120803714.922241,-8423833.205505,7391.403688,-3.988986
10472.074468,120791524.575684,-8491277.107300,7390.948958,-4.021223
10480.182927,120797150.302856,-8494607.029602,7391.305745,-4.022608
10491.071429,120787720.516418,-8507143.215454,7390.785316,-4.028838
10498.046875,120781138.205017,-8502460.952515,7390.364470,-4.026847
10506.465517,120774990.629517,-8521231.817200,7390.070713,-4.035912
10516.826923,120784541.543884,-8534157.553345,7390.707791,-4.041696
10529.891304,120773725.764526,-8543582.513733,7390.089841,-4.046505
10537.790698,120784922.999878,-8546123.138794,7390.782526,-4.047331
10546.875000,120775649.078979,-8552221.024048,7390.244166,-4.050519
10557.432432,120775740.124634,-8562714.634827,7390.294978,-4.055469
10569.852941,120769059.998779,-8579511.189819,7389.960842,-4.063622
10579.427083,120769846.349609,-8585763.817932,7390.035771,-4.066547
10590.277778,120770252.096069,-8619991.639282,7390.208916,-4.082690
10602.678571,120762683.447998,-8614092.431152,7389.722493,-4.080161
10616.987179,120769409.412537,-8618882.481323,7390.152792,-4.082195
10633.680556,120765648.130493,-8647165.894775,7390.046892,-4.095673
10638.297872,120756871.304932,-8652055.676270,7389.533872,-4.098278
10653.409091,120761805.106323,-8667030.546265,7389.899621,-4.105180
10670.731707,120752422.358398,-8715746.617981,7389.541865,-4.128494
10677.083333,120755396.228821,-8688883.953552,7389.605056,-4.115713
10690.789474,120756890.845886,-8698051.598877,7389.736228,-4.119989
10699.728261,120745681.176025,-8709924.978821,7389.105897,-4.125976
10706.018519,120738047.931885,-8703103.649170,7388.611249,-4.123015
10719.476744,120746092.299377,-8728344.710205,7389.211900,-4.134657
10742.187500,120740804.937195,-8745274.553223,7388.964594,-4.142830
10763.888889,120719863.995239,-8856223.574829,7388.182148,-4.195927
10768.581081,120740112.273132,-8774088.311035,7389.049685,-4.156455
10775.862069,120734861.930603,-8773706.665771,7388.728375,-4.156455
10788.690476,120732374.416260,-8799361.838989,7388.690605,-4.168652
10799.632353,120724774.327332,-8800071.653748,7388.231095,-4.169249
10804.521277,120731739.749695,-8819827.798584,7388.742879,-4.178335
10817.307692,120738483.785095,-8824914.499817,7389.176047,-4.180504
10830.965909,120728943.296631,-8859345.749878,7388.748781,-4.197087
10836.693548,120721427.948181,-8847143.771301,7388.236824,-4.191587
10850.694444,120722868.567566,-8854556.880188,7388.357605,-4.195037
10861.280488,120728286.396912,-8870269.312866,7388.757619,-4.202266
10869.565217,120719186.084717,-8878157.121765,7388.238953,-4.206305
10881.696429,120715988.566956,-8893329.989746,7388.112297,-4.213579
10890.151515,120721454.968994,-8893917.064880,7388.447681,-4.213666
10901.162791,120702946.813171,-8899412.332581,7387.345708,-4.216905
10937.500000,120708213.444092,-8954410.212891,7387.913879,-4.242686
10974.702381,120697464.030701,-8994611.735535,7387.441515,-4.262042
10979.729730,120708178.295898,-8984142.963928,7388.046219,-4.256723
10986.328125,120695174.582397,-8998418.235535,7387.319431,-4.263919
10995.370370,120698057.665100,-9009058.250854,7387.543230,-4.268841
11008.522727,120692092.399109,-9021954.684875,7387.238774,-4.275140
11017.628205,120685466.147339,-9023817.125000,7386.843928,-4.276253
11029.411765,120695797.307495,-9051258.646545,7387.597824,-4.288843
11039.402174,120692695.225281,-9056144.820618,7387.431322,-4.291259
11051.829268,120687222.705627,-9074651.031189,7387.182841,-4.300190
11067.708333,120680201.528015,-9080881.471802,7386.784021,-4.303380
11082.848837,120675341.491028,-9127349.263184,7386.701584,-4.325491
11088.709677,120673031.357483,-9095546.908752,7386.414833,-4.310559
11101.973684,120675226.929077,-9130018.397949,7386.706900,-4.326756
11111.111111,120662330.692932,-9141938.607178,7385.976927,-4.332844
11117.788462,120670824.562439,-9139842.168213,7386.484221,-4.331551
11132.812500,120671093.816467,-9161372.041992,7386.599974,-4.341706
11160.714286,120666096.972900,-9181100.683899,7386.387117,-4.351199
11186.079545,120663065.248718,-9216654.422180,7386.367564,-4.368093
11190.878378,120651314.421143,-9207243.491333,7385.608682,-4.364074
11197.916667,120660009.743896,-9223865.120850,7386.215141,-4.371608
11209.239130,120661511.127686,-9233625.462952,7386.351947,-4.376161
11217.948718,120644021.024353,-9294887.639343,7385.573810,-4.405718
11230.468750,120653520.025452,-9260140.730469,7385.989288,-4.388968
11242.378049,120653272.674194,-9275884.587463,7386.047834,-4.396410
11250.000000,120655469.657837,-9282735.638977,7386.213602,-4.399565
11259.191176,120650763.143433,-9285007.911011,7385.937818,-4.400808
11264.534884,120622786.701294,-9396446.059326,7384.760401,-4.454444
11284.722222,120651480.759460,-9311237.698792,7386.104507,-4.413165
11307.565789,120635831.459290,-9344605.161438,7385.309164,-4.429490
11314.655172,120641136.443909,-9345375.472168,7385.635628,-4.429659
11328.125000,120633359.086365,-9365842.177002,7385.258932,-4.439607
11340.725806,120637095.484802,-9379160.698853,7385.549274,-4.445758
11346.726190,120628892.614502,-9401329.540588,7385.155117,-4.456525
11363.636364,120627415.876709,-9392312.593506,7385.022510,-4.452322
11383.928571,120627634.701782,-9421403.202454,7385.173873,-4.466049
11393.229167,120613720.240051,-9431627.097595,7384.375777,-4.471389
11402.027027,120622205.256714,-9443240.710327,7384.947393,-4.476559
11418.269231,120618754.210327,-9460214.240234,7384.818329,-4.484700
11432.926829,120621730.519592,-9474860.367432,7385.069389,-4.491505
11439.732143,120605615.404724,-9479408.331970,7384.110537,-4.494250
11446.220930,120612912.367798,-9499998.501648,7384.653129,-4.503700
11458.333333,120602367.193298,-9501198.129883,7384.017221,-4.504659
11474.609375,120611854.944153,-9520849.478027,7384.688829,-4.513584
11488.970588,120605013.875305,-9531795.021973,7384.325172,-4.519007
11501.736111,120593295.220947,-9549457.336182,7383.697147,-4.527784
11513.157895,120593444.925049,-9576342.876953,7383.835979,-4.540472
11523.437500,120591280.171997,-9566881.427979,7383.658570,-4.536086
11532.738095,120594337.801636,-9584680.409668,7383.930609,-4.544375
11541.193182,120592741.476501,-9582608.933899,7383.823464,-4.543457
11548.913043,120583242.518982,-9597745.608215,7383.318745,-4.550961
11562.500000,120583370.602051,-9620152.177917,7383.435177,-4.561536
11574.074074,120586980.598022,-9618237.764282,7383.645530,-4.560496
11584.051724,120582546.884277,-9628831.165283,7383.427207,-4.565665
11592.741935,120582669.755737,-9643487.634094,7383.505945,-4.572580
11600.378788,120578572.497437,-9650838.419739,7383.292439,-4.576206
11607.142857,120584812.057312,-9654124.900757,7383.688075,-4.577522
11618.589744,120568236.934082,-9660222.951599,7382.709324,-4.581028
11627.906977,120569569.274658,-9684750.231995,7382.910101,-4.592559
11718.750000,120552850.057983,-9765139.299744,7382.287427,-4.631154
11809.593023,120542851.915771,-9865139.804565,7382.174517,-4.678756
11818.910256,120539603.475403,-9869638.265076,7381.999304,-4.681006
11830.357143,120531771.892700,-9878330.618958,7381.566200,-4.685413
11837.121212,120536194.436951,-9886462.476074,7381.875795,-4.689082
11853.448276,120536759.903564,-9912060.910278,7382.038082,-4.701147
11863.425926,120532059.430420,-9924702.263245,7381.815423,-4.707298
11875.000000,120523195.669983,-9931969.205933,7381.312646,-4.711074
11888.586957,120516117.359802,-9943279.386658,7380.938798,-4.716691
11904.761905,120522248.904175,-9968542.574829,7381.438728,-4.728381
11914.062500,120516630.015015,-9993417.846130,7381.222250,-4.740346
11924.342105,120518157.735840,-9981973.846802,7381.257489,-4.734883
11935.763889,120517351.494019,-9999347.639465,7381.296055,-4.743118
11948.529412,120511517.724731,-10007434.719788,7380.982031,-4.747165
11962.890625,120510891.571838,-10019474.942688,7381.004798,-4.752875
11979.166667,120508649.658997,-10035556.204041,7380.949823,-4.760557
11997.767857,120499424.753662,-10054131.947510,7380.482892,-4.769691
12004.573171,120497689.489685,-10079175.334412,7380.504601,-4.781585
12019.230769,120505796.018250,-10077794.363586,7380.990652,-4.780613
12035.472973,120494896.588623,-10099600.616455,7380.438749,-4.791341
12044.270833,120488767.353699,-10099683.078674,7380.066367,-4.791622
12053.571429,120493614.025269,-10114944.412170,7380.439023,-4.798637
12073.863636,120483659.185364,-10134413.245483,7379.933047,-4.808225
12090.773810,120473934.540527,-10150569.520447,7379.424301,-4.816241
12096.774194,120489182.657898,-10154257.416016,7380.370615,-4.817376
12109.375000,120473089.991333,-10179255.604492,7379.520144,-4.829822
12122.844828,120476890.893738,-10182201.797363,7379.766458,-4.831061
12129.934211,120475518.122620,-10193603.618713,7379.741608,-4.836500
12152.777778,120469151.994507,-10236506.766541,7379.575676,-4.857014
12178.308824,120461782.045959,-10241896.194397,7379.155312,-4.859855
12187.500000,120462603.566162,-10250757.973877,7379.251117,-4.864007
12195.121951,120460496.119629,-10266048.271545,7379.202139,-4.871312
12207.031250,120462335.884766,-10268096.765198,7379.324646,-4.872205
12219.551282,120448231.871826,-10307478.832092,7378.671456,-4.891372
12228.260870,120455482.220947,-10289177.296021,7379.017228,-4.882436
12239.583333,120448016.183228,-10303521.857666,7378.637750,-4.889512
12246.621622,120451301.013550,-10299962.587952,7378.819004,-4.887698
12276.785714,120446300.680481,-10339091.730835,7378.718787,-4.906379
12304.687500,120433139.588013,-10375204.755188,7378.107282,-4.923967
12310.606061,120436304.287292,-10378654.945129,7378.317810,-4.925468
12319.711538,120427020.509949,-10381319.435547,7377.767215,-4.927104
12335.526316,120434063.366333,-10400455.492065,7378.295903,-4.935854
12348.790323,120428937.184265,-10403802.628845,7378.001757,-4.937644
12369.791667,120426199.839172,-10426802.208557,7377.956259,-4.948617
12385.670732,120422412.139893,-10448531.282166,7377.840457,-4.959034
12392.241379,120420407.920654,-10450399.739441,7377.728443,-4.959998
12408.088235,120430798.856079,-10465067.195679,7378.437749,-4.966499
12419.871795,120387522.552063,-10577799.925293,7376.405292,-5.021523
12428.977273,120416195.547363,-10479406.141357,7377.625581,-4.973870
12442.129630,120412978.576904,-10494725.492920,7377.511095,-4.981237
12451.171875,120407507.726379,-10516015.973206,7377.291382,-4.991517
12457.770270,120404316.416077,-10523951.066895,7377.139490,-4.995396
12500.000000,120395586.880554,-10567619.035522,7376.841265,-5.016380
12541.118421,120381335.081238,-10622069.430786,7376.266086,-5.042688
12547.348485,120390556.791138,-10605928.587463,7376.740251,-5.034681
12555.803571,120376752.207642,-10615283.322632,7375.951047,-5.039674
12567.934783,120385628.615295,-10627338.390686,7376.555409,-5.044998
12586.805556,120383179.604858,-10649673.669128,7376.526516,-5.055648
12600.806452,120374997.906799,-10653438.149109,7376.049325,-5.057768
12620.192308,120366867.660706,-10683776.584045,7375.718500,-5.072437
12637.867647,120371326.019104,-10689160.837646,7376.018621,-5.074793
12648.809524,120368222.333374,-10719250.313171,7375.992606,-5.089134
12661.637931,120368280.685608,-10731299.600281,7376.061427,-5.094822
12668.918919,120349088.430542,-10727375.747803,7374.873350,-5.093777
12695.312500,120356019.142578,-10753866.618713,7375.438434,-5.105997
12723.214286,120349263.634216,-10778141.982605,7375.159754,-5.117747
12731.481481,120347349.649231,-10781110.184570,7375.059558,-5.119230
12746.710526,120354589.957397,-10808638.164062,7375.649823,-5.131925
12760.416667,120339082.890625,-10812082.979431,7374.725925,-5.134209
12784.090909,120333052.649292,-10832989.502319,7374.473640,-5.144340
12803.819444,120332197.044250,-10864078.546143,7374.592012,-5.159061
12812.500000,120330929.123474,-10867600.701050,7374.534270,-5.160778
12820.512821,120315642.814148,-10880644.969116,7373.676688,-5.167592
12834.821429,120322534.025513,-10889474.383179,7374.144153,-5.171468
12852.822581,120318018.551758,-10910570.006897,7373.985838,-5.181625
12867.647059,120319895.148132,-10928016.772583,7374.196158,-5.189786
12880.067568,120308658.389404,-10966485.156372,7373.725884,-5.208438
12890.625000,120313211.015015,-10951126.030151,7373.917577,-5.200988
12907.608696,120301958.392212,-10951458.923340,7373.235420,-5.201629
12920.673077,120315692.079468,-10974710.101257,7374.199013,-5.212020
12931.034483,120303451.521973,-10982108.504639,7373.496014,-5.216042
12939.453125,120303834.536499,-10996499.818054,7373.599201,-5.222823
12952.302632,120311459.423340,-11017742.667419,7374.180800,-5.232526
13020.833333,120271502.998596,-11069926.071167,7372.043391,-5.258907
13091.216216,120242351.242920,-11250926.690369,7371.292565,-5.345688
13097.426471,120259192.516418,-11143878.034058,7371.710278,-5.294379
13113.839286,120265358.539185,-11161312.499023,7372.183289,-5.302345
13125.000000,120261744.110413,-11176500.508179,7372.049345,-5.309677
13139.204545,120252579.878479,-11196141.225159,7371.603426,-5.319358
13157.894737,120251918.015259,-11210359.201416,7371.643704,-5.326103
13169.642857,120258342.238525,-11242424.709656,7372.216043,-5.340966
13183.593750,120248025.813660,-11237665.350281,7371.562057,-5.339173
13200.431034,120231944.554810,-11259279.036011,7370.707650,-5.350094
13221.153846,120232807.697144,-11278048.130554,7370.867007,-5.358922
13237.847222,120229558.910461,-11321916.508545,7370.920131,-5.379790
13247.282609,120232091.531982,-11310375.297791,7371.008024,-5.374225
13257.575758,120218725.929199,-11377782.546631,7370.582334,-5.406663
13281.250000,120226064.265747,-11347276.684814,7370.853057,-5.391925
13302.364865,120217063.513428,-11373392.676453,7370.456075,-5.404663
13310.185185,120217855.071167,-11380405.906555,7370.544505,-5.407941
13327.205882,120211041.700989,-11386784.184814,7370.167190,-5.411259
13346.354167,120211599.556396,-11412399.231995,7370.348689,-5.423334
13356.854839,120200810.873840,-11421232.158569,7369.744106,-5.427991
13363.486842,120210579.521362,-11434865.682617,7370.416437,-5.433992
13392.857143,120206222.060242,-11466979.696533,7370.337548,-5.449358
13427.734375,120206962.786804,-11501812.331116,7370.584758,-5.465778
13437.500000,120192670.136169,-11503246.625854,7369.724684,-5.467101
13454.861111,120188224.022095,-11522594.040100,7369.567145,-5.476442
13469.827586,120179081.652527,-11541179.197266,7369.120022,-5.485636
13494.318182,120173916.206848,-11560214.575012,7368.917345,-5.494863
13513.513514,120180294.718262,-11604574.487366,7369.564623,-5.515528
13521.634615,120174918.232788,-11596983.380737,7369.193457,-5.512187
13541.666667,120164615.915222,-11620820.583435,7368.707451,-5.523918
13556.985294,120155160.790710,-11642676.859253,7368.261561,-5.534675
13569.078947,120160626.545349,-11644784.105774,7368.606025,-5.535421
13586.956522,120159607.932617,-11657522.561218,7368.619181,-5.541485
13599.537037,120157552.655212,-11680554.983765,7368.630206,-5.552460
13608.870968,120147274.581238,-11694216.222656,7368.086538,-5.559386
13616.071429,120143028.367310,-11718561.967590,7367.972689,-5.571082
13671.875000,120134442.912476,-11769556.213562,7367.753965,-5.595569
13724.662162,120124265.812439,-11816618.581299,7367.416405,-5.618274
13731.060606,120126597.883484,-11819658.225464,7367.576229,-5.619602
13739.224138,120113866.747253,-11831579.203735,7366.874185,-5.625825
13750.000000,120121058.073059,-11837495.981445,7367.346417,-5.628286
13764.880952,120113025.945129,-11854620.427979,7366.961111,-5.636750
13786.764706,120111415.265747,-11875910.715698,7366.991024,-5.646883
13802.083333,120115680.208801,-11887279.816589,7367.318390,-5.652055
13822.115385,120098278.725220,-11914576.485779,7366.425715,-5.665765
13839.285714,120072972.260742,-12045708.218445,7365.683264,-5.728909
13849.431818,120091189.057312,-11946077.234070,7366.185171,-5.680980
13860.887097,120089096.686096,-11958598.544922,7366.133778,-5.686994
13888.888889,120088513.493164,-11989937.042725,7366.288146,-5.701826
13916.015625,120075936.860291,-12024142.504517,7365.732038,-5.718580
13926.630435,120077113.698120,-12033253.411011,7365.858941,-5.722829
13950.892857,120071567.319824,-12053982.354858,7365.648368,-5.732884
13967.803030,120069736.615540,-12071175.437866,7365.642086,-5.741094
13980.263158,120065154.960022,-12099364.958008,7365.536156,-5.754629
13997.395833,120057564.904907,-12100431.705200,7365.081745,-5.755494
14008.620690,120054881.610535,-12109127.980835,7364.972039,-5.759731
14016.544118,120044930.395813,-12141136.926514,7364.564051,-5.775329
14062.500000,120041101.436951,-12170786.793518,7364.513860,-5.789520
14105.902778,120027220.671204,-12211498.228821,7363.922040,-5.809421
14112.903226,120020142.465576,-12281850.385254,7363.928125,-5.843002
14122.596154,120031745.960876,-12230131.494080,7364.312031,-5.818007
14136.904762,120017108.640381,-12235925.624878,7363.459076,-5.821450
14160.156250,120014732.696777,-12266770.032532,7363.505995,-5.836138
14178.240741,120013363.777710,-12273926.544861,7363.467302,-5.839585
14204.545455,120006734.071533,-12307393.306274,7363.272863,-5.855719
14229.910714,119994884.922485,-12333863.218079,7362.718421,-5.868800
14246.323529,120001617.193848,-12345777.993469,7363.201575,-5.874103
14266.304348,119990351.217041,-12372633.337769,7362.685493,-5.887340
14278.017241,119986283.355042,-12378494.284485,7362.475215,-5.890307
14285.714286,119981941.761353,-12407470.354492,7362.393330,-5.904210
14322.916667,119974416.006165,-12433362.399536,7362.099157,-5.916813
14364.919355,119975792.628906,-12474684.397034,7362.443147,-5.936269
14375.000000,119959791.344788,-12488125.877319,7361.556619,-5.943407
14391.447368,119961102.824524,-12493348.005188,7361.669247,-5.945810
14404.296875,119952097.812744,-12504682.956421,7361.194268,-5.951609
14423.076923,119946434.965698,-12526210.742798,7360.986852,-5.962061
14441.287879,119947457.037048,-12565930.750854,7361.301105,-5.980779
14453.125000,119945853.912048,-12568276.434998,7361.218707,-5.981967
14467.592593,119943485.291931,-12580402.640564,7361.152092,-5.987814
14476.102941,119934908.019531,-12594882.829102,7360.723671,-5.995081
14508.928571,119931691.086548,-12620797.568298,7360.693764,-6.007486
14547.413793,119922137.073730,-12661260.917053,7360.372723,-6.027082
14559.659091,119921639.643555,-12673630.475952,7360.421839,-6.032952
14583.333333,119911722.666687,-12711455.769470,7360.062909,-6.051321
14605.978261,119912099.376221,-12723183.176636,7360.161266,-6.056843
14616.935484,119908776.852112,-12730244.354065,7360.005090,-6.060346
14648.437500,119897711.787109,-12760334.349060,7359.527626,-6.075120
14678.030303,119866469.601868,-12910929.756714,7358.610105,-6.147862
14687.500000,119884399.641296,-12798814.397827,7358.968615,-6.093974
14705.882353,119881959.032532,-12816954.122437,7358.938110,-6.102670
14723.557692,119882399.580200,-12840335.027954,7359.116695,-6.113696
14756.944444,119871982.851196,-12872507.209167,7358.693913,-6.129426
14787.946429,119867273.237488,-12905636.681030,7358.624284,-6.145320
14802.631579,119855313.361389,-12921813.312195,7358.004255,-6.153573
14816.810345,119849297.767517,-12934521.789734,7357.722388,-6.159885
14843.750000,119849451.095703,-12963362.402039,7357.920786,-6.173507
14868.951613,119842773.241394,-12982903.213867,7357.643916,-6.183082
14880.952381,119835899.143494,-12999252.733704,7357.334334,-6.191161
14892.578125,119833296.318970,-13033610.378479,7357.402848,-6.207530
14914.772727,119827968.984497,-13029671.703003,7357.053599,-6.205943
14935.661765,119823310.972839,-13046716.632812,7356.883494,-6.214238
14945.652174,119817246.770142,-13059248.537842,7356.598368,-6.220472
14973.958333,119820708.763672,-13088311.513428,7357.000846,-6.234028
15000.000000,119804356.771057,-13109651.793640,7356.150244,-6.244958
15024.038462,119800572.391052,-13137726.389221,7356.107228,-6.258422
15046.296296,119801533.523987,-13153180.061707,7356.268425,-6.265675
15066.964286,119793938.273804,-13176801.233154,7355.965100,-6.277232
15086.206897,119765305.062805,-13265187.205933,7354.819837,-6.320497
15104.166667,119778544.424805,-13211788.199463,7355.264963,-6.294568
15120.967742,119785114.852844,-13226999.886780,7355.765432,-6.301415
15136.718750,119772401.280151,-13245377.557007,7355.117334,-6.310764
15151.515152,119763820.168152,-13271796.569092,7354.774177,-6.323698
15165.441176,119760950.502197,-13284356.964600,7354.684568,-6.329785
15190.972222,119763548.057312,-13309629.294006,7355.012367,-6.341593
15213.815789,119750500.860352,-13321333.645935,7354.299829,-6.347810
15234.375000,119741612.653748,-13349095.138794,7353.948194,-6.361398
15252.976190,119750849.959045,-13361840.403748,7354.594766,-6.366935
15269.886364,119749402.807983,-13383862.228943,7354.656160,-6.377419
15285.326087,119737415.280090,-13389605.308105,7353.967953,-6.380766
15299.479167,119725784.933411,-13408724.880188,7353.392264,-6.390418
15312.500000,119724206.939392,-13417840.274841,7353.358493,-6.394810
15324.519231,119718646.730896,-13436290.900818,7353.146745,-6.403825
15335.648148,119717936.685242,-13440603.412292,7353.133038,-6.405901
15345.982143,119720606.155151,-13460785.638733,7353.432493,-6.415298
15355.603448,119721106.709900,-13468881.479858,7353.518082,-6.419097
15372.983871,119700493.946350,-13508458.655945,7352.538331,-6.438901
15380.859375,119701958.337463,-13500627.817749,7352.573566,-6.435121
15388.257576,119704307.528015,-13506737.808899,7352.757855,-6.437884
15625.000000,119643675.825806,-13727514.050781,7350.604289,-6.545497
15869.140625,119584824.499268,-13968065.295166,7348.724538,-6.662422
15877.016129,119575340.275085,-13992792.390137,7348.324824,-6.674634
15894.396552,119566229.445129,-13983861.544922,7347.709153,-6.670916
15904.017857,119566850.019653,-13986612.591797,7347.766282,-6.672183
15914.351852,119578895.044250,-13996965.054626,7348.569931,-6.676410
15925.480769,119562610.416260,-14014259.901855,7347.705524,-6.685487
15937.500000,119569996.533325,-14022922.547485,7348.214854,-6.689173
15950.520833,119559280.637573,-14035781.538025,7347.656712,-6.695846
15964.673913,119560192.646179,-14066787.670715,7347.932896,-6.710452
15980.113636,119565658.938843,-14067833.419861,7348.271715,-6.710642
15997.023810,119544363.620544,-14085016.259277,7347.103467,-6.719950
16015.625000,119554176.832947,-14115216.247192,7347.914224,-6.733678
16036.184211,119541071.008362,-14116331.802368,7347.127787,-6.734937
16059.027778,119539740.280212,-14155198.121765,7347.325709,-6.753384
16084.558824,119522331.848267,-14176068.578186,7346.420452,-6.764225
16113.281250,119513485.930908,-14180539.920410,7345.916433,-6.766835
16129.032258,119515238.130554,-14222634.450256,7346.325809,-6.786636
16145.833333,119501375.908569,-14222823.707581,7345.486994,-6.787506
16163.793103,119500538.577393,-14240464.207703,7345.563574,-6.795893
16183.035714,119506270.799622,-14270322.906921,7346.126860,-6.809685
16203.703704,119481630.747864,-14362214.716370,7345.300789,-6.854519
16225.961538,119495078.085083,-14302257.850647,7345.679901,-6.825413
16250.000000,119486336.707642,-14336985.210388,7345.402356,-6.842325
16276.041667,119463951.485352,-14366515.360596,7344.260750,-6.857557
16304.347826,119456965.846497,-14394994.160706,7344.045177,-6.871419
16335.227273,119456720.625427,-14422082.229309,7344.228308,-6.884239
16369.047619,119444082.501099,-14465281.287598,7343.779016,-6.905385
16381.048387,119441237.356323,-14467568.124939,7343.623400,-6.906629
16406.250000,119433243.132935,-14484609.053955,7343.264151,-6.915143
16433.189655,119420424.935608,-14554592.119690,7343.003014,-6.948967
16447.368421,119424878.266663,-14526619.346130,7343.066478,-6.935486
16462.053571,119410801.569153,-14547339.970093,7342.366404,-6.946093
16493.055556,119403893.838989,-14571470.383118,7342.126141,-6.957900
16526.442308,119423015.847351,-14608371.996216,7343.557839,-6.974242
16544.117647,119405296.786621,-14622064.755554,7342.585863,-6.981740
16562.500000,119389962.816223,-14657787.353027,7341.922243,-6.999518
16601.562500,119386966.544678,-14683009.692444,7341.928485,-7.011617
16644.021739,119379909.403442,-14737317.801086,7341.906349,-7.037703
16666.666667,119364153.453552,-14761856.748413,7341.135580,-7.050224
16690.340909,119352388.872620,-14789519.937439,7340.630382,-7.063992
16702.586207,119307766.831970,-14939692.044800,7339.060707,-7.137625
16741.071429,119346791.712646,-14842679.940796,7340.691084,-7.089454
16782.407407,119330276.037842,-14880779.666443,7339.978127,-7.108440
16796.875000,119320940.919067,-14892002.521790,7339.497523,-7.114297
16826.923077,119322052.399353,-14946407.474976,7339.976834,-7.139954
16858.552632,119296193.832092,-14963427.853394,7338.539966,-7.149534
16875.000000,119302116.308899,-14980471.255188,7339.028181,-7.157242
16927.083333,119285463.307190,-15032552.015442,7338.416435,-7.182857
16971.982759,119285818.632751,-15091443.081604,7338.888253,-7.210680
16983.695652,119284994.170471,-15088011.741150,7338.812043,-7.209107
17003.676471,119273728.888367,-15115910.880737,7338.343784,-7.222971
17020.089286,119255479.143921,-15156987.561401,7337.554407,-7.243488
17045.454545,119249248.964294,-15149781.308716,7337.121723,-7.240455
17071.759259,119248125.670532,-15174791.514404,7337.246256,-7.252348
17089.843750,119250019.180054,-15202413.536194,7337.573922,-7.265294
17113.095238,119232467.605286,-15211268.747742,7336.579609,-7.270540
17127.403846,119240647.948364,-15235367.505920,7337.261177,-7.281440
17187.500000,119214205.902466,-15300087.482483,7336.162068,-7.313642
17241.379310,119187112.037354,-15368612.578308,7335.055517,-7.347693
17252.604167,119193366.521851,-15366244.060608,7335.415651,-7.346191
17269.736842,119186732.310303,-15383574.212158,7335.149373,-7.354791
17299.107143,119175888.219421,-15421688.850464,7334.791119,-7.373476
17323.369565,119172020.340881,-15447103.259644,7334.756228,-7.385731
17361.111111,119158628.236633,-15481165.555603,7334.213168,-7.402659
17400.568182,119148989.604431,-15517998.430176,7333.919769,-7.420669
17427.884615,119142788.809082,-15546002.318970,7333.765420,-7.434293
17463.235294,119128872.927612,-15575531.853943,7333.156625,-7.449117
17485.119048,119128729.046631,-15610837.439941,7333.427600,-7.465821
17500.000000,119106453.508667,-15698899.869568,7332.779948,-7.508845
17510.775862,119120247.131409,-15629237.432251,7333.060295,-7.475047
17578.125000,119092238.373596,-15700196.996216,7331.930086,-7.510344
17650.462963,119065224.963501,-15807887.103027,7331.157614,-7.562961
17663.043478,119067696.254822,-15788761.005859,7331.153593,-7.553761
17680.921053,119066627.069214,-15806423.452454,7331.230693,-7.562181
17708.333333,119053206.691467,-15850648.822632,7330.774440,-7.583938
17728.365385,119053007.518921,-15845009.936218,7330.716974,-7.581284
17755.681818,119046023.773376,-15888908.620117,7330.648431,-7.602483
17795.138889,119033556.379700,-15913428.153625,7330.092311,-7.614866
17812.500000,119026229.668884,-15933443.179443,7329.811046,-7.624795
17857.142857,119015649.629944,-15981219.622986,7329.558502,-7.648059
17903.645833,118997776.125671,-16031532.282959,7328.886646,-7.672990
17922.794118,118988889.409363,-16045772.300476,7328.465190,-7.680291
17939.814815,118946135.848816,-16197998.500916,7327.127001,-7.755024
17968.750000,118976290.287476,-16085704.889709,7328.029242,-7.699981
18002.717391,118972883.976990,-16128348.130493,7328.172399,-7.720366
18028.846154,118960839.473083,-16154443.350098,7327.658058,-7.733480
18066.406250,118949188.098206,-16186546.101685,7327.217311,-7.749411
18092.105263,118949343.893066,-16219215.570801,7327.495871,-7.764851
18110.795455,118935274.931519,-16221687.940063,7326.665409,-7.766928
18125.000000,118933939.075684,-16242952.579407,7326.760137,-7.777071
18136.160714,118928611.590088,-16248149.016846,7326.480882,-7.779873
18229.166667,118896818.371094,-16356971.993225,7325.460492,-7.833403
18329.326923,118858526.341003,-16479316.311523,7324.166878,-7.893769
18342.391304,118867574.651062,-16461250.301086,7324.562584,-7.884631
18359.375000,118854301.332825,-16481420.096313,7323.929076,-7.895041
18382.352941,118852093.072266,-16504343.125305,7323.987883,-7.906028
18415.178571,118847096.759888,-16536580.963013,7323.956739,-7.921604
18437.500000,118844790.543640,-16559896.031555,7324.013577,-7.932782
18465.909091,118821444.893250,-16582730.248047,7322.794778,-7.945122
18503.289474,118816753.270935,-16630853.150574,7322.917750,-7.968194
18518.518519,118805618.074829,-16661305.009888,7322.502559,-7.983334
18554.687500,118799204.898315,-16681065.830872,7322.282528,-7.993107
18601.190476,118786538.979309,-16718081.516846,7321.831483,-8.011457
18629.807692,118775928.553650,-16744843.464600,7321.418025,-8.024822
18663.194444,118766298.454529,-16789050.000427,7321.213174,-8.046374
18682.065217,118759999.165771,-16804316.178345,7320.962959,-8.054016
18750.000000,118740782.729797,-16864044.464722,7320.313350,-8.083556
18807.870370,118715979.685547,-16930859.017273,7319.389163,-8.116830
18821.022727,118717537.359802,-16941182.795654,7319.572279,-8.121608
18841.911765,118709797.108704,-16960893.591125,7319.274644,-8.131454
18880.208333,118700917.917053,-17004755.762939,7319.117309,-8.152802
18914.473684,118690070.924561,-17029001.989380,7318.671964,-8.165006
18930.288462,118674910.059326,-17060750.233887,7318.031466,-8.181054
18973.214286,118669044.205994,-17088821.396484,7317.921093,-8.194732
19021.739130,118620008.038940,-17214528.259460,7316.056656,-8.257550
19042.968750,118647886.756592,-17157282.429199,7317.239766,-8.228560
19062.500000,118626500.742981,-17211566.999512,7316.422889,-8.255704
19097.222222,118633689.077087,-17209135.298767,7316.835788,-8.254060
19140.625000,118613490.272400,-17252161.840149,7315.993225,-8.275801
19176.136364,118600401.675415,-17285923.720520,7315.499580,-8.292674
19205.729167,118593507.387512,-17311002.678101,7315.304115,-8.305014
19230.769231,118581884.962463,-17344019.199402,7314.893533,-8.321436
19270.833333,118571741.258545,-17376450.490173,7314.567676,-8.337481
19301.470588,118563106.707642,-17401305.664978,7314.266365,-8.349838
19325.657895,118553258.442871,-17433358.398987,7313.956002,-8.365686
19345.238095,118548751.674683,-17453828.938171,7313.865739,-8.375684
19361.413043,118544204.779114,-17458280.151978,7313.630751,-8.378106
19375.000000,118481254.545959,-17630261.752686,7311.367107,-8.463880
19531.250000,118475755.281860,-17629238.176819,7311.025908,-8.463783
19687.500000,118431641.572876,-17791359.798584,7309.826163,-8.543609
19701.086957,118426539.573608,-17798159.229492,7309.579876,-8.547189
19717.261905,118420325.666138,-17828170.308350,7309.477288,-8.561830
19736.842105,118414093.845276,-17837853.946106,7309.189175,-8.566856
19761.029412,118408173.594543,-17853081.961182,7308.970370,-8.574483
19791.666667,118395036.744812,-17886036.946045,7308.477694,-8.591014
19831.730769,118387260.095825,-17918276.459229,7308.302577,-8.606824
19856.770833,118358601.733887,-17980025.974121,7307.138169,-8.638098
19886.363636,118375788.001587,-18011777.234314,7308.466546,-8.651884
19921.875000,118352981.181763,-18010427.954956,7307.077938,-8.652888
19965.277778,118345877.897522,-18048793.822205,7307.001997,-8.671553
20000.000000,118324290.503906,-18110262.816528,7306.266128,-8.702198
20019.531250,118322743.666992,-18107286.577942,7306.145318,-8.700901
20040.760870,118306583.071533,-18129887.147034,7305.379106,-8.712767
20089.285714,118297648.972839,-18166006.597900,7305.174387,-8.730507
20148.026316,118278638.276550,-18228184.431274,7304.604569,-8.761312
20182.291667,118263701.678040,-18255452.526123,7303.957244,-8.775306
20220.588235,118254996.461060,-18312041.735046,7303.959891,-8.802721
20241.477273,118251858.194580,-18312058.714539,7303.770756,-8.802959
20312.500000,118224303.526001,-18403316.631653,7302.963392,-8.848165
20380.434783,118200420.823792,-18457113.443054,7302.028890,-8.875384
20399.305556,118192938.629578,-18471441.190674,7301.712650,-8.882717
20432.692308,118172490.135986,-18506530.631042,7300.810572,-8.900836
20461.309524,118173322.055603,-18533271.971680,7301.113451,-8.913430
20507.812500,118154215.952820,-18572512.303650,7300.332891,-8.933419
20559.210526,118139170.738342,-18627189.440369,7299.944752,-8.960415
20596.590909,118118852.372437,-18658203.043762,7299.014832,-8.976610
20647.321429,118107718.381653,-18705073.219299,7298.790522,-8.999626
20680.147059,118105353.755554,-18729224.450195,7298.878705,-9.011233
20703.125000,118085398.324036,-18762629.119080,7297.995393,-9.028541
20720.108696,118070545.660400,-18809627.548767,7297.550822,-9.051902
20833.333333,118037448.402283,-18874253.585144,7296.177617,-9.084989
20951.704545,118004627.821716,-18974771.194763,7295.170992,-9.135057
20970.394737,117991799.418335,-18986779.419922,7294.514325,-9.141717
20996.093750,117980807.075745,-19018693.727295,7294.161665,-9.157662
21033.653846,117968750.367920,-19054341.441223,7293.781767,-9.175457
21059.782609,117903055.702209,-19235935.762939,7291.599843,-9.266465
21093.750000,117962239.136292,-19109298.132996,7293.925077,-9.201968
21139.705882,117929789.902649,-19144534.207764,7292.314288,-9.221138
21158.854167,117928714.435120,-19165379.546692,7292.453483,-9.231088
21205.357143,117906732.411560,-19210213.655579,7291.568698,-9.254005
21267.361111,117903789.839417,-19281186.435425,7292.089310,-9.287827
21306.818182,117871078.653442,-19295230.402466,7290.257327,-9.297008
21354.166667,117856527.706726,-19355592.940613,7289.977024,-9.326714
21381.578947,117862604.440125,-19370406.152100,7290.489601,-9.333253
21399.456522,117827224.798340,-19405403.423828,7288.705553,-9.352576
21484.375000,117800320.949097,-19475249.353577,7287.779411,-9.387747
21577.380952,117793387.415955,-19579336.249268,7288.400895,-9.437565
21599.264706,117770351.384338,-19595536.495605,7287.176108,-9.447048
21634.615385,117765536.508545,-19631734.359924,7287.249182,-9.464563
21661.931818,117745645.583679,-19670817.305054,7286.444327,-9.484637
21701.388889,117728481.644775,-19667822.066650,7285.380887,-9.484576
21739.130435,117716045.946411,-19730444.711304,7285.263094,-9.515211
21763.392857,117713494.028076,-19747008.786743,7285.276674,-9.523255
21792.763158,117716310.676270,-19766263.815125,7285.640752,-9.532147
21875.000000,117667623.669373,-19884694.811951,7283.911098,-9.592096
21949.404762,117654782.975952,-19923933.916321,7283.537804,-9.611701
21972.656250,117651622.053284,-19938747.287903,7283.498602,-9.618967
22017.045455,117617556.317871,-19991190.123108,7281.984253,-9.646533
22058.823529,117604009.320251,-20033290.547485,7281.600154,-9.667558
22078.804348,117601908.700745,-20050352.432678,7281.648714,-9.675806
22135.416667,117586710.976196,-20097050.911682,7281.213940,-9.699143
22203.947368,117544209.083923,-20182495.962463,7279.537590,-9.743046
22235.576923,117535956.852478,-20204205.041748,7279.265528,-9.753997
22265.625000,117531419.382996,-20231196.973022,7279.271879,-9.767147
22321.428571,117504517.445251,-20274483.231201,7278.102433,-9.789838
22372.159091,117488315.854187,-20355195.719055,7277.967312,-9.829382
22395.833333,117485753.723694,-20351646.547119,7277.776244,-9.827911
22460.937500,117457076.297363,-20417302.274658,7276.736791,-9.861356
22518.382353,117436891.341370,-20478040.469666,7276.158897,-9.891780
22569.444444,117424216.893921,-20539390.506531,7276.041051,-9.921876
22615.131579,117392435.927551,-20574068.125977,7274.495343,-9.940931
22656.250000,117401704.799805,-20624885.104797,7275.588637,-9.964222
22693.452381,117356170.852661,-20699361.104187,7273.639541,-10.003279
22727.272727,117363184.592041,-20679041.537537,7273.845816,-9.993072
22786.458333,117332801.804016,-20747040.730469,7272.741017,-10.027810
22836.538462,117310839.602905,-20803079.278564,7272.017447,-10.056188
22879.464286,117300064.021851,-20842877.758179,7271.794430,-10.075939
22916.666667,117288036.768066,-20889432.960266,7271.569364,-10.098997
22949.218750,117273714.572449,-20908673.241150,7270.914760,-10.109316
22977.941176,117277002.148804,-20944099.092773,7271.492139,-10.125812
23003.472222,117247482.751404,-20961096.774292,7269.900944,-10.136358
23026.315789,117208815.397461,-21096453.555176,7269.036625,-10.203738
23046.875000,117241409.864380,-20999899.145813,7269.953256,-10.155247
23065.476190,117154089.816284,-21218593.943176,7267.074113,-10.266254
23082.386364,117230778.507446,-21048729.360413,7269.840640,-10.179271
23437.500000,117087472.718628,-21395860.499817,7265.010278,-10.355936
23809.523810,116934032.636536,-21764842.513489,7259.884864,-10.544076
23828.125000,116918368.425964,-21812228.312012,7259.474787,-10.567900
23848.684211,116917375.929260,-21786892.056763,7259.131781,-10.555988
23871.527778,116912808.826965,-21809298.385376,7259.108405,-10.567003
23897.058824,116913258.185669,-21826960.389282,7259.333134,-10.575328
23925.781250,116903435.759888,-21859952.552734,7259.113654,-10.591821
23958.333333,116883967.499451,-21885884.122070,7258.236756,-10.605827
23995.535714,116872478.271851,-21924320.677612,7257.979658,-10.625051
24038.461538,116856377.746887,-21961630.175049,7257.434052,-10.644152
24088.541667,116835745.590088,-22014800.625610,7256.796631,-10.671172
24147.727273,116800268.158081,-22087304.656921,7255.489639,-10.708682
24181.547619,116793476.189453,-22112197.634155,7255.364785,-10.721081
24218.750000,116783003.922302,-22136832.240784,7255.016630,-10.733688
24259.868421,116772378.831238,-22173013.681458,7254.791105,-10.751778
24305.555556,116736756.342712,-22239572.460754,7253.414180,-10.786510
24356.617647,116726164.943787,-22268146.986633,7253.105766,-10.801001
24414.062500,116693398.416992,-22330110.802002,7251.851114,-10.833315
24479.166667,116680189.264648,-22383624.301392,7251.673905,-10.859860
24553.571429,116647933.197266,-22447886.870056,7250.480565,-10.893234
24609.375000,116617050.158875,-22504620.482178,7249.284883,-10.922926
24639.423077,116612924.217590,-22521589.767639,7249.233946,-10.931341
24671.052632,116599004.701538,-22551459.269775,7248.745735,-10.946764
24739.583333,116570608.576721,-22614878.237854,7247.780284,-10.979411
24816.176471,116542938.276489,-22694057.465637,7247.044477,-11.019465
24857.954545,116524354.917114,-22731047.280029,7246.363063,-11.038702
24902.343750,116499891.933228,-22765952.452698,7245.305851,-11.057500
25000.000000,116466735.699646,-22863013.743103,7244.458535,-11.106556
25082.236842,116415896.061279,-22993739.920288,7242.955464,-11.173224
25111.607143,116421120.054565,-22960842.744019,7242.879482,-11.157152
25173.611111,116393356.043335,-23026025.067871,7241.987939,-11.190629
25240.384615,116367268.838806,-23083457.804932,7241.107207,-11.220285
25275.735294,116355369.159485,-23122281.750061,7240.856274,-11.239796
25390.625000,116307524.651001,-23233766.162781,7239.321919,-11.297126
25493.421053,116174016.072937,-23524678.049866,7234.834128,-11.447668
25520.833333,116249552.828491,-23352989.547424,7237.281789,-11.359110
25568.181818,116227764.849854,-23400552.647339,7236.550405,-11.383719
25607.638889,116217371.584106,-23441696.676270,7236.424637,-11.404204
25669.642857,116184593.727112,-23494315.514832,7235.099368,-11.432269
25735.294118,116111702.026123,-23650884.863953,7232.639941,-11.513461
25781.250000,116142107.633240,-23598283.276001,7233.818502,-11.485607
25841.346154,116116069.675598,-23645127.894348,7232.831042,-11.510311
25878.906250,116107204.848083,-23690962.431213,7232.859632,-11.532883
25904.605263,116083753.329712,-23723014.441162,7231.848579,-11.550338
26041.666667,116020297.720154,-23827319.786926,7229.331986,-11.605921
26194.852941,115965780.956177,-23971600.507019,7227.850078,-11.679612
26227.678571,115959157.798035,-24013275.026123,7227.969574,-11.700008
26278.409091,115929789.249451,-24049541.134888,7226.663563,-11.720076
26315.789474,115899658.937012,-24119741.510193,7225.734634,-11.756307
26367.187500,115897778.937378,-24135074.846802,7225.813037,-11.763758
26442.307692,115863813.743652,-24214041.536743,7224.767908,-11.804532
26475.694444,115826823.302307,-24285823.573425,7223.455715,-11.842214
26562.500000,115809015.058228,-24310353.387573,7222.699331,-11.855608
26654.411765,115770664.759705,-24392827.433228,7221.444676,-11.898513
26692.708333,115755787.303955,-24429174.554871,7221.013893,-11.917224
26726.973684,115739560.127136,-24453872.227722,7220.356258,-11.930552
26785.714286,115714718.463623,-24510306.696838,7219.585753,-11.959787
26855.468750,115680682.910461,-24572993.279724,7218.347485,-11.992916
26909.722222,115654591.171448,-24616248.389404,7217.338855,-12.016045
26988.636364,115624140.200562,-24692520.897827,7216.491800,-12.055271
27043.269231,115604636.575256,-24732087.154968,7215.832452,-12.075999
27083.333333,115581947.473206,-24777216.985352,7215.055106,-12.099691
27113.970588,115563984.866089,-24800453.547241,7214.280543,-12.112530
27343.750000,115456215.012024,-25027499.654114,7210.772301,-12.231165
27573.529412,115367547.518066,-25210347.211121,7207.857569,-12.326983
27604.166667,115349602.082153,-25250382.963928,7207.309645,-12.347821
27644.230769,115339359.403076,-25277924.733093,7207.058621,-12.361940
27698.863636,115314076.206360,-25330839.891541,7206.243464,-12.389652
27777.777778,115269575.737488,-25419828.647461,7204.758313,-12.436476
27832.031250,115247371.405823,-25466301.621704,7204.046335,-12.460829
27901.785714,115221501.282532,-25504685.366211,7203.010476,-12.481737
27994.791667,115178217.435608,-25598819.352539,7201.675413,-12.530912
28033.088235,115135843.460632,-25695161.079773,7200.429210,-12.581056
28125.000000,115109192.138733,-25727542.543640,7199.272415,-12.599229
28211.805556,115088065.804749,-25788606.564514,7198.828026,-12.630419
28245.192308,115067202.940735,-25840405.990356,7198.277536,-12.657193
28320.312500,115027617.925049,-25901144.463257,7196.733601,-12.690206
28409.090909,114988343.193665,-25981266.538940,7195.471186,-12.732391
28459.821429,114967566.349792,-26028971.699402,7194.876619,-12.757235
28492.647059,114838503.769897,-26248305.962158,7190.164852,-12.875147
28645.833333,114880974.568909,-26192265.685364,7191.930869,-12.843979
28808.593750,114808155.111938,-26323871.877930,7189.388427,-12.914271
28846.153846,114794990.221863,-26369340.068665,7189.226013,-12.937261
28906.250000,114757730.124695,-26427794.054688,7187.809363,-12.969039
28952.205882,114731758.859436,-26494326.651001,7187.177233,-13.003424
29017.857143,114714867.773865,-26514595.205017,7186.451189,-13.014884
29119.318182,114669974.968994,-26609726.447144,7185.091808,-13.064920
29166.666667,114577305.523254,-26758215.596191,7181.637812,-13.145559
29296.875000,114583013.128296,-26772283.880859,7182.172380,-13.151598
29411.764706,114509186.933899,-26897881.270691,7179.533654,-13.219356
29447.115385,114506949.136169,-26897925.709167,7179.401305,-13.219627
29513.888889,114472874.219421,-26969822.706177,7178.381679,-13.257523
29575.892857,114446928.210999,-27005991.605835,7177.346915,-13.277576
29687.500000,114390288.455017,-27102076.005859,7175.332048,-13.329496
29785.156250,114328352.273132,-27223645.138611,7173.368735,-13.394130
29829.545455,114335964.992371,-27223058.811340,7173.812466,-13.392992
29871.323529,114309224.273621,-27249670.192139,7172.601165,-13.408635
29947.916667,114273451.218994,-27313684.087036,7171.384530,-13.443047
30048.076923,114233845.576416,-27403591.131714,7170.311502,-13.490188
30133.928571,114188149.686218,-27475754.413452,7168.628485,-13.529622
30208.333333,114148894.181519,-27544272.595825,7167.278804,-13.566609
30273.437500,114122991.203979,-27590310.081604,7166.401683,-13.591414
30381.944444,114070766.169006,-27690444.022827,7164.742635,-13.644913
30468.750000,114028502.479492,-27755281.041138,7163.170726,-13.680543
30539.772727,113995574.361206,-27805824.095154,7161.948357,-13.708326
30598.958333,113973352.598450,-27877514.862549,7161.669042,-13.744909
30649.038462,113942051.366394,-27915778.786804,7160.368636,-13.766695
30691.964286,113926334.550476,-27936155.908386,7159.732996,-13.778190
30729.166667,113901961.694336,-27967252.653687,7158.740526,-13.795780
30761.718750,113877374.427612,-28017470.270630,7158.014757,-13.822472
31250.000000,113654877.871399,-28407654.908264,7150.565866,-14.033780
31738.281250,113417177.328186,-28820294.111267,7142.652381,-14.258014
31770.833333,113374477.126160,-28887155.603455,7141.132928,-14.294900
31808.035714,113377398.464355,-28872189.323975,7141.080231,-14.287444
31850.961538,113354032.492310,-28910042.783997,7140.268796,-14.308235
31901.041667,113336886.592773,-28958010.445312,7139.978945,-14.333077
31960.227273,113296097.736023,-28989733.907288,7138.046575,-14.353083
32031.250000,113279945.684631,-29049017.128540,7137.989439,-14.383184
32118.055556,113226348.562256,-29128630.035645,7136.029749,-14.427503
32226.562500,113194782.681152,-29211071.608215,7135.419534,-14.470491
32291.666667,113004388.047791,-29493482.451355,7128.501194,-14.627988
32366.071429,113117385.275146,-29319292.678162,7132.499849,-14.531354
32451.923077,113069059.548096,-29391355.685974,7130.749893,-14.571513
32552.083333,113013949.269714,-29478185.010681,7128.830151,-14.619542
32670.454545,112962893.826477,-29579708.477844,7127.381991,-14.674068
32812.500000,112885410.746216,-29711477.508911,7124.849903,-14.746272
32924.107143,112825504.208191,-29792913.985596,7122.581313,-14.792428
32986.111111,112799809.690430,-29879883.838684,7122.422406,-14.836938
33052.884615,112756474.287170,-29906776.801208,7120.286204,-14.855157
33203.125000,112682304.417664,-30040417.857788,7118.007359,-14.927966
33333.333333,112606391.511780,-30173425.044800,7115.627236,-15.000743
33380.681818,112579296.338318,-30206119.939514,7114.546681,-15.019714
33482.142857,112533783.215088,-30305891.873413,7113.444789,-15.072889
33593.750000,112486522.089233,-30386876.449646,7111.946888,-15.117387
33653.846154,112371436.074524,-30572509.127563,7108.131802,-15.220326
33854.166667,112351455.145447,-30591517.915649,7107.259739,-15.231933
34040.178571,112222012.281372,-30823299.569946,7103.370637,-15.358782
34090.909091,112218699.826660,-30799074.845764,7102.784192,-15.347713
34179.687500,112169647.719971,-30874084.156677,7101.110619,-15.389731
34254.807692,112132759.836426,-30930525.025269,7099.855116,-15.421358
34375.000000,112062950.357666,-31069147.980835,7098.003515,-15.496346
34505.208333,112013222.826294,-31166156.719055,7096.663561,-15.548962
34598.214286,111956772.031555,-31250833.388794,7094.731937,-15.596634
34722.222222,111894117.509033,-31365234.705017,7092.930078,-15.659270
34801.136364,111850459.869263,-31416564.138794,7091.210850,-15.689457
34855.769231,111814308.469421,-31484631.736267,7090.211455,-15.726602
35156.250000,111659528.199402,-31710281.723083,7084.868446,-15.854528
35456.730769,111511366.017151,-31971538.892517,7080.547826,-15.998653
35511.363636,111472310.833008,-32032219.634460,7079.278379,-16.032787
35590.277778,111421254.631836,-32098086.168030,7077.395167,-16.071036
35714.285714,111380213.059448,-32184786.733337,7076.455286,-16.117825
35807.291667,111320325.818604,-32272822.731628,7074.438018,-16.167854
35937.500000,111248238.479187,-32376534.864868,7071.978434,-16.227040
36057.692308,111183907.903687,-32472974.218811,7069.856391,-16.281738
36132.812500,111146967.324402,-32514901.329834,7068.410198,-16.306775
36221.590909,111087195.208801,-32613968.241760,7066.609698,-16.362136
36272.321429,111074671.813904,-32643249.944885,7066.379999,-16.377787
36458.333333,110933698.086182,-32847759.255005,7061.658819,-16.494646
36658.653846,110820263.663818,-32993954.311523,7057.561367,-16.580069
36718.750000,110821519.193298,-33000839.070068,7057.754735,-16.583161
36830.357143,110758887.280762,-33103853.490723,7055.888955,-16.640957
36931.818182,110712488.561707,-33162278.273499,7054.197986,-16.675296
37109.375000,110612626.882568,-33318282.426880,7051.099664,-16.763631
37259.615385,110356344.709290,-33680020.075623,7042.536461,-16.972340
37326.388889,110502958.298340,-33476531.024048,7047.484955,-16.854520
37500.000000,110395118.877808,-33620261.421936,7043.736581,-16.938342
37642.045455,110320079.440063,-33736991.701660,7041.435513,-17.004661
37760.416667,110251993.320312,-33839959.153870,7039.303065,-17.063474
37860.576923,110181010.569275,-33912288.322205,7036.458729,-17.108192
37946.428571,110127994.514893,-34002159.646179,7034.982349,-17.158646
38085.937500,110071947.096191,-34076949.103455,7033.062384,-17.202402
38194.444444,110005725.609314,-34168021.655762,7030.848191,-17.255419
