Barrido en frecuencia desde 100 hasta 80001 con incrementos 100
Metodo usado: CA de 64 ciclos seguida de LI de 1 ciclo 
Formato: frecuencia,X,Y,R,phi 

100,121731228.509888,-168084.353027344,7430.11838458211,-0.0791129608084641 
200,121688071.316528,-1085707.9666748,7427.77273443323,-0.511182674441127 
300,121609843.011597,-2372378.30749512,7424.11457380921,-1.11759066439153 
400,121491596.456299,-3785534.47558594,7419.08374507583,-1.78469131502468 
500,121333592.119263,-5248592.25341797,7412.76648141439,-2.47693007080798 
600,121137143.206665,-6735175.0267334,7405.26964325067,-3.18234511720869 
700,120895364.446777,-8273246.27075195,7396.35095058544,-3.91482506981123 
800,120628308.925049,-9729060.80871582,7386.70082498792,-4.61110772075777 
900,120319826.291504,-11202806.5283203,7375.72798612864,-5.31939163090546 
1000,119971901.369995,-12683686.6981201,7363.53718973984,-6.03501451363454 
1100,119589640.058594,-14151971.2347412,7350.327171368,-6.74886819769251 
1200,119170527.960083,-15604072.7824707,7335.90364323774,-7.45981380681965 
1300,118721450.194702,-17024433.7431641,7320.52826740728,-8.16047630804414 
1400,118229874.865479,-18462620.1713867,7303.85700828722,-8.87555104044704 
1500,117708900.243896,-19866137.8265381,7286.2067047008,-9.57972960043985 
1600,117156445.276245,-21251670.642334,7267.57564973281,-10.2814106553087 
1700,116573980.642944,-22609930.1999512,7247.92482641109,-10.9764334496725 
1800,115964551.053711,-23951160.4116211,7227.52410723641,-11.6697026149472 
1900,115322804.914429,-25274551.9935303,7206.02753947352,-12.3616963680877 
2000,114657495.476196,-26563891.0498047,7183.7178606799,-13.0441718047146 
2100,113960903.294067,-27834301.3399658,7160.30464833717,-13.7254470899848 
2200,113245263.73584,-29078380.1962891,7136.38445003403,-14.4009200879843 
2300,112489173.335938,-30314788.4813232,7110.95692106421,-15.0823747796993 
2400,111735787.692871,-31486145.8383789,7085.62336370794,-15.7373616965727 
2500,110947037.221802,-32651927.1671143,7059.05550923085,-16.3992578211612 
2600,110101702.595459,-33835480.0489502,7030.45375044288,-17.0827764830653 
2700,109312413.568604,-34897961.9729004,7003.86734155215,-17.7056704912342 
2800,108277847.32251,-36218050.7370605,6968.87726007575,-18.4946651475685 
2900,107605866.357178,-37035370.6959229,6946.06670216667,-18.9922402725664 
3000,106731791.409912,-38060208.0897217,6916.40051418275,-19.6260682958066 
3100,105840066.504883,-39055909.5562744,6885.96149868081,-20.2545015556034 
3200,104910300.228516,-40052803.9262695,6854.21486857624,-20.8959274298896 
3300,104019691.1698,-40964386.4354248,6823.64857038095,-21.4952031368241 
3400,103094460.9823,-41874595.9836426,6791.84602703665,-22.1058567841367 
3500,102008492.785278,-42891592.5183105,6754.29741847427,-22.805331852725 
3600,101210038.731323,-43609498.3326416,6726.61742261476,-23.3102993615659 
3700,100249620.085327,-44440177.489502,6693.2082054109,-23.907481014607 
3800,99288849.9470215,-45239911.6522217,6659.73046201495,-24.4958790388646 
3900,98270578.7884521,-46054559.6119385,6624.17000768466,-25.1101625482528 
4000,97318259.5548096,-46772224.4921875,6590.43933501824,-25.6694506092232 
4100,96383288.3554688,-47457230.9406738,6557.41208774441,-26.2147257456429 
4200,95394548.9439697,-48146602.8172607,6522.17472312782,-26.7805442685898 
4300,94414153.6513672,-48810668.4718018,6487.32316042064,-27.3382699247544 
4400,93436053.6956787,-49442256.3812256,6452.28931220116,-27.8858274816508 
4500,92445689.0079346,-50053929.9244385,6416.61407029081,-28.4329518959161 
4600,91435977.4257813,-50650445.7489014,6380.04914916329,-28.9840143222225 
4700,90463946.1879883,-51204132.5081787,6344.79408199097,-29.5105992802484 
4800,89495588.4539795,-51727299.6812744,6309.34261629516,-30.0273601845817 
4900,88527819.7974854,-52231917.9486084,6273.8657367788,-30.5408469420843 
5000,87539697.394043,-52723077.0233154,6237.41040788052,-31.0595551890244 
5100,86569959.1362305,-53186055.5244141,6201.52763152245,-31.5653513862843 
5200,85513654.0755615,-53661834.835083,6162.07251586097,-32.109240714857 
5300,84610957.5162354,-54049673.5050049,6128.18398229246,-32.5705335139994 
5400,83662677.1687012,-54440921.5938721,6092.47831128464,-33.0528315445066 
5500,82688136.7513428,-54824640.49646,6055.61955745556,-33.5455361490699 
5600,81760900.151123,-55169240.4613037,6020.27084913926,-34.0100251651879 
5700,80794157.3382568,-55509789.4262695,5983.19486536695,-34.4910902489368 
5800,79862727.203125,-55824849.4953613,5947.4206351228,-34.9539356764834 
5900,78938602.5484619,-56119468.4711914,5911.6795589203,-35.4099930152347 
6000,77998544.776001,-56403765.088501,5875.16032592678,-35.8721471918119 
6100,77086874.4366455,-56664245.7854004,5839.56282549425,-36.318488859266 
6200,76172040.6254883,-56906008.5290527,5803.48551992556,-36.7623836821928 
6300,75268183.4578857,-57133553.6387939,5767.76976656542,-37.2009141618256 
6400,74358389.5656738,-57344432.5574951,5731.48789654621,-37.6390434962555 
6500,73488498.3033447,-57534896.9897461,5696.69447372226,-38.0577552620173 
6600,72607606.7219238,-57714439.6192627,5661.26859521417,-38.4805372083988 
6700,71768467.0524902,-57871799.9226074,5627.2881222658,-38.8815957868677 
6800,70877603.4401855,-58026279.668335,5591.03218300609,-39.3065990437138 
6900,70013219.6115723,-58161246.6351318,5555.56972636361,-39.7170249983597 
7000,69189284.9060059,-58281357.8856201,5521.69961502376,-40.1089964627114 
7100,68324326.4211426,-58393411.0679932,5485.86792401533,-40.5188681048073 
7200,67522171.8726807,-58488629.338501,5452.544366262,-40.8995584960612 
7300,66701173.0087891,-58571500.2387695,5418.10291446607,-41.2869500662219 
7400,65884896.9063721,-58642606.1986084,5383.65015246233,-41.6715320956603 
7500,65098218.0880127,-58703177.8338623,5350.35380473793,-42.0429780893703 
7600,64299385.12146,-58752517.1245117,5316.27501473123,-42.418998653453 
7700,63578802.6870117,-58789640.2757568,5285.42732588201,-42.7587455184213 
7800,62667256.0286865,-58821374.4615479,5246.03824186263,-43.1868326372533 
7900,61742986.31604,-58842217.9118652,5205.92566128487,-43.621972406084 
8000,61265962.8433838,-58847276.4448242,5185.10110009425,-43.8464069648385 
8100,60435886.967041,-58846393.3109131,5148.64329717195,-44.2365514143428 
8200,59761364.8798828,-58837976.3856201,5118.86594538207,-44.5539166236861 
8300,59058382.2642822,-58821741.0706787,5087.67983232717,-44.8849804101364 
8400,58363060.2661133,-58796639.4650879,5056.61094765346,-45.2120366033213 
8500,57636570.2288818,-58761955.6530762,5023.95909141995,-45.5539402291881 
8600,56998930.536499,-58724929.654541,4995.16142982354,-45.854492174709 
8700,56269871.9886475,-58672773.4842529,4961.97285290649,-46.1976065354651 
8800,55076991.8369141,-58570761.6970215,4907.31906535803,-46.7608376394589 
8900,54949149.1225586,-58559553.7325439,4901.47797049296,-46.821809455353 
9000,54264161.1606445,-58487739.0695801,4869.75003708817,-47.1452418690093 
9100,53626784.1081543,-58415396.6643066,4840.12035517454,-47.4472962960946 
9200,52978121.098877,-58334515.4343262,4809.77790004942,-47.7549633719282 
9300,52352801.8704834,-58247778.0736084,4780.26233152231,-48.0509601399567 
9400,51711505.6777344,-58154723.0201416,4749.93972912084,-48.3563252430645 
9500,51115227.8085938,-58060182.5593262,4721.5009608806,-48.6398412346688 
9600,50532576.487915,-57964358.8394775,4693.66666336881,-48.9185040062647 
9700,49937269.5480957,-57857486.095459,4664.92945924892,-49.2022545382701 
9800,49259782.7302246,-57730487.8901367,4632.11679167788,-49.5268169803329 
9900,48784522.8226318,-57638266.0239258,4609.04242307224,-49.7557164949149 
10000,48187825.5380859,-57515852.7355957,4579.8674163615,-50.0397159000666 
10100,47632532.5123291,-57396068.6600342,4552.54615297542,-50.3075964689256 
10200,47076812.0405273,-57269685.5783691,4524.99788073794,-50.5757225206021 
10300,46537781.1071777,-57143401.2646484,4498.19779887064,-50.8371132684499 
10400,45898957.5482178,-56983879.793335,4466.09033868277,-51.1461081605766 
10500,45466951.59375,-56872495.7884521,4444.28489638585,-51.3558697799066 
10600,44918720.3425293,-56726568.5175781,4416.48070295161,-51.6227923053091 
10700,44381399.0388184,-56576891.157959,4389.00443194134,-51.8844065834767 
10800,43907774.5093994,-56443700.8342285,4364.80157790131,-52.1171165829792 
10900,43402619.0216064,-56291765.0994873,4338.59020281301,-52.3633140641586 
11000,42936086.0977783,-56151312.2426758,4314.44837031441,-52.5932754880186 
11100,42416020.9664307,-55989306.8522949,4287.35479155073,-52.8499938717849 
11200,41954031.6665039,-55839200.869751,4263.0576625592,-53.0777261726307 
11300,41435884.1726074,-55666284.6308594,4235.66468517393,-53.3339947327558 
11400,40996035.8702393,-55517836.00354,4212.39683131787,-53.5533296191481 
11500,40539198.7709961,-55357883.0554199,4188.01219109762,-53.7808657979968 
11600,40092420.013916,-55198568.2045898,4164.08664881071,-54.0045430151229 
11700,39564983.1218262,-55004999.1834717,4135.65231191313,-54.2692151258426 
11800,39167919.9161377,-54855466.2647705,4114.11609502287,-54.4689928381888 
11900,38754914.2248535,-54696485.786377,4091.59731188251,-54.6773188965169 
12000,38357811.1657715,-54539516.1895752,4069.79193948911,-54.8777628209336 
12100,37942295.7675781,-54374042.2926025,4046.9680648393,-55.0892041167322 
12200,37484471.2084961,-54186122.2314453,4021.60380693263,-55.3221814598459 
12300,37049456.2935791,-54003023.9499512,3997.33706887091,-55.5440398780905 
12400,36730888.8505859,-53865401.6317139,3979.42625542728,-55.7064732529073 
12500,36301146.5246582,-53675478.6270752,3955.10003959436,-55.9258050268296 
12600,35907139.4257813,-53503810.5880127,3932.97297625941,-56.130499741965 
12700,35542215.6077881,-53337968.0888672,3912.17673131363,-56.3187548570005 
12800,35131703.6988525,-53149210.121582,3888.72166833986,-56.5318417706367 
12900,34741295.2723389,-52966322.5443115,3866.29355774889,-56.7352157833081 
13000,34324253.8522949,-52766893.4381104,3842.18189987898,-56.9530657649678 
13100,34045539.5096436,-52631251.2304688,3825.97804378841,-57.0990149719036 
13200,33677158.7362061,-52449752.0517578,3804.48567359115,-57.2927218348889 
13300,33283604.5733643,-52251691.5018311,3781.35913903529,-57.5000296302979 
13400,32999292.171875,-52105398.8201904,3764.51764400006,-57.6497816153247 
13500,32649861.138916,-51927283.8389893,3743.94140569319,-57.8365140491706 
13600,32292595.3397217,-51740049.8891602,3722.67999871144,-58.0270160805982 
13700,31875134.852417,-51514084.9874268,3697.51619680581,-58.2488124773595 
13800,31621788.0496826,-51378316.036377,3682.34308766846,-58.3855711597703 
13900,31339567.6057129,-51221962.8328857,3665.19953665657,-58.5367033275767 
14000,30991834.2502441,-51028667.7772217,3644.0780712206,-58.7245498231512 
14100,30649473.5408936,-50836665.012207,3623.23309159477,-58.910787259876 
14200,30342779.5568848,-50658660.8692627,3604.27818948397,-59.0764570404642 
14300,30052112.3684082,-50489321.2462158,3586.30847626629,-59.2347666845167 
14400,29736563.1203613,-50305863.6397705,3566.85168099271,-59.4086210952576 
14500,29423596.317627,-50119496.2818604,3547.35472057749,-59.5807332533312 
14600,29136497.34729,-49945569.9620361,3529.34149243139,-59.7388113594358 
14700,28846228.8822021,-49768283.9144287,3511.08097266685,-59.8995632390345 
14800,28570042.30896,-49596183.1362305,3493.55160938925,-60.0523689130679 
14900,28239168.2498779,-49388059.8837891,3472.48129294351,-60.2364887892964 
15000,28015492.4766846,-49246135.1729736,3458.19269650605,-60.361611515882 
15100,27729876.5737305,-49062341.072998,3439.51853663674,-60.5267173107667 
15200,27495313.0643311,-48911305.9541016,3424.45892401599,-60.6593510859709 
15300,27205645.5072021,-48721182.4301758,3405.69485009604,-60.8229553619427 
15400,26971325.3186035,-48565825.536377,3390.45331571501,-60.9558420080131 
15500,26973123.7420654,-48568415.5238037,3390.64479569346,-60.9555173748982 
15600,26359157.0599365,-48152484.9609375,3350.32213200879,-61.3049684926892 
15700,26358836.7424316,-48153143.9135742,3350.34802220112,-61.3055919990307 
15800,25747316.0297852,-47727676.6585693,3309.71184482752,-61.6564909202185 
15900,25662691.5544434,-47668621.0494385,3304.08881699365,-61.705639758763 
16000,25437300.4304199,-47508993.7584229,3288.99848685586,-61.8361908129969 
16100,25157303.0622559,-47308542.6428223,3270.16032412147,-61.9989682298072 
16200,24774693.7512207,-47030163.3027344,3244.22045304339,-62.2222086706283 
16300,24709301.0068359,-46982574.505127,3239.79142249103,-62.2607156617866 
16400,24475102.0274658,-46808127.4692383,3223.72431800815,-62.3974769162771 
16500,24277407.6213379,-46661297.7092285,3210.19909628056,-62.5142005025812 
16600,24034232.9770508,-46476498.0029297,3193.35358030811,-62.6570239125602 
16700,23515998.9880371,-46080156.1363525,3157.38455139645,-62.9652122281978 
16800,23604457.1108398,-46148772.5244141,3163.57002277538,-62.9125965686776 
16900,23435165.4761963,-46017987.4812012,3151.76357866141,-63.0137418039848 
17000,23159773.6090088,-45803759.5606689,3132.49848297901,-63.1791623658532 
17100,22978089.699585,-45661095.0987549,3119.73056265336,-63.2887417561029 
17200,22775534.925415,-45502614.4438477,3105.54073803479,-63.4122592220779 
17300,22546424.1398926,-45317235.3363037,3089.17365922036,-63.5502513066306 
17400,22341258.4111328,-45151604.2680664,3074.55294539442,-63.675256068872 
17500,21989243.6561279,-44860942.7242432,3049.14682661124,-63.8892547536366 
17600,21989575.6048584,-44862667.2822266,3049.25025285621,-63.8897833881276 
17700,21707774.4555664,-44628223.5079346,3028.84639975168,-64.0627926552294 
17800,21568750.2507324,-44510251.2977295,3018.66366061123,-64.1478388709661 
17900,21361717.2526855,-44335669.3641357,3003.57261127488,-64.2761131538224 
18000,21177018.0831299,-44178512.2579346,2990.04483959753,-64.3909301451785 
18100,21011050.3991699,-44036338.8614502,2977.84675354401,-64.4945096102493 
18200,20737001.0985107,-43798899.9117432,2957.57876189106,-64.6660556833962 
18300,20521672.0351563,-43609198.1080322,2941.49907465194,-64.8009136075915 
18400,20428533.0131836,-43526850.0223389,2934.53277071833,-64.8595543365729 
18500,20275459.7637939,-43390888.3980713,2923.05596638282,-64.9562212787975 
18600,20103756.6959229,-43237799.0061035,2910.16023127973,-65.0652659223081 
18700,19966221.0224609,-43114114.5321045,2899.77967576912,-65.1527745674455 
18800,19751828.4920654,-42920987.2252197,2883.59384892068,-65.290274839484 
18900,19572582.6964111,-42757195.27771,2869.94531049729,-65.4052444395429 
19000,19255404.1694336,-42466220.4121094,2845.75918979121,-65.6108060210312 
19100,19271266.1779785,-42480355.0545654,2846.94468095917,-65.6002314347289 
19200,19096056.9331055,-42315958.0976563,2833.39538888695,-65.7133309032189 
19300,18942631.3563232,-42171565.723999,2821.51561458925,-65.8130396952156 
19400,18582490.1520996,-41827987.7683105,2793.40501594852,-66.0480604851191 
19500,18584023.9445801,-41828993.4837646,2793.499115634,-66.0468169992691 
19600,18584468.626709,-41830246.3970947,2793.58001537465,-66.0469450836785 
19700,18324816.262207,-41579894.0251465,2773.19497968213,-66.2179805170907 
19800,18189150.9302979,-41446925.0196533,2762.43310311646,-66.3072479150636 
19900,18017889.6141357,-41278069.0192871,2748.8013268335,-66.4204269954456 
20000,17854047.5393066,-41117261.5981445,2735.81129643698,-66.5301317230109 
20100,17752660.8688965,-41016334.5760498,2727.69859833882,-66.5978188337618 
20200,17620786.4302979,-40883307.5811768,2717.05397653626,-66.6855729686706 
20300,17435274.1224365,-40697222.1760254,2702.14951890953,-66.8107238989972 
20400,17313211.0296631,-40573601.0593262,2692.28351291543,-66.8932240791737 
20500,17163176.3192139,-40419945.5352783,2680.06852789173,-66.9945917630325 
20600,17043056.7059326,-40295744.6887207,2670.22869725906,-67.0758130792223 
20700,16898872.0667725,-40148038.7469482,2658.50216765015,-67.1748031956017 
20800,16722801.8988037,-39968332.1619873,2644.23061933647,-67.2972133442807 
20900,16569157.8526611,-39807143.0611572,2631.54047204229,-67.402884184625 
21000,16511643.9017334,-39746529.4648438,2626.77694039702,-67.4425621941748 
21100,16385494.2575684,-39614437.2558594,2616.38145086222,-67.5305341629199 
21200,16243283.9709473,-39463553.3977051,2604.55849369156,-67.6295390180173 
21300,16116741.8869629,-39327182.5031738,2593.92553381287,-67.7173154333466 
21400,15982772.9415283,-39181260.0040283,2582.58773512939,-67.8102393359583 
21500,15897427.9533691,-39089022.3443604,2575.40938972364,-67.8702325929456 
21600,15758267.1845703,-38938270.8081055,2563.69081005342,-67.9685959577533 
21700,15635189.890625,-38802200.1700439,2553.17772211353,-68.0549395723258 
21800,15525308.4483643,-38682019.6967773,2543.87044297376,-68.1332948868692 
21900,15383563.4888916,-38523455.4237061,2531.67102459982,-68.2334123734179 
22000,15263577.1289063,-38386782.784668,2521.21149716571,-68.3176633683881 
22100,15192861.8892822,-38309464.9641113,2515.23297328071,-68.3693021468195 
22200,15049608.4611816,-38148464.1158447,2502.87989608115,-68.4724252705154 
22300,14918272.6077881,-37998203.7203369,2491.41094113258,-68.5665065558399 
22400,14836620.7476807,-37904348.4901123,2484.25918327212,-68.6252102738489 
22500,14700469.0893555,-37747998.9047852,2472.34829290654,-68.7239291945014 
22600,14595480.4782715,-37625402.3338623,2463.0529988974,-68.7996608193134 
22700,14466444.2813721,-37476341.3900146,2451.72659377812,-68.8943553660012 
22800,14411388.9091797,-37411116.2698975,2446.80345578234,-68.934189857961 
22900,14272538.0273438,-37246216.8818359,2434.36967546819,-69.0351630494955 
23000,14181954.5015869,-37139908.5087891,2426.33457117498,-69.1022458743805 
23100,14100838.8789063,-37044007.2124023,2419.10196793013,-69.1623330121949 
23200,14101485.37854,-37043893.6846924,2419.10952948799,-69.1614012466023 
23300,13742007.2210693,-36612452.3654785,2386.72148077546,-69.4287403612626 
23400,13742534.5128174,-36613401.3911133,2386.78701584214,-69.4285056896268 
23500,13743030.27771,-36614383.8327637,2386.85378415361,-69.4283314767611 
23600,13743493.6782227,-36615832.4969482,2386.94649785465,-69.4284416790043 
23700,13358684.6977539,-36144791.6898193,2351.80881610191,-69.7179983983454 
23800,13359862.8343506,-36145214.9129639,2351.85797161147,-69.7165734695974 
23900,13298597.7017822,-36069396.7427979,2346.22212734911,-69.7630443110117 
24000,13206589.9735107,-35956229.680542,2337.80105003692,-69.8336140029352 
24100,13120026.1876221,-35846794.6700439,2329.71162554513,-69.8989449396108 
24200,13033420.394043,-35738765.1413574,2321.70495941861,-69.9655158025185 
24300,12895960.2481689,-35564061.6563721,2308.81744166218,-70.0704517518779 
24400,12822473.607666,-35470206.0159912,2301.90461557396,-70.1267958956973 
24500,12763951.5726318,-35395565.8195801,2296.40700901953,-70.171962069829 
24600,12633919.7038574,-35226426.0799561,2284.00759788283,-70.2713935584729 
24700,12594720.0020752,-35176794.6094971,2280.34901931352,-70.3022823730102 
24800,12469149.8266602,-35014616.4868164,2268.45033293341,-70.4002502270195 
24900,12395479.3493652,-34919472.5777588,2261.47286273978,-70.4582085663199 
25000,12313668.4321289,-34810797.6124268,2253.55348473108,-70.5214301492077 
25100,12219396.2281494,-34688298.5622559,2244.68502627505,-70.6034892596711 
25200,12167647.9544678,-34619028.3751221,2239.64853654328,-70.6437631543244 
25300,12084437.0106201,-34509055.9349365,2231.63365404544,-70.7096366409665 
25400,11990143.6999512,-34383242.6140137,2222.48608135914,-70.7842387820414 
25500,11744304.0073242,-34051297.1292725,2198.4280816975,-70.9796210869537 
25600,11818075.2125244,-34149860.4158936,2205.58430976271,-70.9200009143096 
25700,11769508.6784668,-34084763.2886963,2200.86075434242,-70.959099279024 
25800,11681477.5666504,-33968091.3885498,2192.37784526842,-71.0310838612937 
25900,11571778.4498291,-33816685.1092529,2181.46438679337,-71.1184477363245 
26000,11480232.4466553,-33690538.9543457,2172.37267474876,-71.1921329201227 
26100,11481073.9055176,-33691596.7399902,2172.45035043693,-71.191400016187 
26200,11365903.8905029,-33533718.4641113,2161.06501042061,-71.2853996511682 
26300,11257233.7775879,-33384744.4328613,2150.32727120243,-71.3750035594813 
26400,11239058.1806641,-33358831.8809814,2148.4742449401,-71.3895601068667 
26500,11123952.3303223,-33199253.5769043,2137.00419357931,-71.4846858194104 
26600,11096145.8065186,-33159154.430542,2134.14455217919,-71.5070134304978 
26700,11003367.7518311,-33028386.2896729,2124.78071316283,-71.5835192331512 
26800,10937190.5397949,-32934759.7611084,2118.0835947748,-71.638320024176 
26900,10849946.4559326,-32811426.7730713,2109.26321244727,-71.7111491635076 
27000,10796079.6392822,-32735903.345459,2103.85525108603,-71.7567464022492 
27100,10711000.3377686,-32610707.6638184,2094.97367690349,-71.8261653069103 
27200,10709747.1315918,-32611408.418457,2094.99044475797,-71.8285177310831 
27300,10542103.1212158,-32368821.1871338,2077.73728232598,-71.9691982714554 
27400,10542063.1514893,-32370014.472168,2077.80577777429,-71.969884166085 
27500,10401702.2891846,-32165919.9151611,2063.31298471586,-72.0889647595522 
27600,10381803.6049805,-32135772.5814209,2061.18863323492,-72.1053493279644 
27700,10319718.6086426,-32044569.4825439,2054.72767852183,-72.1581791305073 
27800,10269601.1080322,-31969675.2333984,2049.43953476591,-72.2004049156762 
27900,10189824.3724365,-31851079.0083008,2041.0602519338,-72.2683946351161 
28000,10131267.7740479,-31763578.045166,2034.88544748017,-72.3184204522668 
28100,10049378.9656982,-31641786.3859863,2026.28630018971,-72.3891907491046 
28200,9996426.44543457,-31562104.3265381,2020.6734855216,-72.4347899587315 
28300,9930251.32788086,-31461690.6986084,2013.61235728823,-72.4916967232113 
28400,9876175.59985352,-31379617.7659912,2007.84266646648,-72.5384860056536 
28500,9688279.10766602,-31091705.1981201,1987.64597654035,-72.7017441717652 
28600,9734050.76525879,-31163574.8961182,1992.66542425173,-72.6625769002604 
28700,9733788.73669434,-31163299.8081055,1992.64462997596,-72.6628718979833 
28800,9638518.18371582,-31015970.6994629,1982.32994190436,-72.7458061495136 
28900,9580774.93273926,-30928181.8482666,1976.16813002221,-72.7972828581057 
29000,9517466.53198242,-30827706.3197021,1969.16786122602,-72.8518773982407 
29100,9460325.11547852,-30737782.3175049,1962.89561502885,-72.9018885062831 
29200,9360380.43457031,-30582891.9190674,1952.06829598938,-72.9913892976897 
29300,9359977.04772949,-30582345.5605469,1952.02920414411,-72.9917938547009 
29400,9279532.48498535,-30456069.1520996,1943.22410932602,-73.0637171794169 
29500,9225741.44213867,-30370777.1815186,1937.28820954913,-73.1117267129526 
29600,9205779.60046387,-30339856.6303711,1935.12845616328,-73.1300016723693 
29700,9145581.25170898,-30243470.4456787,1928.43310566966,-73.1837127584861 
29800,9063200.80456543,-30113861.6314697,1919.40747448524,-73.2590273400641 
29900,9046918.26123047,-30085373.9556885,1917.45617540346,-73.2724898319975 
30000,8953399.24816895,-29934250.6673584,1906.98161445001,-73.3569145602585 
30100,8908651.20117188,-29863104.2631836,1902.03922850508,-73.3982521667667 
30200,8870413.26269531,-29799919.3371582,1897.67690692914,-73.4324904427345 
30300,8836505.93310547,-29746137.2401123,1893.94066336558,-73.4641644967491 
30400,8781165.65063477,-29656672.3161621,1887.74525038624,-73.5152419202482 
30500,8737490.86560059,-29583504.2023926,1882.70690307447,-73.5544419012629 
30600,8672738.60412598,-29477505.8592529,1875.38393214996,-73.6142531731774 
30700,8626126.55639648,-29401322.8319092,1870.12078366311,-73.6576615885013 
30800,8580189.81054688,-29326465.7993164,1864.94796286601,-73.7007978416066 
30900,8581937.76513672,-29327795.3046875,1865.05580221262,-73.6983522763747 
31000,8580509.54125977,-29325022.3974609,1864.86889100156,-73.6994623682639 
31100,8356564.5057373,-28952893.8066406,1839.24431081192,-73.9094255333576 
31200,8354762.359375,-28951576.1013184,1839.13654039016,-73.9120230034758 
31300,8356551.30957031,-28954013.4658203,1839.30974479233,-73.910039956679 
31400,8356916.1619873,-28954901.4615479,1839.36799230845,-73.9098416499963 
31500,8131238.72094727,-28571811.0101318,1813.09641937998,-74.1231536341856 
31600,8130718.97570801,-28571890.8253174,1813.09242204511,-74.1241599428767 
31700,8131261.09399414,-28571740.1782227,1813.09263510021,-74.1230747354772 
31800,8099595.65881348,-28518796.3713379,1809.45591917,-74.1539274857935 
31900,8057958.90661621,-28447479.4493408,1804.57491016078,-74.1937863981491 
32000,8001507.11340332,-28348372.9168701,1797.81677229704,-74.2468979999564 
32100,7961989.56152344,-28281933.6096191,1793.25942646941,-74.2858680283578 
32200,7914714.22338867,-28198605.1309814,1787.5824902846,-74.3307162403007 
32300,7775002.7845459,-27955103.1784668,1770.97416237166,-74.4663935744321 
32400,7854194.12939453,-28093148.9869385,1780.38828504695,-74.3891906854297 
32500,7817582.65795898,-28028536.5753174,1775.98904433727,-74.4243624155367 
32600,7774578.19885254,-27953730.3901367,1770.88649570173,-74.4664749623652 
32700,7724650.54455566,-27865340.6033936,1764.87308759056,-74.5148570474571 
32800,7665368.31262207,-27761244.8452148,1757.78493800987,-74.5731866899127 
32900,7619918.93408203,-27679056.328125,1752.21178258294,-74.6169634121089 
33000,7593433.37414551,-27633446.6221924,1749.09901734301,-74.6438137584739 
33100,7567545.3494873,-27587285.618042,1745.96383558773,-74.6693135844755 
33200,7506842.24731445,-27478170.293457,1738.56217704876,-74.7290029803767 
33300,7442030.57312012,-27362261.2502441,1730.69649125177,-74.7936095190313 
33400,7437149.09631348,-27352399.1296387,1730.03747822004,-74.797898948029 
33500,7397027.42333984,-27280220.3170166,1725.14437324142,-74.8379905998521 
33600,7353068.95581055,-27200451.7474365,1719.74382177197,-74.8818133108352 
33700,7273078.61535645,-27053924.0583496,1709.83814019804,-74.9615369231911 
33800,7253275.82958984,-27017036.2128906,1707.35023770676,-74.9810911036724 
33900,7252816.35424805,-27018004.6751709,1707.40005445064,-74.9825142991534 
34000,7159894.41992188,-26846211.6304932,1695.80521150307,-75.0757329070386 
34100,7164779.25402832,-26854088.0279541,1696.3465409078,-75.0701871733501 
34200,7131900.4666748,-26792925.2928467,1692.2226763694,-75.1032525796392 
34300,7103922.00756836,-26741375.9155273,1688.74323582277,-75.131781539809 
34400,7059293.54748535,-26658995.166626,1683.18494513328,-75.1774501445233 
34500,7011843.55603027,-26570957.998291,1677.24998195582,-75.2260996238405 
34600,6977707.57849121,-26508337.5822754,1673.02322937746,-75.2616920959148 
34700,6934020.39111328,-26424236.4797363,1667.38102828107,-75.3053989889516 
34800,6905819.0690918,-26372652.1318359,1663.89907496449,-75.3352108776823 
34900,6886240.52868652,-26335959.4326172,1661.4300195498,-75.3555121122536 
35000,6886383.31384277,-26336196.0465088,1661.44619591402,-75.3553473405451 
35100,6782015.64733887,-26137547.916748,1648.23599598258,-75.401683446299 
35200,6781534.58178711,-26138511.9777832,1648.2855805726,-75.4031851769357 
35300,6782043.64831543,-26138279.6447754,1648.27965742404,-75.4020158743851 
35400,6680902.89831543,-25942420.8154297,1635.16007457333,-75.5061937516488 
35500,6662174.84741211,-25907375.8342285,1632.80357373246,-75.5263196779711 
35600,6635459.48413086,-25857076.060791,1629.42416195532,-75.554965261161 
35700,6594830.25830078,-25776765.1052246,1624.05992852863,-75.5967229840014 
35800,6564053.45910645,-25718269.9919434,1620.13551644272,-75.6297883669671 
35900,6521329.65527344,-25634550.737793,1614.53970200479,-75.6746112870206 
36000,6483329.99755859,-25560500.3861084,1609.58783498567,-75.7149597516053 
36100,6459106.99841309,-25514538.1904297,1606.50512870258,-75.7414730808684 
36200,6431288.72790527,-25459308.1206055,1602.82054794169,-75.7707404117934 
36300,6415169.66662598,-25427725.8585205,1600.71061805844,-75.7879854288902 
36400,6336799.89758301,-25271366.8199463,1590.2881010043,-75.870979549379 
36500,6336433.90527344,-25271888.8154297,1590.31357298543,-75.8720394335964 
36600,6275064.42749023,-25149425.5175781,1582.15302084429,-75.9377858956019 
36700,6276726.0291748,-25153309.5297852,1582.40759790763,-75.936300940132 
36800,6242651.23852539,-25086136.9165039,1577.92621520272,-75.9735304412062 
36900,6212100.60253906,-25024956.1247559,1573.85228351825,-76.0065782648875 
37000,6212442.18237305,-25025327.8343506,1573.87932714468,-76.0060406038675 
37100,6159008.11938477,-24918588.9572754,1566.77104010935,-76.0643957397445 
37200,6027570.73937988,-24652753.2337646,1549.09865144824,-76.2084581665049 
37300,6094463.74279785,-24790457.5681152,1558.23443941958,-76.1360236180394 
37400,6094573.21203613,-24790862.994873,1558.26006580952,-76.1360022605801 
37500,6043972.16906738,-24688295.2362061,1551.44385445999,-76.1915724050393 
37600,6004345.06359863,-24607002.2695313,1546.04943777175,-76.2349132996638 
37700,6004568.09082031,-24607333.5439453,1546.0723091164,-76.2346008224729 
37800,5971129.65014648,-24539293.7303467,1541.55409920545,-76.2717065524238 
37900,5935331.12927246,-24466717.9355469,1536.73350968805,-76.3118158724006 
38000,5908190.7322998,-24414287.3494873,1533.23310612336,-76.3437834539169 
38100,5879009.18652344,-24351692.9881592,1529.10088443246,-76.3749803856405 
38200,5849484.8848877,-24289740.9903564,1525.00233926398,-76.4074554898166 
38300,5825589.15893555,-24240242.7285156,1521.72367573961,-76.4342129184613 
38400,5790185.0949707,-24166944.9832764,1516.86892686772,-76.474090592664 
38500,5767229.63769531,-24116617.8496094,1513.5552358317,-76.4985777055973 
38600,5766573.80834961,-24117202.3374023,1513.58062416656,-76.5003656066403 
38700,5765998.65026855,-24117984.8964844,1513.61891758555,-76.5020785760189 
38800,5618106.71374512,-23800284.277832,1492.66547394449,-76.6660068634137 
38900,5619008.22668457,-23802811.0933838,1492.82822428449,-76.6653113279944 
39000,5618651.77233887,-23802527.9587402,1492.80640569855,-76.6659716748179 
39100,5618943.35375977,-23802073.1174316,1492.78347436351,-76.665062026865 
39200,5618121.72729492,-23803222.4085693,1492.84022803614,-76.6675539515091 
39300,5618882.63220215,-23802433.1480713,1492.80401078236,-76.6653942655587 
39400,5434802.28710938,-23410519.994873,1466.95064043926,-76.8778474091681 
39500,5435178.89746094,-23409576.3638916,1466.89973327884,-76.8764640346211 
39600,5434879.04650879,-23409714.3206787,1466.90379660811,-76.8772347761631 
39700,5435766.24890137,-23411441.1287842,1467.01871527616,-76.8761055054003 
39800,5395145.44812012,-23323470.6968994,1461.22796557754,-76.9231883406416 
39900,5399950.55932617,-23333726.8062744,1461.90398788074,-76.9175184243996 
40000,5373583.74584961,-23276043.4211426,1458.11106722478,-76.9479370206623 
40100,5374010.17407227,-23277299.6704102,1458.1916370055,-76.9476182539157 
40200,5340171.20446777,-23206233.3277588,1453.50074651272,-76.9884862107438 
40300,5296176.03283691,-23108423.3087158,1447.08094538341,-77.0390935365744 
40400,5296228.88049316,-23107824.7836914,1447.04605608772,-77.0386458908455 
40500,5267955.06848145,-23046461.4406738,1443.00987513436,-77.0722136492863 
40600,5234172.43322754,-22971402.0014648,1438.08438152923,-77.1116286339098 
40700,5235636.01281738,-22971159.1571045,1438.08977872952,-77.1080271257678 
40800,5194401.37036133,-22882472.9046631,1432.25306330454,-77.1580728041708 
40900,5194176.38500977,-22881973.0672607,1432.22027075092,-77.1583383640538 
41000,5145213.52929688,-22771992.6495361,1425.01287894866,-77.2157717476028 
41100,5144823.5324707,-22772191.8839111,1425.01949484057,-77.2168131001963 
41200,5104959.22680664,-22683670.3205566,1419.21334965707,-77.2645615729129 
41300,5082558.43823242,-22630649.4407959,1415.75591957194,-77.2897902002454 
41400,5058941.75854492,-22575435.3737793,1412.1519061705,-77.3168928058034 
41500,5057655.49804688,-22575511.3671875,1412.13926662582,-77.3200423851038 
41600,4999426.93823242,-22443314.0911865,1403.48932477821,-77.3896143192685 
41700,4999010.59838867,-22443943.2011719,1403.52128110965,-77.390967768781 
41800,4949958.88769531,-22330221.4584961,1396.09566499821,-77.4489710597013 
41900,4949994.70922852,-22331495.3415527,1396.17205178921,-77.4495740328296 
42000,4930559.96398926,-22289126.6831055,1393.39061410964,-77.4741843662578 
42100,4889615.38195801,-22194266.645874,1387.19785504719,-77.5233193969639 
42200,4889992.67907715,-22194899.5030518,1387.24053415964,-77.5227337591616 
42300,4863494.29321289,-22133848.135498,1383.25352451989,-77.5549490282457 
42400,4843315.66955566,-22089502.6895752,1380.34561014852,-77.5807701682936 
42500,4818316.96582031,-22029378.657959,1376.43424699271,-77.6100957725275 
42600,4802628.93261719,-21992759.6340332,1374.04615592344,-77.6291883174515 
42700,4801957.06445313,-21993723.779541,1374.09490297272,-77.6313824722183 
42800,4730710.83911133,-21827640.7994385,1363.26468097931,-77.7190655916913 
42900,4730565.39660645,-21827152.5524902,1363.2336747866,-77.719164938878 
43000,4730654.22302246,-21827561.4556885,1363.25921584542,-77.7191644237784 
43100,4730961.00817871,-21827794.6343994,1363.27709226842,-77.718521974834 
43200,4645115.05114746,-21625187.3735352,1350.08320295324,-77.8246802320657 
43300,4644945.59790039,-21624820.7211914,1350.0591498591,-77.8249099360596 
43400,4645666.43835449,-21627077.5791016,1350.20307395937,-77.8243120979762 
43500,4620291.0378418,-21569140.612915,1346.42047109244,-77.8571483626603 
43600,4620791.74230957,-21570431.057373,1346.50389259463,-77.8565787623354 
43700,4569065.57214355,-21446644.1734619,1338.45520791506,-77.9209856212589 
43800,4569379.49255371,-21447102.3430176,1338.48655284148,-77.9204328400653 
43900,4541718.08203125,-21381123.7930908,1334.19612632416,-77.9553107407547 
44000,4459416.50085449,-21184185.2823486,1321.39599352294,-78.0600788457283 
44100,4459641.45581055,-21183432.6945801,1321.35387033973,-78.0590859051687 
44200,4479797.99414063,-21232582.840332,1324.54317306524,-78.0337416661924 
44300,4479773.50134277,-21233252.8721924,1324.58288140762,-78.0341701511708 
44400,4479554.26416016,-21233349.1779785,1324.58587075091,-78.0347890192798 
44500,4434043.09545898,-21121872.2978516,1317.35522690496,-78.0919180585223 
44600,4413097.28320313,-21072349.5371094,1314.13438459402,-78.1193946480184 
44700,4389584.13671875,-21016544.5220947,1310.50644370544,-78.1502841501701 
44800,4389754.32092285,-21015703.1618652,1310.45829687251,-78.1493804991911 
44900,4364013.5045166,-20952747.4830322,1306.37570340839,-78.1823745151307 
45000,4364015.68444824,-20953600.6181641,1306.42671088424,-78.1828344794482 
45100,4325447.56408691,-20859709.8530273,1300.1160881215,-78.3177645274527 
45200,4326021.35046387,-20859316.1046143,1300.09966929503,-78.3160384303922 
45300,4295107.44067383,-20784457.1791992,1295.24354516253,-78.3567170585991 
45400,4263332.23193359,-20706148.534668,1290.17127303799,-78.3981026415656 
45500,4263059.40783691,-20707712.4318848,1290.26139702926,-78.3996815283764 
45600,4251604.85314941,-20675613.7023926,1288.20177466453,-78.412566427355 
45700,4219733.26831055,-20597422.1778564,1283.13624053127,-78.4547212208381 
45800,4219055.75939941,-20597811.9780273,1283.15124784274,-78.4567430996945 
45900,4196865.74572754,-20540400.8425293,1279.44720992109,-78.4846693062094 
46000,4178315.63574219,-20494886.3442383,1276.49924977311,-78.5094958927934 
46100,4164582.29431152,-20459435.3032227,1274.21196943613,-78.5269894249819 
46200,4152697.2220459,-20431837.1890869,1272.41692400895,-78.5438664627192 
46300,4153019.38598633,-20429515.8212891,1272.28200993514,-78.5417280691031 
46400,4152309.14501953,-20429830.4414063,1272.29219193377,-78.5438131706573 
46500,4152032.78540039,-20430770.6866455,1272.34506498042,-78.5450721143136 
46600,4038130.14953613,-20145091.7774658,1253.8798458726,-78.6976884701447 
46700,4038455.68066406,-20144323.480957,1253.83777745013,-78.6963772308564 
46800,4038329.82495117,-20144942.0413818,1253.87328107034,-78.69706042704 
46900,4038664.13549805,-20143839.6563721,1253.81132721357,-78.6955420001868 
47000,4038556.51220703,-20142705.9884033,1253.74220007236,-78.6952147618848 
47100,4038473.71240234,-20143360.96521,1253.7803989865,-78.6958002714867 
47200,4038449.46313477,-20143764.8319092,1253.80427454328,-78.6960879864182 
47300,3904720.70800781,-19805958.1323242,1231.9927544056,-78.8797697572465 
47400,3905402.83764648,-19806495.3970947,1232.03297627528,-78.8781652855299 
47500,3904831.19616699,-19806898.1677246,1232.05034413545,-78.8799781450972 
47600,3904165.65222168,-19806907.7856445,1232.04306442244,-78.8818366401438 
47700,3904659.68212891,-19805956.3377686,1231.99192658265,-78.8799387062997 
47800,3887825.94421387,-19764452.7460938,1229.30825900649,-78.9040824542576 
47900,3888716.24462891,-19765039.2906494,1229.35386959809,-78.9019197740416 
48000,3868003.32678223,-19710429.09729,1225.83990594405,-78.9298197930967 
48100,3841330.04724121,-19641122.7164307,1221.37619314627,-78.9665445028318 
48200,3841335.2767334,-19640304.0321045,1221.32722040004,-78.966079921946 
48300,3841271.68481445,-19639685.8848877,1221.28945240032,-78.9659188945962 
48400,3803472.73352051,-19539711.5220947,1214.85932815914,-79.0174567869403 
48500,3802824.55358887,-19539352.27771,1214.83025031398,-79.0190905178621 
48600,3748373.74169922,-19393509.7022705,1205.45981244075,-79.0933085458911 
48700,3748071.92321777,-19394692.5532227,1205.52719324782,-79.0948191465668 
48800,3748078.17321777,-19392835.1367188,1205.41596981786,-79.0937790178796 
48900,3747977.15686035,-19392944.020752,1205.42132428171,-79.0941266562425 
49000,3709020.30566406,-19289585.5501709,1198.77752598346,-79.1484865733028 
49100,3709964.55480957,-19290408.1142578,1198.83770474392,-79.1462350273042 
49200,3689704.91870117,-19236820.8719482,1195.39285194174,-79.1748266990913 
49300,3690265.49682617,-19236531.3875732,1195.38194639134,-79.1730567698233 
49400,3657514.86450195,-19150004.2694092,1189.81972967956,-79.2196734332641 
49500,3658101.00769043,-19149350.0964355,1189.78722690434,-79.2176207247417 
49600,3657644.33703613,-19150129.1157227,1189.82869593048,-79.2193685255545 
49700,3615329.96362305,-19036617.543335,1182.54043962508,-79.2792977239964 
49800,3615354.29541016,-19036015.578125,1182.50462482841,-79.2788949239999 
49900,3615925.69897461,-19037262.7681885,1182.5859089924,-79.2779231415483 
50000,3589038.56103516,-18964887.9639893,1177.94064012025,-79.3162445227746 
50100,3589475.44555664,-18965426.2078857,1177.97787335998,-79.3152673927794 
50200,3560095.83288574,-18886683.4644775,1172.92304314312,-79.3576711736626 
50300,3544338.17602539,-18843938.9530029,1170.18151392255,-79.3802829226791 
50400,3544355.59912109,-18843679.2692871,1170.16613549694,-79.3800883178421 
50500,3544561.51342773,-18843775.8383789,1170.17425040061,-79.3795369575678 
50600,3489103.18908691,-18692766.3052979,1160.49268116288,-79.4596454216507 
50700,3488753.92749023,-18692465.9799805,1160.47075309916,-79.4605138906202 
50800,3488941.47460938,-18692154.3599854,1160.45415829777,-79.459786093625 
50900,3488736.64501953,-18692347.4674072,1160.46344972542,-79.4604995643212 
51000,3434704.09484863,-18541659.3666992,1150.81934613879,-79.5378831288171 
51100,3434663.28210449,-18542278.8012695,1150.85606324849,-79.5383478589634 
51200,3435438.0267334,-18543050.4110107,1150.91097798903,-79.5364603974947 
51300,3419565.19519043,-18500557.4783936,1148.18472852565,-79.5604165896427 
51400,3419522.96875,-18500728.2650146,1148.1945093745,-79.5606375758532 
51500,3391332.64379883,-18424869.1719971,1143.32968317624,-79.6032496607973 
51600,3392367.35571289,-18424460.4382324,1143.31658380301,-79.5999111350168 
51700,3369084.6875,-18360241.9838867,1139.20513316086,-79.6345006029594 
51800,3369013.44091797,-18361516.7069092,1139.2808653226,-79.6354218070266 
51900,3368749.30383301,-18361138.46521,1139.25525175706,-79.6360096900364 
52000,3330231.06164551,-18249047.7773438,1132.1031466123,-79.6905491935799 
52100,3328946.45861816,-18249269.7371826,1132.1024010641,-79.6945754996658 
52200,3329172.98388672,-18249265.5939941,1132.10463325802,-79.6938849046448 
52300,3287666.88806152,-18132119.8925781,1124.61754180637,-79.7554738460039 
52400,3287778.32983398,-18132183.1833496,1124.62255576607,-79.7551680185108 
52500,3287724.13317871,-18132242.1715088,1124.62550785882,-79.7553665444457 
52600,3255673.06469727,-18044519.7191162,1119.00928092539,-79.805007839691 
52700,3256456.95349121,-18043881.7950439,1118.97946359744,-79.8022432580847 
52800,3255940.21398926,-18043336.1585693,1118.94109302245,-79.803529552394 
52900,3220667.0949707,-17942373.2388916,1112.49561352175,-79.8562805804244 
53000,3220414.30297852,-17941447.135376,1112.43725830961,-79.8565483673847 
53100,3207280.96643066,-17902352.3549805,1109.94735278782,-79.8755125091947 
53200,3207258.97875977,-17902670.7352295,1109.96624190182,-79.8757575618724 
53300,3184174.48376465,-17835605.5466309,1105.68926590529,-79.9102164380337 
53400,3184129.46069336,-17834493.4639893,1105.6219707712,-79.9097384810043 
53500,3162456.13171387,-17775924.9038086,1101.87099654616,-79.9447791916826 
53600,3163269.20922852,-17775827.4047852,1101.87383085715,-79.9421846772627 
53700,3147269.80822754,-17732539.2679443,1099.10192914696,-79.9681696647405 
53800,3089815.77697754,-17564858.2519531,1088.414615415,-80.0557682084967 
53900,3090715.66638184,-17565071.5733643,1088.43695307858,-80.0530397034541 
54000,3090843.46118164,-17565230.0498047,1088.44782988453,-80.0527235970953 
54100,3089703.53515625,-17564556.9385986,1088.39531806782,-80.0559556439691 
54200,3090915.2746582,-17564987.9332275,1088.4340370104,-80.0523615854994 
54300,3041945.44775391,-17422460.0733643,1079.35042647723,-80.1285820097172 
54400,3041790.16271973,-17421957.0454102,1079.31855499021,-80.1287972929576 
54500,3042084.99890137,-17423142.2338867,1079.39290208031,-80.1285167606219 
54600,3042342.07678223,-17422308.5545654,1079.34548092703,-80.1272318031602 
54700,3041533.93469238,-17422228.9752197,1079.33221379566,-80.1297665345871 
54800,3041711.28955078,-17422696.364624,1079.36217429507,-80.1294609381756 
54900,3041763.76855469,-17423567.1726074,1079.41507732173,-80.1297786151846 
55000,3041264.83825684,-17423599.614502,1079.41179162599,-80.1313888546204 
55100,3042133.81872559,-17423818.9267578,1080.31840631114,-79.7134791731415 
55200,2952681.3157959,-17160754.8925781,1063.55382109653,-79.8545524324669 
55300,2953658.72363281,-17161584.5141602,1063.61388343714,-79.8518459675392 
55400,2953025.2598877,-17161800.0544434,1063.62029574375,-79.8540202841236 
55500,2951875.29919434,-17161665.6264648,1063.60029542088,-79.8576741647647 
55600,2953604.81555176,-17162292.3604736,1063.65593270505,-79.8524157746139 
55700,2948622.06811523,-17146064.614624,1062.62751827287,-79.8595235034938 
55800,2934730.48168945,-17105541.2232666,1060.04450007434,-79.8820470141069 
55900,2916109.67553711,-17053286.3995361,1056.70666102383,-79.9135635277842 
56000,2917221.73400879,-17053133.9057617,1056.7089310348,-79.9098482585519 
56100,2917372.00756836,-17053466.1245117,1056.73047955602,-79.9095432407921 
56200,2891268.65771484,-16976827.104248,1051.84796472747,-79.9521509595503 
56300,2891197.00354004,-16977140.7672119,1051.86611608982,-79.952561168663 
56400,2875414.34130859,-16928648.9683838,1048.7846127469,-79.9773123483308 
56500,2875402.22521973,-16928928.9580078,1048.80134867544,-79.9775086500246 
56600,2855766.48010254,-16868694.1208496,1044.97357124108,-80.0085597944708 
56700,2855682.97277832,-16868420.1947021,1044.956223622,-80.0086824084484 
56800,2829663.8302002,-16788392.9035645,1039.87186147077,-80.050063570339 
56900,2829298.60546875,-16788399.710083,1039.86856407128,-80.0512793961847 
57000,2829617.96606445,-16789277.342041,1039.92466470658,-80.0507104387976 
57100,2829773.20410156,-16788583.6765137,1039.88446183708,-80.0498073175394 
57200,2794856.91027832,-16680958.6864014,1033.04836313455,-80.1058460365631 
57300,2794751.03442383,-16680568.9044189,1033.02381456373,-80.1059815804998 
57400,2794362.50073242,-16680768.1531982,1033.03189601643,-80.107391232775 
57500,2767344.51098633,-16596372.3383789,1027.67562172154,-80.1506486430524 
57600,2767250.34643555,-16596326.2122803,1027.67189683809,-80.1509391008078 
57700,2767187.79907227,-16596700.6171875,1027.69382520274,-80.1513588750006 
57800,2749936.0480957,-16541466.291748,1024.19295676633,-80.178464769961 
57900,2750028.5456543,-16541452.1086426,1024.19302873168,-80.1781450491629 
58000,2729629.26940918,-16481185.3463135,1020.35772436933,-80.2132630778571 
58100,2729215.65649414,-16481482.5053711,1020.37150301253,-80.214829093934 
58200,2730328.78210449,-16482428.3181152,1020.43960434656,-80.2115928850976 
58300,2730008.28125,-16481168.2596436,1020.36047753366,-80.2119710732459 
58400,2682955.625,-16332937.6484375,1010.95975736613,-80.2888070551545 
58500,2682975.53930664,-16333429.7542725,1010.98961408715,-80.2890151483255 
58600,2682908.31787109,-16332686.010498,1010.94412261408,-80.2888274527878 
58700,2683515.58752441,-16333753.8631592,1011.01449539416,-80.287352385306 
58800,2683663.04382324,-16333527.2915039,1011.00229999504,-80.2867215798029 
58900,2636016.56384277,-16186207.6500244,1001.65246791397,-80.3675363144838 
59000,2636640.04174805,-16185961.3569336,1001.64374220039,-80.3652480212783 
59100,2635651.40808105,-16185325.7615967,1001.59571907545,-80.3683002849747 
59200,2636281.1739502,-16187114.6130371,1001.70974134813,-80.3671332066861 
59300,2617951.67175293,-16128388.3800049,997.989659608954,-80.3974693523324 
59400,2617513.89367676,-16127830.8800049,997.951764361019,-80.3986714497219 
59500,2593170.54785156,-16052510.1035156,993.172780607154,-80.4408221217947 
59600,2593298.109375,-16052355.4622803,993.164698802975,-80.4402914980499 
59700,2594271.23413086,-16051854.1295166,993.143951432735,-80.4366246567044 
59800,2574573.13818359,-15990498.133667,989.25264815298,-80.4707852341958 
59900,2574493.0769043,-15990745.5791016,989.266792276369,-80.4712039935919 
60000,2575204.73303223,-15991121.5562744,989.296374333119,-80.4689299907896 
60100,2546467.05834961,-15901505.1229248,983.613676967583,-80.5191805294474 
60200,2546282.87988281,-15902308.4715576,983.660348301548,-80.5202794609931 
60300,2545848.85302734,-15902844.0388184,983.688457613935,-80.5221053610949 
60400,2546819.31726074,-15901704.1920166,983.629085146387,-80.5180550281927 
60500,2525501.74560547,-15834402.8551025,979.364449175316,-80.5552383659401 
60600,2525537.85876465,-15833961.5343018,979.338177873148,-80.5548625471788 
60700,2525631.01074219,-15833608.8417969,979.317801079105,-80.5543353146492 
60800,2494439.51733398,-15734790.3747559,973.057825262105,-80.6091315217002 
60900,2496028.38793945,-15733827.0876465,973.014915476951,-80.602945026046 
61000,2494120.59094238,-15734289.6700439,973.024570308809,-80.6099824484885 
61100,2476023.38183594,-15674147.0319824,969.223535742912,-80.6405217532793 
61200,2475325.99145508,-15674500.9029541,969.238239619438,-80.6432082754706 
61300,2462107.16967773,-15627237.7889404,966.260940209984,-80.663796206622 
61400,2461982.8770752,-15627381.3325195,966.268419336301,-80.6643217812696 
61500,2448779.96337891,-15585871.2487793,963.638525664187,-80.6882252877831 
61600,2448587.43212891,-15585729.4621582,963.62814535616,-80.6888360948744 
61700,2449301.82385254,-15585808.713501,963.639700200667,-80.68631782734 
61800,2449431.75036621,-15586294.5550537,963.670246846326,-80.6861256239804 
61900,2448948.20471191,-15585911.2822266,963.642536199814,-80.6876442770761 
62000,2449252.60046387,-15585590.6826172,963.626077931834,-80.6863714976956 
62100,2380763.10302734,-15366870.8719482,949.781790521366,-80.8105576297503 
62200,2380926.69567871,-15365809.8862305,949.719281184496,-80.8093633724303 
62300,2381518.03564453,-15366057.5646973,949.739761673566,-80.8073498828946 
62400,2381210.56799316,-15365900.0524902,949.727378500045,-80.8083805746539 
62500,2381394.16784668,-15365727.9150391,949.718706018423,-80.8076148880527 
62600,2381124.59936523,-15366523.8793945,949.764227388405,-80.809045603698 
62700,2380473.23754883,-15365663.3764648,949.706197528609,-80.8109319321372 
62800,2381231.29272461,-15365933.2414551,949.729575568362,-80.8083238375079 
62900,2382000.65979004,-15367512.1326904,949.832071095957,-80.8064134895084 
63000,2313390.20605469,-15147165.4302979,935.892879855565,-80.9337334672721 
63100,2312640.01135254,-15146222.6965332,935.829042038654,-80.9359744185522 
63200,2313875.50720215,-15146101.6096191,935.833124160114,-80.9313388842006 
63300,2312966.19360352,-15146360.9801025,935.840398694154,-80.9348466990932 
63400,2313729.71765137,-15147373.9063721,935.9085982544,-80.9325962134245 
63500,2312927.0949707,-15147453.9224854,935.906028476772,-80.9356081439358 
63600,2303551.63366699,-15114121.9484863,933.807089665807,-80.951485822711 
63700,2303688.9675293,-15113655.6351318,933.780197057508,-80.9507136981085 
63800,2291185.06640625,-15073640.0657959,931.249015888846,-80.9745065368691 
63900,2291139.20397949,-15073431.1690674,931.235980745515,-80.9745589602707 
64000,2274188.51416016,-15009738.1394043,927.23440987605,-81.0016834963559 
64100,2274805.8782959,-15010331.3319092,927.275881611749,-80.999715226222 
64200,2273957.87084961,-15010950.3143311,927.305502135821,-81.0032293886624 
64300,2248982.89758301,-14926382.0410156,921.970288175451,-81.0488796883173 
64400,2249854.58740234,-14927072.3013916,922.019911238732,-81.0459984453435 
64500,2249637.45861816,-14925894.3828125,921.946792825921,-81.0461470402778 
64600,2230778.12133789,-14861380.7114258,917.878897446701,-81.0805895191739 
64700,2230807.47973633,-14861869.4505615,917.90868432592,-81.0807554267038 
64800,2230815.72644043,-14861324.0631104,917.875816746372,-81.0804156720103 
64900,2230800.46838379,-14861043.234375,917.858715869681,-81.0803142582619 
65000,2204851.39807129,-14772543.1973877,912.278205829951,-81.1283566723597 
65100,2206108.18786621,-14773108.7296143,912.181068116305,-81.0647818582264 
65200,2205473.48205566,-14773502.395874,912.199121407566,-81.0674127670076 
65300,2205743.05603027,-14773234.8857422,912.185394801222,-81.0662385535107 
65400,2173848.55395508,-14663385.0366211,905.263392267489,-81.1254656901 
65500,2174641.72387695,-14663665.4000244,905.287433085028,-81.1225920953657 
65600,2174710.60839844,-14664111.8693848,905.315020606073,-81.1225818780493 
65700,2174715.23706055,-14664641.3525391,905.347047207482,-81.1228643762122 
65800,2160639.48022461,-14616886.2873535,902.336251203076,-81.149691034528 
65900,2161304.74914551,-14616547.7989502,902.32174421328,-81.1469470734769 
66000,2161576.84545898,-14616689.1036377,902.332711460327,-81.145983461274 
66100,2161168.95605469,-14616693.1864014,902.329314378946,-81.1475504451785 
66200,2127062.07177734,-14500850.1782227,895.02692994579,-81.2132128678621 
66300,2127814.81762695,-14499563.1002197,894.95583518275,-81.2095707195571 
66400,2127605.60791016,-14500477.3665771,895.00922193644,-81.2108989133665 
66500,2127955.23449707,-14500044.4520264,894.986164365205,-81.2093008087682 
66600,2127326.23901367,-14499451.9163818,894.944785537352,-81.2113975695278 
66700,2093636.75842285,-14382017.9552002,887.551089792787,-81.2755998069646 
66800,2093662.63244629,-14380293.9287109,887.447131358607,-81.2745196548913 
66900,2093909.25915527,-14381263.7609863,887.507909959058,-81.274108348932 
67000,2094224.44580078,-14381068.8585205,887.498905195615,-81.2727679698477 
67100,2080881.44274902,-14332748.40625,884.461489294839,-81.2974561129306 
67200,2080555.05493164,-14333835.9199219,884.524350154671,-81.299351933154 
67300,2080420.73986816,-14332832.0566406,884.462502883645,-81.2993073189541 
67400,2081114.56518555,-14333288.4658203,884.496173451592,-81.2968504258006 
67500,2049900.92419434,-14221605.7211914,877.473181017969,-81.3560351551252 
67600,2050857.51147461,-14221820.5513916,877.494502232624,-81.3523820146017 
67700,2049706.18017578,-14222419.9423828,877.520699477334,-81.3572669026992 
67800,2049934.31384277,-14221614.3535156,877.473993698738,-81.3559082843312 
67900,2023371.17822266,-14127926.6075439,871.580039284992,-81.4077969551592 
68000,2023512.9206543,-14127998.4179688,871.585607587623,-81.4072745466166 
68100,2022776.9453125,-14128500.1425781,871.609566853824,-81.410484762554 
68200,2023977.8248291,-14127751.15271,871.574685750112,-81.4052862750779 
68300,2015346.88037109,-14099560.5939941,869.795815835082,-81.4235733049968 
68400,2016065.87792969,-14099571.6534424,869.802698486211,-81.4207163624083 
68500,2016137.98132324,-14099664.3138428,869.808923459787,-81.4204819932503 
68600,1993060.78100586,-14019541.8016357,864.765996334451,-81.467026374868 
68700,1993287.77050781,-14019045.4445801,864.737937341784,-81.4658343708622 
68800,1993314.1418457,-14019597.0620117,864.771515273634,-81.4660429155241 
68900,1979020.57910156,-13971430.5407715,861.736573140885,-81.4959724292245 
69000,1980725.93310547,-13971294.9211426,861.742985131075,-81.4890392816056 
69100,1980325.57873535,-13972483.6973877,861.811432423813,-81.4913261242692 
69200,1939629.53320313,-13826157.9364014,852.616005415313,-81.5724168055793 
69300,1939396.03259277,-13826335.5775146,852.624767662182,-81.573467027181 
69400,1939950.17480469,-13826479.0174561,852.638143843361,-81.5712967952993 
69500,1940138.03564453,-13827533.7634277,852.703525247926,-81.5711347683963 
69600,1940281.58740234,-13826679.934082,852.653106901508,-81.5700645461387 
69700,1940555.59753418,-13827219.5491943,852.688066330343,-81.5692587760169 
69800,1912009.00830078,-13724179.3607178,846.214728674853,-81.6269357055536 
69900,1912040.8692627,-13723905.0198975,846.198403736079,-81.6266486949509 
70000,1912725.97143555,-13723566.7315674,846.183716882675,-81.6236498589829 
70100,1912529.3458252,-13724317.6174316,846.22747628,-81.6248836703732 
70200,1911687.03759766,-13722618.4748535,846.117605859446,-81.6273637689365 
70300,1911575.46264648,-13723827.1352539,846.189771447611,-81.628510298532 
70400,1911749.05456543,-13723280.1103516,846.158147299576,-81.6274872714379 
70500,1912358.17541504,-13723602.6169434,846.182787159505,-81.6251766292255 
70600,1912179.47668457,-13724770.397583,846.251913847841,-81.626574813225 
70700,1911015.78662109,-13723709.2431641,846.17792618733,-81.6307352061017 
70800,1911834.78161621,-13724380.8487549,846.225447582464,-81.6277641672165 
70900,1853179.77331543,-13501575.0355225,832.256542800474,-81.742764652238 
71000,1853298.87634277,-13501773.4414063,832.269535758984,-81.7423820021071 
71100,1852097.68029785,-13502062.5014648,832.277052221066,-81.7475503157081 
71200,1852452.9050293,-13501217.4853516,832.228875350257,-81.7455878641205 
71300,1852236.75939941,-13500928.3425293,832.20958740669,-81.7463229518353 
71400,1852957.77282715,-13500635.7368164,832.197870171178,-81.7431523549487 
71500,1852973.2878418,-13501261.8602295,832.235880537812,-81.7434456745055 
71600,1846558.53967285,-13483331.0692139,831.09780609882,-81.7599370960134 
71700,1847498.96447754,-13483189.7869873,831.097052436652,-81.7559337364895 
71800,1834191.40588379,-13430963.9462891,827.826963890611,-81.7816934630606 
71900,1833937.22949219,-13432832.675415,827.93793584383,-81.7838263739438 
72000,1834414.22705078,-13431552.1722412,827.86439707623,-81.7810967622249 
72100,1816347.58703613,-13366074.7757568,823.753431538693,-81.8194958255403 
72200,1816257.69238281,-13365706.9188232,823.730432304562,-81.8196637906136 
72300,1816979.47058105,-13366030.5374756,823.755951578857,-81.8168109763537 
72400,1817063.34509277,-13365388.852417,823.717811754341,-81.8160907794994 
72500,1803235.7322998,-13314195.8837891,820.506360343656,-81.8451109586637 
72600,1803169.42700195,-13313727.760376,820.477487767023,-81.8451232310858 
72700,1802289.60632324,-13313327.6126709,820.446062663409,-81.848612454489 
72800,1780924.70080566,-13226384.3540039,815.009704738389,-81.889433131601 
72900,1780429.85437012,-13225580.4388428,814.957017293943,-81.8910781384081 
73000,1780759.64331055,-13226562.973999,815.0191702708,-81.8902377393843 
73100,1780237.18591309,-13226159.4191895,814.990489254348,-81.8922295623288 
73200,1762114.48144531,-13155606.5449219,810.572945107694,-81.9291338302936 
73300,1761400.45056152,-13154993.1719971,810.530030639522,-81.9318374283524 
73400,1762249.03820801,-13154937.2061768,810.533522177386,-81.9281745035618 
73500,1761701.34667969,-13156016.8458252,810.594430976576,-81.9311364982951 
73600,1761691.52966309,-13155849.0203857,810.584193167638,-81.9310823494454 
73700,1761601.85949707,-13156813.8950195,810.641868975205,-81.9320187295969 
73800,1761779.91149902,-13155416.4125977,810.558724439313,-81.9304563428364 
73900,1728141.49072266,-13026126.5546875,802.460937277551,-82.001003843749 
74000,1727692.12597656,-13025145.8675537,802.397959177417,-82.0023839357009 
74100,1727793.48730469,-13025926.0750732,802.446005809498,-82.0023931323472 
74200,1728128.18066406,-13026197.9407959,802.465151983171,-82.0011023115094 
74300,1727661.64331055,-13026916.2008057,802.504888122181,-82.0035306427121 
74400,1727950.99987793,-13026431.9528809,802.477895808161,-82.0020023397522 
74500,1727572.76208496,-13026565.2253418,802.482926884082,-82.0037136253523 
74600,1728137.79272461,-13026038.5556641,802.455580253496,-82.0009693650737 
74700,1693678.71008301,-12890307.7719727,793.962516877386,-82.0728433217937 
74800,1693515.88793945,-12889530.5549316,793.914162245297,-82.0731085730878 
74900,1693118.57519531,-12889361.8110352,793.900784645182,-82.0747478619741 
75000,1692986.16894531,-12889505.8175049,793.90845100716,-82.0754091050157 
75100,1693406.5213623,-12888877.6207275,792.666236358822,-83.1459722542418 
75200,1693091.82495117,-12889295.6312256,792.689008435045,-83.1475874080101 
75300,1670139.25305176,-12797345.8234863,786.948031529985,-83.1954531624533 
75400,1670713.30041504,-12796477.4675293,786.900058726006,-83.1924270333646 
75500,1668895.42590332,-12795858.5778809,786.848295512775,-83.2000748591982 
75600,1669229.4699707,-12797414.6535645,786.945016210927,-83.1994977535992 
75700,1669430.50109863,-12796198.8283691,786.873088534515,-83.1979144876148 
75800,1669238.67614746,-12796549.3863525,786.892771496052,-83.1989603486637 
75900,1644797.5447998,-12701600.5250244,780.959377435715,-83.2524386227297 
76000,1645433.19250488,-12700680.149292,780.908700239528,-83.2490895823925 
76100,1644987.4979248,-12700399.1300049,780.888215537489,-83.2509055425865 
76200,1645224.32629395,-12700360.3632813,780.887726336932,-83.2498324789785 
76300,1645461.11401367,-12701192.1364746,780.939879167734,-83.2492599867755 
76400,1629188.22314453,-12632972.1947021,776.687222729545,-83.2824261383612 
76500,1628724.80847168,-12632893.5324707,776.678851898734,-83.284448297461 
76600,1628798.04089355,-12631983.5959473,776.624394161338,-83.2835981481428 
76700,1618621.68347168,-12595228.4047852,774.322328352654,-83.3079281889488 
76800,1619023.91809082,-12595549.6254883,774.344881876687,-83.3063129291385 
76900,1618930.22570801,-12595254.8297119,774.326324752898,-83.3065626354122 
77000,1619336.46630859,-12596311.0516357,774.393361533689,-83.3053523286031 
77100,1619289.64929199,-12595850.5765381,774.365148795791,-83.3052969302132 
77200,1619088.5177002,-12594865.4528809,774.304006447828,-83.3056302714563 
77300,1619439.28771973,-12595991.1483154,774.374813803085,-83.3047081985518 
77400,1619430.18762207,-12595424.3486328,774.340464033888,-83.3044228206991 
77500,1568053.78405762,-12391868.7504883,761.631827309956,-83.4190948227216 
77600,1568373.20373535,-12391872.5482178,761.634502384709,-83.4176434023658 
77700,1567735.44189453,-12389949.5378418,761.513290405944,-83.4194384020398 
77800,1568022.29858398,-12389376.2993164,761.480809155442,-83.417802566607 
77900,1568632.23278809,-12389445.5703125,761.489670216805,-83.4150662773275 
78000,1568792.34619141,-12391209.0635986,761.59757564301,-83.4153537299208 
78100,1568326.94250488,-12391221.6220703,761.594771459805,-83.4174790065603 
78200,1568130.45336914,-12391101.8834229,761.586023724124,-83.4183042669654 
78300,1567535.17590332,-12388927.6070557,761.449937180976,-83.4197613953627 
78400,1568159.1842041,-12391742.782959,761.625013933032,-83.418542624991 
78500,1568031.9576416,-12390253.9508057,761.533975274207,-83.4182641573779 
78600,1567669.21130371,-12390830.5037842,761.566076362195,-83.4202471559168 
78700,1568354.22827148,-12390704.7741699,761.563714517634,-83.4170571030577 
78800,1514686.65551758,-12173214.180542,747.99772728611,-83.5381765545885 
78900,1514584.52319336,-12171653.3339844,747.902512498625,-83.5377497121015 
79000,1514047.25927734,-12173195.5302734,747.99178571691,-83.5411293914802 
79100,1515070.02380371,-12172615.6525879,747.964397646181,-83.5360543862503 
79200,1513443.69226074,-12172650.9102783,747.95428918892,-83.543613094991 
79300,1513884.6159668,-12172502.6505127,747.948635699054,-83.5414838332808 
79400,1513862.9642334,-12172814.019043,747.967313616894,-83.541763688211 
79500,1514733.73046875,-12172122.6704102,747.932035202361,-83.5373287979495 
79600,1508991.13635254,-12149971.5797119,746.548469471982,-83.5511958272606 
79700,1508804.52429199,-12151030.2037354,746.611125761267,-83.5526729386237 
79800,1508573.78356934,-12149756.387085,746.532311775495,-83.5530099665916 
79900,1496880.8203125,-12098172.4793701,743.323116487438,-83.5776747457606 
80000,1496449.36645508,-12097177.7590332,743.259691228183,-83.5791133025624 
---------------------------------------------------------- 

