Barrido en frecuencia desde 100 hasta 100000 con incrementos 500
Metodo usado: LI de 64 ciclos
Formato: frecuencia,X,Y,R,phi 

100,121728428.291992,-164992.717529297,7429.94720962339,-0.0776595961055616 
600,121134826.457886,-6716863.05871582,7405.0664885196,-3.17377106630159 
1100,119596610.10498,-14120759.0664063,7350.52602797056,-6.73373156004259 
1600,117174362.37561,-21210172.7072754,7268.20011147603,-10.2602254422955 
2100,113992771.645874,-27785906.1315918,7161.49415567338,-13.6987967330214 
2600,110156593.450684,-33773281.1240234,7032.54260897893,-17.0451922591298 
3100,105907298.895996,-38991569.970459,6888.45377679736,-20.2120406570129 
3600,101292496.551758,-43542002.4676514,6729.61183721272,-23.2611304705794 
4100,96479515.6911621,-47397956.4748535,6561.08582994004,-26.1637241562467 
4600,91542827.6876221,-50599325.9482422,6384.24491973274,-28.9311572096751 
5100,86684332.4157715,-53142316.8641357,6206.08108582013,-31.5106133609839 
5600,81884779.3482666,-55136868.7312012,6025.43631738918,-33.9542344624665 
6100,77212372.0174561,-56640008.4918213,5844.86138605387,-36.2623308227813 
6600,72733644.8226318,-57701610.8079834,5666.80615019247,-38.425939779521 
7100,68456629.3270264,-58393144.6385498,5491.99871233943,-40.4640039249084 
7600,64426716.7590332,-58759327.6700439,5322.29520464868,-42.3658650504539 
8100,60554318.6347656,-58860070.404541,5154.40672212143,-44.1871435173308 
8600,57115048.0316162,-58745018.2911377,5000.9793722735,-45.806008998532 
9100,53733852.3925781,-58440993.680542,4845.69223664091,-47.402866644409 
9600,50627644.3243408,-57990967.0219727,4698.7051328846,-48.8781826993026 
10100,47722060.4443359,-57424646.6479492,4557.37924183862,-50.2687347213672 
10600,45000664.239502,-56758147.7355957,4421.09760742235,-51.5874827978737 
11100,42491322.8565674,-56023090.3103027,4291.77455923063,-52.8177075825849 
11600,40160939.128418,-55233141.7335205,4168.25238028613,-53.9750766844457 
12100,38004503.59375,-54408362.8348389,4050.85926490173,-55.0621173981929 
12600,35962961.8933105,-53537466.90625,3936.57778924086,-56.1059835415974 
13100,34093115.0178223,-52662798.520752,3829.17227694524,-57.0781810125939 
13600,32333537.6865234,-51768124.1567383,3725.45700979566,-58.008365449852 
14100,30683351.9440918,-50863237.8876953,3625.68989182995,-58.8960362324869 
14600,29167804.1507568,-49971616.0517578,3531.67766336637,-59.725029987793 
15100,27755381.2207031,-49086464.1340332,3441.56621174187,-60.5162173396824 
15600,26381526.3947754,-48173826.619873,3352.12025758199,-61.2951896987832 
16100,25176245.7670898,-47325105.4492188,3271.59568056961,-61.9894036095366 
16600,24047615.0606689,-46490670.3911133,3194.49706407785,-62.6511382450353 
17100,22990654.1306152,-45672951.019043,3120.72164254649,-63.2821374609321 
17600,21997122.2794189,-44873112.0327148,3050.02536711789,-63.8872846881985 
18100,21016971.989502,-44045362.7597656,2978.49944492629,-64.492797281193 
18600,20109903.3538818,-43244164.4405518,2910.67067472468,-65.0617940412071 
19100,19273046.1254883,-42483410.6573486,2847.15938957687,-65.5997910130191 
19600,18584235.0725098,-41832878.6816406,2793.72104353405,-66.0485499677083 
20100,17753413.8458252,-41017111.7296143,2727.76038085981,-66.5973287016722 
20600,17042001.2995605,-40296118.9512939,2670.22464418429,-67.0772769534822 
21100,16382904.7624512,-39613167.8568115,2616.24945661204,-67.5330839566221 
21600,15752725.5974121,-38931975.3052979,2563.20777596933,-67.9723819533346 
22100,15188981.1671143,-38305373.411377,2514.91353777095,-68.3722207446522 
22600,14587938.6625977,-37615392.3076172,2462.31696815556,-68.8045050846027 
23100,14093908.0136719,-37032336.9592285,2418.28583257344,-69.1656960799223 
23600,13735684.6994629,-36602941.2993164,2386.04243617016,-69.4325172299483 
24100,13111015.6113281,-35834732.2843018,2328.83129313925,-69.9054251939226 
24600,12627715.7398682,-35218895.0705566,2283.44713729489,-70.276443036877 
25100,12212547.4625244,-34677529.9851074,2243.92623768264,-70.6079803662606 
25600,11810628.7055664,-34139677.2880859,2204.84834548265,-70.9258800597907 
26100,11472480.9718018,-33680209.3814697,2171.6233314009,-71.1985829577324 
26600,11088089.0074463,-33143615.8590088,2133.08914919106,-71.511455239617 
27100,10701166.4276123,-32596689.6829834,2093.97355424606,-71.834462932872 
27600,10373643.5756836,-32122077.5628662,2060.24015351066,-72.1113831539264 
28100,10039746.3376465,-31625595.5645752,2025.16652361583,-72.3965809465794 
28600,9725891.31750488,-31145852.260376,1991.48446276271,-72.6669745470498 
29100,9450016.10461426,-30718160.1022949,1961.56591022428,-72.9091637030985 
29600,9195579.94140625,-30319287.5113525,1933.74638575615,-73.136851908654 
30100,8899818.02514648,-29844424.2537842,1900.79258173091,-73.4040005838215 
30600,8662776.91162109,-29458480.5638428,1874.09836273036,-73.6220654058038 
31100,8348474.89233398,-28934207.2368164,1838.01161246186,-73.9143540905608 
31600,8122514.02770996,-28556182.3575439,1812.03322933927,-74.1310923602372 
32100,7955372.7401123,-28265939.197998,1792.2103153486,-74.2898386374242 
32600,7766809.82177734,-27937770.9423828,1769.82101096149,-74.4728135092735 
33100,7559528.71740723,-27568504.4371338,1744.72895338646,-74.674850829589 
33600,7344734.91369629,-27180011.0771484,1718.4067419828,-74.8873303039792 
34100,7155884.49963379,-26834162.8048096,1695.03159194668,-75.0773206439357 
34600,6971532.68896484,-26492719.1456299,1672.00544318605,-75.2658661249517 
35100,6775380.11975098,-26120123.7121582,1647.10481449988,-75.4060290026045 
35600,6629121.67980957,-25839643.8812256,1628.29736332973,-75.5588438403509 
36100,6452924.61669922,-25496270.6341553,1605.3315909159,-75.7447631752349 
36600,6267153.62451172,-25127428.5559082,1580.73340203906,-75.9429856840225 
37100,6151035.60009766,-24896589.7432861,1565.35070511806,-76.0698940861437 
37600,5997106.60131836,-24585000.8400879,1544.6400429783,-76.2390263234819 
38100,5870946.86181641,-24331388.6159668,1527.78066447115,-76.3820129163508 
38600,5759504.84423828,-24098143.8398438,1512.34887575052,-76.5060151861138 
39100,5610749.14672852,-23783605.6230469,1491.57149849433,-76.6738124231031 
39600,5428344.28601074,-23391165.8890381,1465.71075561569,-76.8824143244729 
40100,5366297.11535645,-23258840.2449951,1456.98788277024,-76.9556903256709 
40600,5227028.60107422,-22951915.1791992,1436.82778945651,-77.1180448940306 
41100,5139843.83703613,-22755439.1395264,1423.95508538441,-77.2196754617359 
41600,4993653.83728027,-22427484.0756836,1402.46958437531,-77.3950831022925 
42100,4883316.08947754,-22178198.0915527,1386.15730381916,-77.5301178858379 
42600,4795209.34631348,-21975338.4775391,1372.91066832844,-77.6381856037954 
43100,4723977.39782715,-21811576.4761963,1362.21934117559,-77.7272246465632 
43600,4615205.97509766,-21553214.5129395,1345.404916049,-77.861402135803 
44100,4454025.62915039,-21166317.3991699,1320.26097124504,-78.0643028423868 
44600,4408144.64672852,-21056221.9064941,1313.1089139238,-78.1235005882247 
45100,4321493.94152832,-20840986.8275146,1298.94826174866,-78.3179522941148 
45600,4246317.06884766,-20656862.0493164,1287.01584855921,-78.4163767631566 
46100,4159964.93579102,-20440846.4274902,1273.04411020664,-78.5292328889349 
46600,4033460.0604248,-20127323.9572754,1252.76063901973,-78.7007221059504 
47100,4033402.63146973,-20127909.3227539,1252.79497792541,-78.7012002995893 
47600,3899994.32751465,-19794878.4202881,1231.27356367183,-78.8868524857821 
48100,3835094.80761719,-19627615.7012939,1220.4941887087,-78.9766485892928 
48600,3743315.20141602,-19382613.2886963,1204.74833387945,-79.1017221455515 
49100,3705667.44030762,-19279366.7125244,1198.1264709309,-79.1524644471763 
49600,3653598.71081543,-19139943.8914795,1189.17183133722,-79.2254345430152 
50100,3585660.29431152,-18955046.4644775,1177.31217051445,-79.3206679961553 
50600,3485028.44165039,-18682384.4510498,1159.8242283586,-79.4659784904458 
51100,3432415.85693359,-18531845.2006836,1150.20498659741,-79.5392887551246 
51600,3387920.03955078,-18414568.5749512,1142.67374241174,-79.6078140472551 
52100,3326046.96740723,-18239712.9870605,1131.49688311164,-79.6980904885847 
52600,3252975.76989746,-18031376.9887695,1118.19071759172,-79.8060111448275 
53100,3203236.11987305,-17892445.2840576,1109.30869235944,-79.8825555350357 
53600,3158792.17224121,-17765708.1379395,1101.21796213078,-79.9505511624002 
54100,3087986.99719238,-17555688.7182617,1087.84413963969,-80.0564512942673 
54600,3040953.22412109,-17413203.954834,1078.78354391969,-80.1265899377406 
55100,3039407.34631348,-17413396.9870605,1079.66269603101,-79.7163747341869 
55600,2951716.8425293,-17151900.3447266,1063.01084272487,-79.8527386662257 
56100,2915058.24377441,-17040684.4058838,1055.93714132332,-79.9099586616821 
56600,2852238.50427246,-16856509.1577148,1044.20380959787,-80.0134011524951 
57100,2826216.74780273,-16777332.3314209,1039.1707066157,-80.0553198276257 
57600,2764668.63671875,-16584630.3547363,1026.94132646944,-80.1530619683448 
58100,2727337.26843262,-16470705.6182861,1019.70336795122,-80.2151467254919 
58600,2680513.40612793,-16324462.4863281,1010.42477647445,-80.2923956771909 
59100,2632137.07116699,-16175251.6762695,1000.95391603669,-80.3747664764634 
59600,2590891.48706055,-16040332.815918,992.416330863871,-80.4419079103865 
60100,2544321.4777832,-15889187.0222168,982.850050248404,-80.5197886226117 
60600,2522198.4432373,-15822498.868042,978.614673106315,-80.5601988212907 
61100,2472013.07714844,-15660791.8708496,968.37960199874,-80.6473060564748 
61600,2448348.24963379,-15572238.8619385,962.811884382611,-80.6820847500023 
62100,2379328.80541992,-15352425.5484619,948.896483639668,-80.8076285543071 
62600,2378587.09460449,-15354239.873291,948.999056223941,-80.811356093125 
63100,2308201.70239258,-15136485.1916504,935.200204422727,-80.9468924971081 
63600,2299988.89953613,-15104700.7263184,933.205447365167,-80.959370459671 
64100,2269832.0123291,-15005076.8249512,926.913081853048,-81.0153093917909 
64600,2227996.78942871,-14856248.4418945,917.543690136172,-81.0881743580379 
65100,2203644.77770996,-14767197.1827393,911.801801930716,-81.0707808898439 
65600,2171010.72924805,-14658059.5418701,904.916280384686,-81.1333001860409 
66100,2159319.20703125,-14610677.2270508,901.949356999881,-81.1512355481747 
66600,2124604.49658203,-14495050.2020264,894.654705695626,-81.2194305316032 
67100,2079288.49133301,-14329108.1862793,884.227517093639,-81.3016245630162 
67600,2047810.55712891,-14216160.3592529,877.125831862649,-81.3611896165493 
68100,2021703.95727539,-14123552.0544434,871.30115638498,-81.4119340338047 
68600,1992876.19714355,-14014712.3027344,864.472414151891,-81.4650147651855 
69100,1977585.09619141,-13967165.9799805,861.466422087008,-81.4993159944873 
69600,1938459.58081055,-13822409.824585,852.379406997778,-81.5750353422263 
70100,1910558.54138184,-13716691.109375,845.749581851399,-81.6286043494474 
70600,1909912.8470459,-13717775.8369141,845.809753098597,-81.6318690050959 
71100,1850471.8704834,-13494565.892334,831.809997836457,-81.7500403219187 
71600,1844959.13598633,-13476719.6240234,830.684534681004,-81.7628331374066 
72100,1814022.72900391,-13358668.8132324,823.286162842583,-81.8250482170472 
72600,1802154.82800293,-13305344.8294678,819.961867466826,-81.8446125842562 
73100,1778254.75817871,-13219755.5671387,814.586761560188,-81.8969994375401 
73600,1761425.04907227,-13147986.7429199,810.106142030519,-81.927716006579 
74100,1726781.51452637,-13016162.1876221,801.846787404458,-82.0011683531881 
74600,1726234.13549805,-13016800.8659668,801.881056759356,-82.0039025892313 
75100,1691653.42529297,-12882087.817627,792.241825918404,-83.1497368561137 
75600,1668925.15783691,-12790819.4735107,786.543847210721,-83.197049169942 
76100,1644331.99365234,-12694459.7232666,780.523920375494,-83.2504004647652 
76600,1626990.56518555,-12627245.7243652,776.323778822659,-83.2889387919485 
77100,1618050.64868164,-12590819.4462891,774.051242415298,-83.3079480493489 
77600,1568145.22631836,-12388328.4084473,761.418359961083,-83.4166392857535 
78100,1568173.65661621,-12387752.0849609,761.383713996745,-83.4161777661466 
78600,1568275.43920898,-12385979.064209,761.277237981556,-83.414692477415 
79100,1515786.70471191,-12166874.0866699,747.622383234695,-83.5294170482252 
79600,1510182.57507324,-12145979.9768066,746.31589425757,-83.5433579696062 
80100,1495844.49230957,-12094442.9250488,743.089665663888,-83.5803571061242 
80600,1470286.92285156,-11986214.2078857,736.349298297123,-83.6376705149121 
81100,1454901.23828125,-11918157.8890381,732.116270564858,-83.6710040233768 
81600,1454347.92919922,-11916594.0388184,732.017527989169,-83.672720902864 
82100,1429683.4753418,-11813086.399292,725.570703381848,-83.7302288987817 
82600,1401211.2890625,-11700871.4676514,718.569827185293,-83.80210567085 
83100,1385125.36633301,-11622921.0698242,713.733934196702,-83.8349175398824 
83600,1385985.92138672,-11621616.3049316,713.66114591412,-83.8299785206519 
84100,1367129.62744141,-11547054.0501709,709.010729389005,-83.8787311427114 
84600,1346446.66235352,-11458458.5515137,703.497990308383,-83.9290027192369 
85100,1345853.68164063,-11461567.383667,705.572025048071,-82.4304104398256 
85600,1307539.2532959,-11292331.7266846,695.023313126381,-82.522728615283 
86100,1307295.05102539,-11291954.9278564,694.998711417551,-82.5237328661625 
86600,1307511.34545898,-11292250.5870361,695.018188935198,-82.5228213041052 
87100,1251109.79370117,-11041776.0952148,679.411280499704,-82.6631559852752 
87600,1251633.63061523,-11040661.9415283,679.347201503737,-82.6598251733451 
88100,1253203.17700195,-11047727.6341553,679.787257906208,-82.6558899811384 
88600,1231107.89562988,-10948166.6098633,673.586966527503,-82.7117064096355 
89100,1221147.05603027,-10898287.0926514,670.488444083138,-82.7343013046481 
89600,1201320.31018066,-10813277.1179199,665.188590651981,-82.7882138218636 
90100,1203001.98864746,-10813632.1625977,665.221525587188,-82.7796187124685 
90600,1181379.15490723,-10716774.5450439,659.190141607599,-82.8369110561331 
91100,1166548.70019531,-10649533.6555176,655.00460581462,-82.8763449236284 
91600,1155479.30908203,-10589802.2418213,651.300720782144,-82.9005457120025 
92100,1142635.95556641,-10537697.6450195,648.048826250268,-82.9390107370641 
92600,1143460.33972168,-10537271.2728271,648.028345501349,-82.9343318641502 
93100,1108361.70532227,-10377616.5916748,638.093473915047,-83.031337074635 
93600,1106659.31469727,-10375217.711792,637.936588850175,-83.0392334735667 
94100,1106414.55212402,-10375464.50354,637.950005553062,-83.0407136405468 
94600,1063194.30834961,-10195363.7462158,626.722269645797,-83.1741868204624 
95100,1064084.17614746,-10196445.5666504,624.450448221948,-85.1576277933409 
95600,1062736.51953125,-10183411.5814209,623.652300580472,-85.1575579512976 
96100,1045918.78515625,-10106817.4278564,618.905962972972,-85.2070491744976 
96600,1042571.78710938,-10107655.8682861,618.935811377377,-85.226308077916 
97100,1021205.38562012,-9976158.69726563,610.835084336208,-85.2706539860389 
97600,1019186.29101563,-9981417.07873535,611.141209315039,-85.2851820455579 
98100,1004405.38085938,-9889821.41601563,605.499502109596,-85.3163072036878 
98600,1000855.44763184,-9889861.87316895,605.480144201819,-85.3366876702825 
99100,996135.144775391,-9839786.66699219,602.416555051059,-85.3346858086825 
99600,981807.798095703,-9786486.60595703,599.09884057696,-85.3864502049054 
---------------------------------------------------------- 

