Datos provenientes de SR865 
F,X,Y,R,T,



+1.000000e+04,+1.003674e+00,-6.777307e-02,+1.005959e+00,-3.863034e+00,
+1.100000e+04,+1.002965e+00,-7.466386e-02,+1.005741e+00,-4.257422e+00,
+1.200000e+04,+1.001954e+00,-8.152429e-02,+1.005265e+00,-4.651642e+00,
+1.300000e+04,+1.000888e+00,-8.836314e-02,+1.004781e+00,-5.045262e+00,
+1.400000e+04,+9.996326e-01,-9.516739e-02,+1.004153e+00,-5.438302e+00,
+1.500000e+04,+9.984484e-01,-1.019579e-01,+1.003641e+00,-5.830627e+00,
+1.600000e+04,+9.970288e-01,-1.087002e-01,+1.002937e+00,-6.222048e+00,
+1.700000e+04,+9.954938e-01,-1.154033e-01,+1.002161e+00,-6.612538e+00,
+1.800000e+04,+9.937928e-01,-1.220599e-01,+1.001261e+00,-7.002132e+00,
+1.900000e+04,+9.921202e-01,-1.286944e-01,+1.000432e+00,-7.390942e+00,
+2.000000e+04,+9.903483e-01,-1.352865e-01,+9.995461e-01,-7.778738e+00,
+2.100000e+04,+9.883723e-01,-1.418188e-01,+9.984950e-01,-8.165477e+00,
+2.200000e+04,+9.864675e-01,-1.483296e-01,+9.975569e-01,-8.551187e+00,
+2.300000e+04,+9.844243e-01,-1.547904e-01,+9.965196e-01,-8.935996e+00,
+2.400000e+04,+9.822244e-01,-1.611930e-01,+9.953632e-01,-9.319741e+00,
+2.500000e+04,+9.800450e-01,-1.675629e-01,+9.942663e-01,-9.702313e+00,
+2.600000e+04,+9.776770e-01,-1.738642e-01,+9.930162e-01,-1.008372e+01,
+2.700000e+04,+9.754124e-01,-1.801490e-01,+9.919087e-01,-1.046405e+01,
+2.800000e+04,+9.727779e-01,-1.863248e-01,+9.904613e-01,-1.084304e+01,
+2.900000e+04,+9.702109e-01,-1.924732e-01,+9.891183e-01,-1.122081e+01,
+3.000000e+04,+9.676922e-01,-1.985918e-01,+9.878598e-01,-1.159733e+01,
+3.100000e+04,+9.649948e-01,-2.046394e-01,+9.864544e-01,-1.197293e+01,
+3.200000e+04,+9.622920e-01,-2.106464e-01,+9.850775e-01,-1.234733e+01,
+3.300000e+04,+9.590952e-01,-2.164988e-01,+9.832271e-01,-1.272031e+01,
+3.400000e+04,+9.561597e-01,-2.223686e-01,+9.816768e-01,-1.309223e+01,
+3.500000e+04,+9.531456e-01,-2.281744e-01,+9.800765e-01,-1.346273e+01,
+3.600000e+04,+9.501884e-01,-2.339478e-01,+9.785650e-01,-1.383179e+01,
+3.700000e+04,+9.471684e-01,-2.396645e-01,+9.770195e-01,-1.419966e+01,
+3.800000e+04,+9.439546e-01,-2.452842e-01,+9.753024e-01,-1.456603e+01,
+3.900000e+04,+9.407277e-01,-2.508534e-01,+9.735996e-01,-1.493100e+01,
+4.000000e+04,+9.374650e-01,-2.563642e-01,+9.718864e-01,-1.529447e+01,
+4.100000e+04,+9.340615e-01,-2.617937e-01,+9.700551e-01,-1.565683e+01,
+4.200000e+04,+9.307906e-01,-2.672125e-01,+9.683871e-01,-1.601778e+01,
+4.300000e+04,+9.272465e-01,-2.725009e-01,+9.664590e-01,-1.637710e+01,
+4.400000e+04,+9.237313e-01,-2.777484e-01,+9.645847e-01,-1.673503e+01,
+4.500000e+04,+9.200937e-01,-2.829078e-01,+9.626054e-01,-1.709147e+01,
+4.600000e+04,+9.165537e-01,-2.880459e-01,+9.607503e-01,-1.744640e+01,
+4.700000e+04,+9.130005e-01,-2.931285e-01,+9.589025e-01,-1.779978e+01,
+4.800000e+04,+9.092622e-01,-2.980983e-01,+9.568805e-01,-1.815154e+01,
+4.900000e+04,+9.054862e-01,-3.030020e-01,+9.548379e-01,-1.850174e+01,
+5.000000e+04,+9.016002e-01,-3.078149e-01,+9.526977e-01,-1.885039e+01,
+5.100000e+04,+8.978094e-01,-3.126065e-01,+9.506758e-01,-1.919751e+01,
+5.200000e+04,+8.939097e-01,-3.172944e-01,+9.485517e-01,-1.954238e+01,
+5.300000e+04,+8.902228e-01,-3.220073e-01,+9.466707e-01,-1.988584e+01,
+5.400000e+04,+8.862569e-01,-3.265646e-01,+9.445082e-01,-2.022764e+01,
+5.500000e+04,+8.822313e-01,-3.310421e-01,+9.422956e-01,-2.056774e+01,
+5.600000e+04,+8.783182e-01,-3.355067e-01,+9.402168e-01,-2.090624e+01,
+5.700000e+04,+8.742757e-01,-3.398665e-01,+9.380124e-01,-2.124312e+01,
+5.800000e+04,+8.702303e-01,-3.441668e-01,+9.358160e-01,-2.157827e+01,
+5.900000e+04,+8.659884e-01,-3.483315e-01,+9.334189e-01,-2.191175e+01,
+6.000000e+04,+8.618250e-01,-3.524669e-01,+9.311151e-01,-2.224344e+01,
+6.100000e+04,+8.577411e-01,-3.565730e-01,+9.289047e-01,-2.257323e+01,
+6.200000e+04,+8.535810e-01,-3.605922e-01,+9.266214e-01,-2.290145e+01,
+6.300000e+04,+8.493554e-01,-3.645302e-01,+9.242764e-01,-2.322826e+01,
+6.400000e+04,+8.451470e-01,-3.684191e-01,+9.219577e-01,-2.355350e+01,
+6.500000e+04,+8.408752e-01,-3.722187e-01,+9.195748e-01,-2.387687e+01,
+6.600000e+04,+8.366148e-01,-3.759578e-01,+9.172070e-01,-2.419819e+01,
+6.700000e+04,+8.324506e-01,-3.796799e-01,+9.149486e-01,-2.451768e+01,
+6.800000e+04,+8.281767e-01,-3.833025e-01,+9.125773e-01,-2.483597e+01,
+6.900000e+04,+8.238199e-01,-3.868259e-01,+9.101173e-01,-2.515248e+01,
+7.000000e+04,+8.194491e-01,-3.902751e-01,+9.076407e-01,-2.546684e+01,
+7.100000e+04,+8.150774e-01,-3.936653e-01,+9.051649e-01,-2.577957e+01,
+7.200000e+04,+8.108124e-01,-3.970470e-01,+9.028084e-01,-2.609055e+01,
+7.300000e+04,+8.065265e-01,-4.003630e-01,+9.004307e-01,-2.639999e+01,
+7.400000e+04,+8.022198e-01,-4.036076e-01,+8.980288e-01,-2.670759e+01,
+7.500000e+04,+7.977657e-01,-4.067195e-01,+8.954613e-01,-2.701354e+01,
+7.600000e+04,+7.934226e-01,-4.098206e-01,+8.930131e-01,-2.731737e+01,
+7.700000e+04,+7.891207e-01,-4.128902e-01,+8.906120e-01,-2.761983e+01,
+7.800000e+04,+7.847717e-01,-4.158750e-01,+8.881546e-01,-2.792051e+01,
+7.900000e+04,+7.803586e-01,-4.187615e-01,+8.856188e-01,-2.821920e+01,
+8.000000e+04,+7.758895e-01,-4.215540e-01,+8.830131e-01,-2.851599e+01,
+8.100000e+04,+7.715349e-01,-4.243474e-01,+8.805321e-01,-2.881097e+01,
+8.200000e+04,+7.670832e-01,-4.270264e-01,+8.779340e-01,-2.910418e+01,
+8.300000e+04,+7.626937e-01,-4.296762e-01,+8.753989e-01,-2.939545e+01,
+8.400000e+04,+7.580791e-01,-4.321411e-01,+8.725994e-01,-2.968520e+01,
+8.500000e+04,+7.538064e-01,-4.347443e-01,+8.701878e-01,-2.997342e+01,
+8.600000e+04,+7.493370e-01,-4.371773e-01,+8.675424e-01,-3.026009e+01,
+8.700000e+04,+7.448714e-01,-4.395482e-01,+8.648908e-01,-3.054483e+01,
+8.800000e+04,+7.405043e-01,-4.419087e-01,+8.623398e-01,-3.082737e+01,
+8.900000e+04,+7.360677e-01,-4.441675e-01,+8.596979e-01,-3.110816e+01,
+9.000000e+04,+7.317334e-01,-4.464342e-01,+8.571683e-01,-3.138757e+01,
+9.100000e+04,+7.273564e-01,-4.486209e-01,+8.545807e-01,-3.166556e+01,
+9.200000e+04,+7.230576e-01,-4.507830e-01,+8.520667e-01,-3.194106e+01,
+9.300000e+04,+7.186957e-01,-4.528460e-01,+8.494664e-01,-3.221479e+01,
+9.400000e+04,+7.142918e-01,-4.548267e-01,+8.468058e-01,-3.248702e+01,
+9.500000e+04,+7.099041e-01,-4.567589e-01,+8.441519e-01,-3.275760e+01,
+9.600000e+04,+7.056570e-01,-4.587241e-01,+8.416530e-01,-3.302655e+01,
+9.700000e+04,+7.013867e-01,-4.606184e-01,+8.391142e-01,-3.329392e+01,
+9.800000e+04,+6.970131e-01,-4.623857e-01,+8.364375e-01,-3.355956e+01,
+9.900000e+04,+6.927371e-01,-4.641615e-01,+8.338647e-01,-3.382366e+01,
+1.000000e+05,+6.883833e-01,-4.658225e-01,+8.311812e-01,-3.408584e+01,
+1.010000e+05,+6.841823e-01,-4.675190e-01,+8.286613e-01,-3.434578e+01,
+1.020000e+05,+6.799789e-01,-4.691657e-01,+8.261282e-01,-3.460455e+01,
+1.030000e+05,+6.756455e-01,-4.706781e-01,+8.234286e-01,-3.486240e+01,
+1.040000e+05,+6.713839e-01,-4.721809e-01,+8.207991e-01,-3.511853e+01,
+1.050000e+05,+6.671479e-01,-4.736218e-01,+8.181711e-01,-3.537172e+01,
+1.060000e+05,+6.629364e-01,-4.750391e-01,+8.155654e-01,-3.562417e+01,
+1.070000e+05,+6.587515e-01,-4.764230e-01,+8.129774e-01,-3.587524e+01,
+1.080000e+05,+6.545032e-01,-4.777013e-01,+8.102919e-01,-3.612453e+01,
+1.090000e+05,+6.503318e-01,-4.789814e-01,+8.076847e-01,-3.637233e+01,
+1.100000e+05,+6.460745e-01,-4.801363e-01,+8.049491e-01,-3.661823e+01,
+1.110000e+05,+6.418552e-01,-4.812673e-01,+8.022445e-01,-3.686280e+01,
+1.120000e+05,+6.378063e-01,-4.824722e-01,+7.997351e-01,-3.710588e+01,
+1.130000e+05,+6.336278e-01,-4.835171e-01,+7.970401e-01,-3.734701e+01,
+1.140000e+05,+6.295342e-01,-4.845715e-01,+7.944325e-01,-3.758656e+01,
+1.150000e+05,+6.255046e-01,-4.856194e-01,+7.918851e-01,-3.782448e+01,
+1.160000e+05,+6.214181e-01,-4.865705e-01,+7.892473e-01,-3.806094e+01,
+1.170000e+05,+6.174384e-01,-4.875510e-01,+7.867250e-01,-3.829585e+01,
+1.180000e+05,+6.134368e-01,-4.884555e-01,+7.841515e-01,-3.852892e+01,
+1.190000e+05,+6.094750e-01,-4.893407e-01,+7.816098e-01,-3.876059e+01,
+1.200000e+05,+6.055343e-01,-4.901910e-01,+7.790757e-01,-3.899080e+01,
+1.210000e+05,+6.015617e-01,-4.909658e-01,+7.764817e-01,-3.921968e+01,
+1.220000e+05,+5.976027e-01,-4.916957e-01,+7.738822e-01,-3.944687e+01,
+1.230000e+05,+5.936872e-01,-4.924079e-01,+7.713171e-01,-3.967252e+01,
+1.240000e+05,+5.898781e-01,-4.931603e-01,+7.688714e-01,-3.989688e+01,
+1.250000e+05,+5.860316e-01,-4.938289e-01,+7.663550e-01,-4.011970e+01,
+1.260000e+05,+5.821459e-01,-4.944039e-01,+7.637599e-01,-4.034052e+01,
+1.270000e+05,+5.783413e-01,-4.949988e-01,+7.612506e-01,-4.056001e+01,
+1.280000e+05,+5.745038e-01,-4.955124e-01,+7.586747e-01,-4.077793e+01,
+1.290000e+05,+5.707561e-01,-4.960537e-01,+7.561957e-01,-4.099445e+01,
+1.300000e+05,+5.669737e-01,-4.965150e-01,+7.536487e-01,-4.120956e+01,
+1.310000e+05,+5.632136e-01,-4.969469e-01,+7.511098e-01,-4.142330e+01,
+1.320000e+05,+5.595682e-01,-4.974298e-01,+7.487009e-01,-4.163559e+01,
+1.330000e+05,+5.558152e-01,-4.977673e-01,+7.461252e-01,-4.184643e+01,
+1.340000e+05,+5.522017e-01,-4.981780e-01,+7.437124e-01,-4.205572e+01,
+1.350000e+05,+5.484840e-01,-4.984484e-01,+7.411380e-01,-4.226377e+01,
+1.360000e+05,+5.448441e-01,-4.987399e-01,+7.386451e-01,-4.247039e+01,
+1.370000e+05,+5.412678e-01,-4.990411e-01,+7.362152e-01,-4.267561e+01,
+1.380000e+05,+5.377918e-01,-4.993834e-01,+7.338963e-01,-4.287920e+01,
+1.390000e+05,+5.342104e-01,-4.995835e-01,+7.314126e-01,-4.308159e+01,
+1.400000e+05,+5.307354e-01,-4.998343e-01,+7.290503e-01,-4.328253e+01,
+1.410000e+05,+5.272115e-01,-4.999930e-01,+7.265982e-01,-4.348215e+01,
+1.420000e+05,+5.237419e-01,-5.001576e-01,+7.241982e-01,-4.368049e+01,
+1.430000e+05,+5.202420e-01,-5.002464e-01,+7.217327e-01,-4.387748e+01,
+1.440000e+05,+5.167753e-01,-5.003203e-01,+7.192892e-01,-4.407312e+01,
+1.450000e+05,+5.133753e-01,-5.004153e-01,+7.169168e-01,-4.426759e+01,
+1.460000e+05,+5.099519e-01,-5.004398e-01,+7.144865e-01,-4.446062e+01,
+1.470000e+05,+5.066129e-01,-5.005014e-01,+7.121505e-01,-4.465231e+01,
+1.480000e+05,+5.032424e-01,-5.004871e-01,+7.097467e-01,-4.484272e+01,
+1.490000e+05,+4.998805e-01,-5.004376e-01,+7.073317e-01,-4.503191e+01,
+1.500000e+05,+4.965817e-01,-5.004040e-01,+7.049806e-01,-4.521966e+01,
+1.510000e+05,+4.934496e-01,-5.004979e-01,+7.028447e-01,-4.540628e+01,
+1.520000e+05,+4.901881e-01,-5.004109e-01,+7.004966e-01,-4.559126e+01,
+1.530000e+05,+4.869854e-01,-5.003442e-01,+6.982114e-01,-4.577517e+01,
+1.540000e+05,+4.836940e-01,-5.001382e-01,+6.957716e-01,-4.595758e+01,
+1.550000e+05,+4.805268e-01,-5.000191e-01,+6.934876e-01,-4.613883e+01,
+1.560000e+05,+4.773739e-01,-4.998659e-01,+6.911959e-01,-4.631848e+01,
+1.570000e+05,+4.742777e-01,-4.997323e-01,+6.889642e-01,-4.649701e+01,
+1.580000e+05,+4.711337e-01,-4.995115e-01,+6.866430e-01,-4.667461e+01,
+1.590000e+05,+4.680301e-01,-4.993004e-01,+6.843632e-01,-4.685152e+01,
+1.600000e+05,+4.649177e-01,-4.990329e-01,+6.820427e-01,-4.702691e+01,
+1.610000e+05,+4.618697e-01,-4.988036e-01,+6.798005e-01,-4.720170e+01,
+1.620000e+05,+4.588252e-01,-4.985264e-01,+6.775316e-01,-4.737468e+01,
+1.630000e+05,+4.557885e-01,-4.982227e-01,+6.752547e-01,-4.754682e+01,
+1.640000e+05,+4.529041e-01,-4.980396e-01,+6.731757e-01,-4.771744e+01,
+1.650000e+05,+4.499348e-01,-4.977289e-01,+6.709511e-01,-4.788718e+01,
+1.660000e+05,+4.470325e-01,-4.974537e-01,+6.688036e-01,-4.805582e+01,
+1.670000e+05,+4.440843e-01,-4.970846e-01,+6.665612e-01,-4.822311e+01,
+1.680000e+05,+4.411991e-01,-4.967548e-01,+6.643959e-01,-4.838971e+01,
+1.690000e+05,+4.382406e-01,-4.962975e-01,+6.620921e-01,-4.855485e+01,
+1.700000e+05,+4.354106e-01,-4.959492e-01,+6.599606e-01,-4.871900e+01,
+1.710000e+05,+4.325691e-01,-4.955483e-01,+6.577873e-01,-4.888197e+01,
+1.720000e+05,+4.297882e-01,-4.951779e-01,+6.556822e-01,-4.904375e+01,
+1.730000e+05,+4.269250e-01,-4.946753e-01,+6.534284e-01,-4.920446e+01,
+1.740000e+05,+4.241180e-01,-4.942010e-01,+6.512378e-01,-4.936416e+01,
+1.750000e+05,+4.214920e-01,-4.939052e-01,+6.493058e-01,-4.952300e+01,
+1.760000e+05,+4.187903e-01,-4.934851e-01,+6.472348e-01,-4.968079e+01,
+1.770000e+05,+4.160010e-01,-4.929219e-01,+6.450029e-01,-4.983734e+01,
+1.780000e+05,+4.133047e-01,-4.924349e-01,+6.428942e-01,-4.999297e+01,
+1.790000e+05,+4.106563e-01,-4.919710e-01,+6.408386e-01,-5.014769e+01,
+1.800000e+05,+4.079821e-01,-4.914411e-01,+6.387203e-01,-5.030139e+01,
+1.810000e+05,+4.053524e-01,-4.909308e-01,+6.366503e-01,-5.045414e+01,
+1.820000e+05,+4.027109e-01,-4.903691e-01,+6.345375e-01,-5.060578e+01,
+1.830000e+05,+4.001276e-01,-4.898410e-01,+6.324921e-01,-5.075626e+01,
+1.840000e+05,+3.975285e-01,-4.892577e-01,+6.303983e-01,-5.090567e+01,
+1.850000e+05,+3.951166e-01,-4.888755e-01,+6.285828e-01,-5.105433e+01,
+1.860000e+05,+3.925783e-01,-4.883004e-01,+6.265422e-01,-5.120180e+01,
+1.870000e+05,+3.900696e-01,-4.877299e-01,+6.245276e-01,-5.134838e+01,
+1.880000e+05,+3.875949e-01,-4.871689e-01,+6.225459e-01,-5.149400e+01,
+1.890000e+05,+3.851249e-01,-4.865864e-01,+6.205543e-01,-5.163898e+01,
+1.900000e+05,+3.826307e-01,-4.859393e-01,+6.185008e-01,-5.178295e+01,
+1.910000e+05,+3.802077e-01,-4.853502e-01,+6.165410e-01,-5.192599e+01,
+1.920000e+05,+3.777609e-01,-4.846974e-01,+6.145201e-01,-5.206804e+01,
+1.930000e+05,+3.753777e-01,-4.840952e-01,+6.125820e-01,-5.220924e+01,
+1.940000e+05,+3.729655e-01,-4.834173e-01,+6.105700e-01,-5.234914e+01,
+1.950000e+05,+3.707369e-01,-4.829495e-01,+6.088399e-01,-5.248829e+01,
+1.960000e+05,+3.683600e-01,-4.822533e-01,+6.068422e-01,-5.262628e+01,
+1.970000e+05,+3.660694e-01,-4.816476e-01,+6.049721e-01,-5.276387e+01,
+1.980000e+05,+3.637272e-01,-4.809443e-01,+6.029965e-01,-5.290061e+01,
+1.990000e+05,+3.614335e-01,-4.802766e-01,+6.010822e-01,-5.303661e+01,
+2.000000e+05,+3.591734e-01,-4.796197e-01,+5.992000e-01,-5.317150e+01,
+2.010000e+05,+3.569289e-01,-4.789559e-01,+5.973249e-01,-5.330568e+01,
+2.020000e+05,+3.546841e-01,-4.782535e-01,+5.954219e-01,-5.343850e+01,
+2.030000e+05,+3.524709e-01,-4.775602e-01,+5.935482e-01,-5.357023e+01,
+2.040000e+05,+3.503273e-01,-4.769358e-01,+5.917745e-01,-5.370131e+01,
+2.050000e+05,+3.481550e-01,-4.762530e-01,+5.899397e-01,-5.383209e+01,
+2.060000e+05,+3.459762e-01,-4.755282e-01,+5.880702e-01,-5.396178e+01,
+2.070000e+05,+3.438339e-01,-4.748289e-01,+5.862459e-01,-5.409089e+01,
+2.080000e+05,+3.416942e-01,-4.741002e-01,+5.844022e-01,-5.421889e+01,
+2.090000e+05,+3.395555e-01,-4.733463e-01,+5.825416e-01,-5.434619e+01,
+2.100000e+05,+3.374687e-01,-4.726375e-01,+5.807507e-01,-5.447272e+01,
+2.110000e+05,+3.353667e-01,-4.718812e-01,+5.789151e-01,-5.459854e+01,
+2.120000e+05,+3.333058e-01,-4.711532e-01,+5.771292e-01,-5.472344e+01,
+2.130000e+05,+3.313119e-01,-4.704976e-01,+5.754438e-01,-5.484781e+01,
+2.140000e+05,+3.292954e-01,-4.697829e-01,+5.736998e-01,-5.497137e+01,
+2.150000e+05,+3.272785e-01,-4.690413e-01,+5.719362e-01,-5.509419e+01,
+2.160000e+05,+3.252721e-01,-4.682863e-01,+5.701702e-01,-5.521611e+01,
+2.170000e+05,+3.232764e-01,-4.675238e-01,+5.684066e-01,-5.533750e+01,
+2.180000e+05,+3.212905e-01,-4.667487e-01,+5.666409e-01,-5.545808e+01,
+2.190000e+05,+3.193309e-01,-4.659847e-01,+5.649018e-01,-5.557786e+01,
+2.200000e+05,+3.173800e-01,-4.652103e-01,+5.631614e-01,-5.569706e+01,
+2.210000e+05,+3.154544e-01,-4.644426e-01,+5.614432e-01,-5.581522e+01,
+2.220000e+05,+3.135766e-01,-4.637170e-01,+5.597889e-01,-5.593249e+01,
+2.230000e+05,+3.117087e-01,-4.629887e-01,+5.581405e-01,-5.604945e+01,
+2.240000e+05,+3.098069e-01,-4.621857e-01,+5.564134e-01,-5.616573e+01,
+2.250000e+05,+3.079445e-01,-4.614164e-01,+5.547386e-01,-5.628127e+01,
+2.260000e+05,+3.060734e-01,-4.606102e-01,+5.530305e-01,-5.639614e+01,
+2.270000e+05,+3.042313e-01,-4.598246e-01,+5.513577e-01,-5.651040e+01,
+2.280000e+05,+3.023972e-01,-4.590265e-01,+5.496811e-01,-5.662393e+01,
+2.290000e+05,+3.005747e-01,-4.582160e-01,+5.480028e-01,-5.673643e+01,
+2.300000e+05,+2.988465e-01,-4.575338e-01,+5.464854e-01,-5.684871e+01,
+2.310000e+05,+2.970580e-01,-4.567301e-01,+5.448356e-01,-5.695995e+01,
+2.320000e+05,+2.952673e-01,-4.558966e-01,+5.431615e-01,-5.707037e+01,
+2.330000e+05,+2.935275e-01,-4.551173e-01,+5.415627e-01,-5.718005e+01,
+2.340000e+05,+2.917665e-01,-4.542898e-01,+5.399138e-01,-5.728949e+01,
+2.350000e+05,+2.900610e-01,-4.535191e-01,+5.383447e-01,-5.739790e+01,
+2.360000e+05,+2.883509e-01,-4.527233e-01,+5.367538e-01,-5.750591e+01,
+2.370000e+05,+2.866894e-01,-4.519822e-01,+5.352371e-01,-5.761330e+01,
+2.380000e+05,+2.849941e-01,-4.511688e-01,+5.336431e-01,-5.772023e+01,
+2.390000e+05,+2.833268e-01,-4.503763e-01,+5.320835e-01,-5.782644e+01,
+2.400000e+05,+2.816487e-01,-4.495449e-01,+5.304871e-01,-5.793205e+01,
+2.410000e+05,+2.799996e-01,-4.487366e-01,+5.289275e-01,-5.803694e+01,
+2.420000e+05,+2.783592e-01,-4.479203e-01,+5.273675e-01,-5.814119e+01,
+2.430000e+05,+2.767180e-01,-4.470817e-01,+5.257898e-01,-5.824485e+01,
+2.440000e+05,+2.751088e-01,-4.462677e-01,+5.242515e-01,-5.834758e+01,
+2.450000e+05,+2.735433e-01,-4.455109e-01,+5.227867e-01,-5.845012e+01,
+2.460000e+05,+2.719520e-01,-4.446903e-01,+5.212556e-01,-5.855196e+01,
+2.470000e+05,+2.703591e-01,-4.438455e-01,+5.197046e-01,-5.865320e+01,
+2.480000e+05,+2.688179e-01,-4.430665e-01,+5.182384e-01,-5.875392e+01,
+2.490000e+05,+2.672710e-01,-4.422575e-01,+5.167451e-01,-5.885402e+01,
+2.500000e+05,+2.657360e-01,-4.414426e-01,+5.152545e-01,-5.895324e+01,
+2.510000e+05,+2.642069e-01,-4.406253e-01,+5.137665e-01,-5.905233e+01,
+2.520000e+05,+2.627278e-01,-4.398718e-01,+5.123603e-01,-5.915086e+01,
+2.530000e+05,+2.612320e-01,-4.390679e-01,+5.109039e-01,-5.924864e+01,
+2.540000e+05,+2.597206e-01,-4.382175e-01,+5.094010e-01,-5.934583e+01,
+2.550000e+05,+2.582252e-01,-4.373814e-01,+5.079200e-01,-5.944286e+01,
+2.560000e+05,+2.567770e-01,-4.365997e-01,+5.065113e-01,-5.953897e+01,
+2.570000e+05,+2.552865e-01,-4.357274e-01,+5.050045e-01,-5.963457e+01,
+2.580000e+05,+2.538608e-01,-4.349483e-01,+5.036123e-01,-5.972971e+01,
+2.590000e+05,+2.524169e-01,-4.341201e-01,+5.021698e-01,-5.982436e+01,
+2.600000e+05,+2.509917e-01,-4.333046e-01,+5.007491e-01,-5.991842e+01,
+2.610000e+05,+2.496418e-01,-4.326021e-01,+4.994653e-01,-6.001203e+01,
+2.620000e+05,+2.482044e-01,-4.317303e-01,+4.979924e-01,-6.010514e+01,
+2.630000e+05,+2.467949e-01,-4.308882e-01,+4.965605e-01,-6.019771e+01,
+2.640000e+05,+2.454214e-01,-4.300929e-01,+4.951884e-01,-6.028988e+01,
+2.650000e+05,+2.440308e-01,-4.292522e-01,+4.937696e-01,-6.038167e+01,
+2.660000e+05,+2.426790e-01,-4.284541e-01,+4.924084e-01,-6.047251e+01,
+2.670000e+05,+2.413083e-01,-4.276104e-01,+4.909993e-01,-6.056318e+01,
+2.680000e+05,+2.399734e-01,-4.268113e-01,+4.896479e-01,-6.065326e+01,
+2.690000e+05,+2.386154e-01,-4.259517e-01,+4.882337e-01,-6.074273e+01,
+2.700000e+05,+2.373688e-01,-4.252736e-01,+4.870335e-01,-6.083169e+01,
+2.710000e+05,+2.360495e-01,-4.244477e-01,+4.856699e-01,-6.092010e+01,
+2.720000e+05,+2.347198e-01,-4.235883e-01,+4.842731e-01,-6.100817e+01,
+2.730000e+05,+2.334488e-01,-4.228173e-01,+4.829833e-01,-6.109573e+01,
+2.740000e+05,+2.321527e-01,-4.219852e-01,+4.816289e-01,-6.118286e+01,
+2.750000e+05,+2.308563e-01,-4.211350e-01,+4.802596e-01,-6.126947e+01,
+2.760000e+05,+2.296063e-01,-4.203537e-01,+4.789743e-01,-6.135567e+01,
+2.770000e+05,+2.283206e-01,-4.194897e-01,+4.776001e-01,-6.144135e+01,
+2.780000e+05,+2.270726e-01,-4.186788e-01,+4.762919e-01,-6.152658e+01,
+2.790000e+05,+2.258869e-01,-4.179627e-01,+4.750976e-01,-6.161110e+01,
+2.800000e+05,+2.246649e-01,-4.171705e-01,+4.738201e-01,-6.169556e+01,
+2.810000e+05,+2.234406e-01,-4.163540e-01,+4.725213e-01,-6.177931e+01,
+2.820000e+05,+2.222240e-01,-4.155383e-01,+4.712278e-01,-6.186275e+01,
+2.830000e+05,+2.210046e-01,-4.147010e-01,+4.699148e-01,-6.194571e+01,
+2.840000e+05,+2.198271e-01,-4.139278e-01,+4.686792e-01,-6.202829e+01,
+2.850000e+05,+2.186067e-01,-4.130588e-01,+4.673398e-01,-6.211047e+01,
+2.860000e+05,+2.174482e-01,-4.122840e-01,+4.661135e-01,-6.219178e+01,
+2.870000e+05,+2.162756e-01,-4.114737e-01,+4.648502e-01,-6.227304e+01,
+2.880000e+05,+2.151412e-01,-4.107215e-01,+4.636571e-01,-6.235387e+01,
+2.890000e+05,+2.139993e-01,-4.099391e-01,+4.624346e-01,-6.243422e+01,
+2.900000e+05,+2.128721e-01,-4.091657e-01,+4.612277e-01,-6.251389e+01,
+2.910000e+05,+2.117292e-01,-4.083526e-01,+4.599794e-01,-6.259344e+01,
+2.920000e+05,+2.105995e-01,-4.075510e-01,+4.587483e-01,-6.267262e+01,
+2.930000e+05,+2.094779e-01,-4.067486e-01,+4.575209e-01,-6.275126e+01,
+2.940000e+05,+2.083640e-01,-4.059463e-01,+4.562981e-01,-6.282949e+01,
+2.950000e+05,+2.072623e-01,-4.051534e-01,+4.550901e-01,-6.290730e+01,
+2.960000e+05,+2.062151e-01,-4.044532e-01,+4.539901e-01,-6.298471e+01,
+2.970000e+05,+2.051096e-01,-4.036264e-01,+4.527518e-01,-6.306182e+01,
+2.980000e+05,+2.040353e-01,-4.028445e-01,+4.515685e-01,-6.313840e+01,
+2.990000e+05,+2.029659e-01,-4.020569e-01,+4.503831e-01,-6.321449e+01,
+3.000000e+05,+2.018922e-01,-4.012488e-01,+4.491782e-01,-6.329030e+01,
+3.010000e+05,+2.008489e-01,-4.004873e-01,+4.480294e-01,-6.336572e+01,
+3.020000e+05,+1.998007e-01,-3.997002e-01,+4.468563e-01,-6.344061e+01,
+3.030000e+05,+1.987497e-01,-3.988925e-01,+4.456643e-01,-6.351504e+01,
+3.040000e+05,+1.977115e-01,-3.981020e-01,+4.444941e-01,-6.358938e+01,
+3.050000e+05,+1.967339e-01,-3.974200e-01,+4.434488e-01,-6.366331e+01,
+3.060000e+05,+1.957100e-01,-3.966304e-01,+4.422873e-01,-6.373680e+01,
+3.070000e+05,+1.947056e-01,-3.958645e-01,+4.411564e-01,-6.380977e+01,
+3.080000e+05,+1.936877e-01,-3.950598e-01,+4.399854e-01,-6.388246e+01,
+3.090000e+05,+1.926901e-01,-3.942864e-01,+4.388522e-01,-6.395497e+01,
+3.100000e+05,+1.917153e-01,-3.935432e-01,+4.377568e-01,-6.402689e+01,
+3.110000e+05,+1.907361e-01,-3.927791e-01,+4.366413e-01,-6.409848e+01,
+3.120000e+05,+1.897575e-01,-3.920051e-01,+4.355179e-01,-6.416981e+01,
+3.130000e+05,+1.888424e-01,-3.913491e-01,+4.345291e-01,-6.424072e+01,
+3.140000e+05,+1.878471e-01,-3.905131e-01,+4.333440e-01,-6.431121e+01,
+3.150000e+05,+1.868906e-01,-3.897442e-01,+4.322368e-01,-6.438129e+01,
+3.160000e+05,+1.859416e-01,-3.889772e-01,+4.311352e-01,-6.445094e+01,
+3.170000e+05,+1.849948e-01,-3.882055e-01,+4.300309e-01,-6.452041e+01,
+3.180000e+05,+1.840600e-01,-3.874435e-01,+4.289412e-01,-6.458933e+01,
+3.190000e+05,+1.831212e-01,-3.866625e-01,+4.278332e-01,-6.465802e+01,
+3.200000e+05,+1.822086e-01,-3.859240e-01,+4.267755e-01,-6.472631e+01,
+3.210000e+05,+1.812862e-01,-3.851596e-01,+4.256907e-01,-6.479465e+01,
+3.220000e+05,+1.804238e-01,-3.845061e-01,+4.247325e-01,-6.486237e+01,
+3.230000e+05,+1.795033e-01,-3.837139e-01,+4.236246e-01,-6.492957e+01,
+3.240000e+05,+1.785997e-01,-3.829499e-01,+4.225500e-01,-6.499665e+01,
+3.250000e+05,+1.777083e-01,-3.821952e-01,+4.214895e-01,-6.506311e+01,
+3.260000e+05,+1.768016e-01,-3.813993e-01,+4.203859e-01,-6.512943e+01,
+3.270000e+05,+1.759378e-01,-3.806857e-01,+4.193754e-01,-6.519550e+01,
+3.280000e+05,+1.750748e-01,-3.799593e-01,+4.183542e-01,-6.526104e+01,
+3.290000e+05,+1.742157e-01,-3.792327e-01,+4.173350e-01,-6.532642e+01,
+3.300000e+05,+1.733846e-01,-3.785522e-01,+4.163700e-01,-6.539126e+01,
+3.310000e+05,+1.725229e-01,-3.777959e-01,+4.153239e-01,-6.545588e+01,
+3.320000e+05,+1.716823e-01,-3.770756e-01,+4.143197e-01,-6.552025e+01,
+3.330000e+05,+1.708193e-01,-3.762889e-01,+4.132464e-01,-6.558395e+01,
+3.340000e+05,+1.699964e-01,-3.755859e-01,+4.122663e-01,-6.564771e+01,
+3.350000e+05,+1.691753e-01,-3.748782e-01,+4.112833e-01,-6.571127e+01,
+3.360000e+05,+1.683519e-01,-3.741524e-01,+4.102833e-01,-6.577437e+01,
+3.370000e+05,+1.675053e-01,-3.733622e-01,+4.092156e-01,-6.583707e+01,
+3.380000e+05,+1.667439e-01,-3.727535e-01,+4.083487e-01,-6.589960e+01,
+3.390000e+05,+1.659391e-01,-3.720358e-01,+4.073652e-01,-6.596169e+01,
+3.400000e+05,+1.651294e-01,-3.712977e-01,+4.063616e-01,-6.602356e+01,
+3.410000e+05,+1.643223e-01,-3.705534e-01,+4.053538e-01,-6.608505e+01,
+3.420000e+05,+1.635289e-01,-3.698274e-01,+4.043687e-01,-6.614613e+01,
+3.430000e+05,+1.627490e-01,-3.691237e-01,+4.034099e-01,-6.620700e+01,
+3.440000e+05,+1.619787e-01,-3.684303e-01,+4.024650e-01,-6.626752e+01,
+3.450000e+05,+1.612002e-01,-3.677078e-01,+4.014904e-01,-6.632773e+01,
+3.460000e+05,+1.604582e-01,-3.670608e-01,+4.006002e-01,-6.638776e+01,
+3.470000e+05,+1.596675e-01,-3.662883e-01,+3.995759e-01,-6.644729e+01,
+3.480000e+05,+1.589227e-01,-3.656147e-01,+3.986610e-01,-6.650672e+01,
+3.490000e+05,+1.581728e-01,-3.649192e-01,+3.977244e-01,-6.656586e+01,
+3.500000e+05,+1.574145e-01,-3.641981e-01,+3.967614e-01,-6.662492e+01,
+3.510000e+05,+1.566582e-01,-3.634655e-01,+3.957891e-01,-6.668333e+01,
+3.520000e+05,+1.559274e-01,-3.627872e-01,+3.948771e-01,-6.674178e+01,
+3.530000e+05,+1.551849e-01,-3.620669e-01,+3.939223e-01,-6.679961e+01,
+3.540000e+05,+1.544987e-01,-3.614743e-01,+3.931075e-01,-6.685753e+01,
+3.550000e+05,+1.537481e-01,-3.607164e-01,+3.921158e-01,-6.691486e+01,
+3.560000e+05,+1.530325e-01,-3.600353e-01,+3.912089e-01,-6.697214e+01,
+3.570000e+05,+1.523098e-01,-3.593279e-01,+3.902753e-01,-6.702916e+01,
+3.580000e+05,+1.515961e-01,-3.586262e-01,+3.893509e-01,-6.708556e+01,
+3.590000e+05,+1.508817e-01,-3.579141e-01,+3.884171e-01,-6.714174e+01,
+3.600000e+05,+1.501881e-01,-3.572432e-01,+3.875296e-01,-6.719769e+01,
+3.610000e+05,+1.495030e-01,-3.565810e-01,+3.866538e-01,-6.725325e+01,
+3.620000e+05,+1.488516e-01,-3.559919e-01,+3.858589e-01,-6.730862e+01,
+3.630000e+05,+1.481680e-01,-3.553176e-01,+3.849732e-01,-6.736378e+01,
+3.640000e+05,+1.474745e-01,-3.546124e-01,+3.840556e-01,-6.741878e+01,
+3.650000e+05,+1.467897e-01,-3.539156e-01,+3.831494e-01,-6.747333e+01,
+3.660000e+05,+1.461145e-01,-3.532388e-01,+3.822657e-01,-6.752794e+01,
+3.670000e+05,+1.454489e-01,-3.525647e-01,+3.813886e-01,-6.758163e+01,
+3.680000e+05,+1.447760e-01,-3.518746e-01,+3.804942e-01,-6.763567e+01,
+3.690000e+05,+1.441260e-01,-3.512268e-01,+3.796480e-01,-6.768919e+01,
+3.700000e+05,+1.434883e-01,-3.506058e-01,+3.788315e-01,-6.774276e+01,
+3.710000e+05,+1.428396e-01,-3.499421e-01,+3.779718e-01,-6.779566e+01,
+3.720000e+05,+1.421846e-01,-3.492597e-01,+3.770926e-01,-6.784862e+01,
+3.730000e+05,+1.415441e-01,-3.486035e-01,+3.762434e-01,-6.790128e+01,
+3.740000e+05,+1.409128e-01,-3.479596e-01,+3.754095e-01,-6.795358e+01,
+3.750000e+05,+1.402687e-01,-3.472754e-01,+3.745338e-01,-6.800562e+01,
+3.760000e+05,+1.396428e-01,-3.466318e-01,+3.737027e-01,-6.805764e+01,
+3.770000e+05,+1.390091e-01,-3.459597e-01,+3.728427e-01,-6.810937e+01,
+3.780000e+05,+1.384061e-01,-3.453583e-01,+3.720599e-01,-6.816101e+01,
+3.790000e+05,+1.377828e-01,-3.446936e-01,+3.712112e-01,-6.821215e+01,
+3.800000e+05,+1.371625e-01,-3.440298e-01,+3.703647e-01,-6.826314e+01,
+3.810000e+05,+1.365651e-01,-3.434153e-01,+3.695728e-01,-6.831388e+01,
+3.820000e+05,+1.359586e-01,-3.427767e-01,+3.687555e-01,-6.836479e+01,
+3.830000e+05,+1.353432e-01,-3.421066e-01,+3.679058e-01,-6.841540e+01,
+3.840000e+05,+1.347550e-01,-3.415016e-01,+3.671271e-01,-6.846603e+01,
+3.850000e+05,+1.341733e-01,-3.409019e-01,+3.663558e-01,-6.851624e+01,
+3.860000e+05,+1.335709e-01,-3.402464e-01,+3.655254e-01,-6.856647e+01,
+3.870000e+05,+1.329875e-01,-3.396278e-01,+3.647366e-01,-6.861625e+01,
+3.880000e+05,+1.323955e-01,-3.389835e-01,+3.639208e-01,-6.866607e+01,
+3.890000e+05,+1.318027e-01,-3.383235e-01,+3.630906e-01,-6.871530e+01,
+3.900000e+05,+1.312448e-01,-3.377417e-01,+3.623460e-01,-6.876411e+01,
+3.910000e+05,+1.306562e-01,-3.370812e-01,+3.615173e-01,-6.881313e+01,
+3.920000e+05,+1.301088e-01,-3.365158e-01,+3.607925e-01,-6.886175e+01,
+3.930000e+05,+1.295406e-01,-3.358985e-01,+3.600120e-01,-6.891067e+01,
+3.940000e+05,+1.289821e-01,-3.352884e-01,+3.592418e-01,-6.895876e+01,
+3.950000e+05,+1.284074e-01,-3.346291e-01,+3.584203e-01,-6.900666e+01,
+3.960000e+05,+1.278514e-01,-3.340118e-01,+3.576449e-01,-6.905440e+01,
+3.970000e+05,+1.272892e-01,-3.333761e-01,+3.568503e-01,-6.910222e+01,
+3.980000e+05,+1.267475e-01,-3.327858e-01,+3.561057e-01,-6.914976e+01,
+3.990000e+05,+1.262248e-01,-3.322357e-01,+3.554057e-01,-6.919694e+01,
+4.000000e+05,+1.256883e-01,-3.316342e-01,+3.546531e-01,-6.924345e+01,
+4.010000e+05,+1.251302e-01,-3.309906e-01,+3.538536e-01,-6.929102e+01,
+4.020000e+05,+1.245841e-01,-3.303590e-01,+3.530698e-01,-6.933767e+01,
+4.030000e+05,+1.240359e-01,-3.297134e-01,+3.522724e-01,-6.938404e+01,
+4.040000e+05,+1.235195e-01,-3.291477e-01,+3.515612e-01,-6.943035e+01,
+4.050000e+05,+1.229886e-01,-3.285336e-01,+3.507999e-01,-6.947630e+01,
+4.060000e+05,+1.224599e-01,-3.279265e-01,+3.500460e-01,-6.952250e+01,
+4.070000e+05,+1.219733e-01,-3.274240e-01,+3.494051e-01,-6.956844e+01,
+4.080000e+05,+1.214618e-01,-3.268476e-01,+3.486866e-01,-6.961413e+01,
+4.090000e+05,+1.209368e-01,-3.262261e-01,+3.479212e-01,-6.965951e+01,
+4.100000e+05,+1.204287e-01,-3.256419e-01,+3.471969e-01,-6.970463e+01,
+4.110000e+05,+1.198992e-01,-3.249960e-01,+3.464076e-01,-6.974970e+01,
+4.120000e+05,+1.193979e-01,-3.244122e-01,+3.456865e-01,-6.979417e+01,
+4.130000e+05,+1.188938e-01,-3.238201e-01,+3.449568e-01,-6.983878e+01,
+4.140000e+05,+1.184196e-01,-3.233024e-01,+3.443075e-01,-6.988316e+01,
+4.150000e+05,+1.179193e-01,-3.227130e-01,+3.435821e-01,-6.992768e+01,
+4.160000e+05,+1.174261e-01,-3.221315e-01,+3.428667e-01,-6.997176e+01,
+4.170000e+05,+1.169412e-01,-3.215683e-01,+3.421716e-01,-7.001574e+01,
+4.180000e+05,+1.164476e-01,-3.209643e-01,+3.414354e-01,-7.005896e+01,
+4.190000e+05,+1.159605e-01,-3.203840e-01,+3.407238e-01,-7.010267e+01,
+4.200000e+05,+1.154850e-01,-3.198239e-01,+3.400355e-01,-7.014588e+01,
+4.210000e+05,+1.150375e-01,-3.193370e-01,+3.394256e-01,-7.018902e+01,
+4.220000e+05,+1.145423e-01,-3.187128e-01,+3.386706e-01,-7.023204e+01,
+4.230000e+05,+1.140731e-01,-3.181489e-01,+3.379813e-01,-7.027458e+01,
+4.240000e+05,+1.135962e-01,-3.175655e-01,+3.372713e-01,-7.031739e+01,
+4.250000e+05,+1.131225e-01,-3.169863e-01,+3.365665e-01,-7.036009e+01,
+4.260000e+05,+1.126639e-01,-3.164472e-01,+3.359047e-01,-7.040287e+01,
+4.270000e+05,+1.122047e-01,-3.158941e-01,+3.352298e-01,-7.044509e+01,
+4.280000e+05,+1.117446e-01,-3.153315e-01,+3.345456e-01,-7.048709e+01,
+4.290000e+05,+1.112889e-01,-3.147698e-01,+3.338641e-01,-7.052860e+01,
+4.300000e+05,+1.108306e-01,-3.142055e-01,+3.331794e-01,-7.057057e+01,
+4.310000e+05,+1.103777e-01,-3.136486e-01,+3.325036e-01,-7.061225e+01,
+4.320000e+05,+1.099351e-01,-3.131185e-01,+3.318568e-01,-7.065395e+01,
+4.330000e+05,+1.094899e-01,-3.125717e-01,+3.311934e-01,-7.069529e+01,
+4.340000e+05,+1.090357e-01,-3.119925e-01,+3.304968e-01,-7.073640e+01,
+4.350000e+05,+1.086260e-01,-3.115359e-01,+3.299307e-01,-7.077740e+01,
+4.360000e+05,+1.081765e-01,-3.109548e-01,+3.292340e-01,-7.081797e+01,
+4.370000e+05,+1.077397e-01,-3.104087e-01,+3.285748e-01,-7.085863e+01,
+4.380000e+05,+1.073031e-01,-3.098547e-01,+3.279083e-01,-7.089894e+01,
+4.390000e+05,+1.068723e-01,-3.093118e-01,+3.272544e-01,-7.093913e+01,
+4.400000e+05,+1.064361e-01,-3.087517e-01,+3.265827e-01,-7.097937e+01,
+4.410000e+05,+1.060372e-01,-3.082914e-01,+3.260176e-01,-7.101928e+01,
+4.420000e+05,+1.056134e-01,-3.077544e-01,+3.253721e-01,-7.105910e+01,
+4.430000e+05,+1.051751e-01,-3.071722e-01,+3.246792e-01,-7.109891e+01,
+4.440000e+05,+1.047640e-01,-3.066577e-01,+3.240593e-01,-7.113821e+01,
+4.450000e+05,+1.043354e-01,-3.060901e-01,+3.233837e-01,-7.117756e+01,
+4.460000e+05,+1.039325e-01,-3.055980e-01,+3.227880e-01,-7.121706e+01,
+4.470000e+05,+1.035073e-01,-3.050303e-01,+3.221137e-01,-7.125615e+01,
+4.480000e+05,+1.031176e-01,-3.045606e-01,+3.215438e-01,-7.129502e+01,
+4.490000e+05,+1.027037e-01,-3.040169e-01,+3.208961e-01,-7.133388e+01,
+4.500000e+05,+1.022955e-01,-3.034896e-01,+3.202660e-01,-7.137286e+01,
+4.510000e+05,+1.018914e-01,-3.029652e-01,+3.196401e-01,-7.141148e+01,
+4.520000e+05,+1.014950e-01,-3.024584e-01,+3.190334e-01,-7.144996e+01,
+4.530000e+05,+1.010930e-01,-3.019308e-01,+3.184054e-01,-7.148833e+01,
+4.540000e+05,+1.006984e-01,-3.014143e-01,+3.177904e-01,-7.152621e+01,
+4.550000e+05,+1.003194e-01,-3.009455e-01,+3.172258e-01,-7.156432e+01,
+4.560000e+05,+9.992804e-02,-3.004341e-01,+3.166169e-01,-7.160225e+01,
+4.570000e+05,+9.953328e-02,-2.999045e-01,+3.159899e-01,-7.163985e+01,
+4.580000e+05,+9.913779e-02,-2.993714e-01,+3.153594e-01,-7.167754e+01,
+4.590000e+05,+9.875493e-02,-2.988673e-01,+3.147605e-01,-7.171485e+01,
+4.600000e+05,+9.837171e-02,-2.983640e-01,+3.141625e-01,-7.175242e+01,
+4.610000e+05,+9.798510e-02,-2.978433e-01,+3.135470e-01,-7.178972e+01,
+4.620000e+05,+9.762037e-02,-2.973873e-01,+3.129999e-01,-7.182705e+01,
+4.630000e+05,+9.723827e-02,-2.968735e-01,+3.123927e-01,-7.186425e+01,
+4.640000e+05,+9.684998e-02,-2.963324e-01,+3.117576e-01,-7.190112e+01,
+4.650000e+05,+9.648332e-02,-2.958505e-01,+3.111857e-01,-7.193771e+01,
+4.660000e+05,+9.609932e-02,-2.953143e-01,+3.105570e-01,-7.197440e+01,
+4.670000e+05,+9.573413e-02,-2.948309e-01,+3.099843e-01,-7.201093e+01,
+4.680000e+05,+9.538456e-02,-2.943935e-01,+3.094605e-01,-7.204749e+01,
+4.690000e+05,+9.500831e-02,-2.938642e-01,+3.088409e-01,-7.208362e+01,
+4.700000e+05,+9.464095e-02,-2.933612e-01,+3.082494e-01,-7.211983e+01,
+4.710000e+05,+9.428456e-02,-2.928817e-01,+3.076837e-01,-7.215557e+01,
+4.720000e+05,+9.391086e-02,-2.923573e-01,+3.070701e-01,-7.219196e+01,
+4.730000e+05,+9.354925e-02,-2.918571e-01,+3.064833e-01,-7.222773e+01,
+4.740000e+05,+9.319025e-02,-2.913599e-01,+3.059004e-01,-7.226334e+01,
+4.750000e+05,+9.286726e-02,-2.909721e-01,+3.054326e-01,-7.229888e+01,
+4.760000e+05,+9.250723e-02,-2.904655e-01,+3.048407e-01,-7.233440e+01,
+4.770000e+05,+9.214303e-02,-2.899422e-01,+3.042315e-01,-7.236984e+01,
+4.780000e+05,+9.179033e-02,-2.894486e-01,+3.036544e-01,-7.240506e+01,
+4.790000e+05,+9.144848e-02,-2.889814e-01,+3.031057e-01,-7.243996e+01,
+4.800000e+05,+9.108719e-02,-2.884496e-01,+3.024898e-01,-7.247481e+01,
+4.810000e+05,+9.074525e-02,-2.879738e-01,+3.019331e-01,-7.250951e+01,
+4.820000e+05,+9.042887e-02,-2.875819e-01,+3.014643e-01,-7.254447e+01,
+4.830000e+05,+9.007110e-02,-2.870466e-01,+3.008464e-01,-7.257889e+01,
+4.840000e+05,+8.973701e-02,-2.865834e-01,+3.003045e-01,-7.261324e+01,
+4.850000e+05,+8.941197e-02,-2.861404e-01,+2.997847e-01,-7.264723e+01,
+4.860000e+05,+8.906479e-02,-2.856389e-01,+2.992025e-01,-7.268205e+01,
+4.870000e+05,+8.872452e-02,-2.851438e-01,+2.986286e-01,-7.271609e+01,
+4.880000e+05,+8.841945e-02,-2.847578e-01,+2.981694e-01,-7.275003e+01,
+4.890000e+05,+8.807885e-02,-2.842486e-01,+2.975822e-01,-7.278358e+01,
+4.900000e+05,+8.775271e-02,-2.837845e-01,+2.970424e-01,-7.281718e+01,
+4.910000e+05,+8.741474e-02,-2.832832e-01,+2.964637e-01,-7.285096e+01,
+4.920000e+05,+8.710207e-02,-2.828592e-01,+2.959664e-01,-7.288460e+01,
+4.930000e+05,+8.677500e-02,-2.823798e-01,+2.954120e-01,-7.291786e+01,
+4.940000e+05,+8.645365e-02,-2.819201e-01,+2.948783e-01,-7.295131e+01,
+4.950000e+05,+8.615163e-02,-2.815137e-01,+2.944012e-01,-7.298431e+01,
+4.960000e+05,+8.581886e-02,-2.810084e-01,+2.938207e-01,-7.301752e+01,
+4.970000e+05,+8.550017e-02,-2.805413e-01,+2.932809e-01,-7.305042e+01,
+4.980000e+05,+8.519460e-02,-2.801098e-01,+2.927791e-01,-7.308300e+01,
+4.990000e+05,+8.486982e-02,-2.796176e-01,+2.922137e-01,-7.311584e+01,
+5.000000e+05,+8.456413e-02,-2.791781e-01,+2.917045e-01,-7.314823e+01,
