Datos provenientes de SR865 
F,X,Y,R,T,



+1.000000e+04,+1.005286e+00,-6.771196e-02,+1.007563e+00,-3.853391e+00,
+1.100000e+04,+1.004445e+00,-7.460248e-02,+1.007212e+00,-4.247693e+00,
+1.200000e+04,+1.003457e+00,-8.147191e-02,+1.006759e+00,-4.641733e+00,
+1.300000e+04,+1.002315e+00,-8.831153e-02,+1.006197e+00,-5.035191e+00,
+1.400000e+04,+1.001125e+00,-9.512970e-02,+1.005635e+00,-5.428106e+00,
+1.500000e+04,+9.997168e-01,-1.019066e-01,+1.004897e+00,-5.820369e+00,
+1.600000e+04,+9.983373e-01,-1.086607e-01,+1.004233e+00,-6.211717e+00,
+1.700000e+04,+9.968483e-01,-1.153797e-01,+1.003503e+00,-6.602294e+00,
+1.800000e+04,+9.952323e-01,-1.220590e-01,+1.002689e+00,-6.992049e+00,
+1.900000e+04,+9.934989e-01,-1.286944e-01,+1.001799e+00,-7.380797e+00,
+2.000000e+04,+9.917373e-01,-1.352983e-01,+1.000924e+00,-7.768648e+00,
+2.100000e+04,+9.898620e-01,-1.418553e-01,+9.999749e-01,-8.155427e+00,
+2.200000e+04,+9.879624e-01,-1.483773e-01,+9.990423e-01,-8.541142e+00,
+2.300000e+04,+9.859204e-01,-1.548470e-01,+9.980063e-01,-8.925863e+00,
+2.400000e+04,+9.836813e-01,-1.612495e-01,+9.968100e-01,-9.309387e+00,
+2.500000e+04,+9.813928e-01,-1.676081e-01,+9.956025e-01,-9.691804e+00,
+2.600000e+04,+9.792259e-01,-1.739539e-01,+9.945568e-01,-1.007318e+01,
+2.700000e+04,+9.768490e-01,-1.802254e-01,+9.933353e-01,-1.045333e+01,
+2.800000e+04,+9.742625e-01,-1.864198e-01,+9.919375e-01,-1.083230e+01,
+2.900000e+04,+9.716293e-01,-1.925677e-01,+9.905281e-01,-1.121021e+01,
+3.000000e+04,+9.689780e-01,-1.986731e-01,+9.891357e-01,-1.158698e+01,
+3.100000e+04,+9.664548e-01,-2.047683e-01,+9.879093e-01,-1.196267e+01,
+3.200000e+04,+9.637200e-01,-2.107777e-01,+9.865006e-01,-1.233704e+01,
+3.300000e+04,+9.606349e-01,-2.166629e-01,+9.847651e-01,-1.270990e+01,
+3.400000e+04,+9.577308e-01,-2.225455e-01,+9.832470e-01,-1.308153e+01,
+3.500000e+04,+9.547421e-01,-2.283667e-01,+9.816740e-01,-1.345195e+01,
+3.600000e+04,+9.517470e-01,-2.341427e-01,+9.801251e-01,-1.382107e+01,
+3.700000e+04,+9.486171e-01,-2.398407e-01,+9.784672e-01,-1.418885e+01,
+3.800000e+04,+9.454771e-01,-2.454905e-01,+9.768277e-01,-1.455528e+01,
+3.900000e+04,+9.422283e-01,-2.510656e-01,+9.751041e-01,-1.492033e+01,
+4.000000e+04,+9.389243e-01,-2.565776e-01,+9.733503e-01,-1.528393e+01,
+4.100000e+04,+9.356534e-01,-2.620505e-01,+9.716573e-01,-1.564608e+01,
+4.200000e+04,+9.321501e-01,-2.674094e-01,+9.697482e-01,-1.600680e+01,
+4.300000e+04,+9.287786e-01,-2.727584e-01,+9.680014e-01,-1.636616e+01,
+4.400000e+04,+9.251646e-01,-2.779840e-01,+9.660252e-01,-1.672393e+01,
+4.500000e+04,+9.216815e-01,-2.831993e-01,+9.642088e-01,-1.708029e+01,
+4.600000e+04,+9.180319e-01,-2.883127e-01,+9.622405e-01,-1.743517e+01,
+4.700000e+04,+9.143744e-01,-2.933716e-01,+9.602851e-01,-1.778853e+01,
+4.800000e+04,+9.106777e-01,-2.983671e-01,+9.583092e-01,-1.814045e+01,
+4.900000e+04,+9.068756e-01,-3.032747e-01,+9.562420e-01,-1.849081e+01,
+5.000000e+04,+9.030906e-01,-3.081327e-01,+9.542108e-01,-1.883954e+01,
+5.100000e+04,+8.992172e-01,-3.129097e-01,+9.521050e-01,-1.918688e+01,
+5.200000e+04,+8.953574e-01,-3.176238e-01,+9.500262e-01,-1.953190e+01,
+5.300000e+04,+8.914981e-01,-3.222857e-01,+9.479646e-01,-1.987544e+01,
+5.400000e+04,+8.876393e-01,-3.268942e-01,+9.459193e-01,-2.021742e+01,
+5.500000e+04,+8.836821e-01,-3.314097e-01,+9.437830e-01,-2.055769e+01,
+5.600000e+04,+8.796942e-01,-3.358571e-01,+9.416273e-01,-2.089628e+01,
+5.700000e+04,+8.757063e-01,-3.402490e-01,+9.394843e-01,-2.123326e+01,
+5.800000e+04,+8.715636e-01,-3.445215e-01,+9.371863e-01,-2.156845e+01,
+5.900000e+04,+8.673515e-01,-3.487072e-01,+9.348236e-01,-2.190194e+01,
+6.000000e+04,+8.631981e-01,-3.528597e-01,+9.325348e-01,-2.223385e+01,
+6.100000e+04,+8.591385e-01,-3.569936e-01,+9.303566e-01,-2.256411e+01,
+6.200000e+04,+8.549525e-01,-3.610191e-01,+9.280509e-01,-2.289278e+01,
+6.300000e+04,+8.507159e-01,-3.649637e-01,+9.256976e-01,-2.321971e+01,
+6.400000e+04,+8.466039e-01,-3.689043e-01,+9.234872e-01,-2.354497e+01,
+6.500000e+04,+8.423332e-01,-3.727174e-01,+9.211099e-01,-2.386854e+01,
+6.600000e+04,+8.380404e-01,-3.764599e-01,+9.187130e-01,-2.419031e+01,
+6.700000e+04,+8.337752e-01,-3.801544e-01,+9.163505e-01,-2.451031e+01,
+6.800000e+04,+8.294837e-01,-3.837770e-01,+9.139628e-01,-2.482855e+01,
+6.900000e+04,+8.251749e-01,-3.873327e-01,+9.115592e-01,-2.514511e+01,
+7.000000e+04,+8.209001e-01,-3.908456e-01,+9.091960e-01,-2.545998e+01,
+7.100000e+04,+8.165175e-01,-3.942467e-01,+9.067146e-01,-2.577307e+01,
+7.200000e+04,+8.122547e-01,-3.976453e-01,+9.043669e-01,-2.608440e+01,
+7.300000e+04,+8.077961e-01,-4.008859e-01,+9.018005e-01,-2.639388e+01,
+7.400000e+04,+8.034688e-01,-4.041317e-01,+8.993800e-01,-2.670164e+01,
+7.500000e+04,+7.990721e-01,-4.072839e-01,+8.968815e-01,-2.700776e+01,
+7.600000e+04,+7.948101e-01,-4.104436e-01,+8.945318e-01,-2.731204e+01,
+7.700000e+04,+7.903424e-01,-4.134353e-01,+8.919473e-01,-2.761448e+01,
+7.800000e+04,+7.859700e-01,-4.164172e-01,+8.894673e-01,-2.791523e+01,
+7.900000e+04,+7.815312e-01,-4.193039e-01,+8.869085e-01,-2.821426e+01,
+8.000000e+04,+7.770790e-01,-4.221243e-01,+8.843306e-01,-2.851166e+01,
+8.100000e+04,+7.726894e-01,-4.249173e-01,+8.818184e-01,-2.880727e+01,
+8.200000e+04,+7.683074e-01,-4.276526e-01,+8.793083e-01,-2.910103e+01,
+8.300000e+04,+7.638797e-01,-4.303014e-01,+8.767391e-01,-2.939301e+01,
+8.400000e+04,+7.592719e-01,-4.327885e-01,+8.739564e-01,-2.968334e+01,
+8.500000e+04,+7.549300e-01,-4.353645e-01,+8.714709e-01,-2.997184e+01,
+8.600000e+04,+7.504813e-01,-4.378182e-01,+8.688538e-01,-3.025857e+01,
+8.700000e+04,+7.460349e-01,-4.402106e-01,+8.662295e-01,-3.054345e+01,
+8.800000e+04,+7.416643e-01,-4.425858e-01,+8.636829e-01,-3.082651e+01,
+8.900000e+04,+7.372272e-01,-4.448615e-01,+8.610492e-01,-3.110784e+01,
+9.000000e+04,+7.329092e-01,-4.471503e-01,+8.585448e-01,-3.138750e+01,
+9.100000e+04,+7.284822e-01,-4.493153e-01,+8.559034e-01,-3.166557e+01,
+9.200000e+04,+7.240899e-01,-4.514388e-01,+8.532895e-01,-3.194175e+01,
+9.300000e+04,+7.197002e-01,-4.535034e-01,+8.506666e-01,-3.221619e+01,
+9.400000e+04,+7.153807e-01,-4.555565e-01,+8.481163e-01,-3.248910e+01,
+9.500000e+04,+7.110524e-01,-4.575445e-01,+8.455427e-01,-3.276027e+01,
+9.600000e+04,+7.066259e-01,-4.594082e-01,+8.428382e-01,-3.302964e+01,
+9.700000e+04,+7.023578e-01,-4.613141e-01,+8.403078e-01,-3.329723e+01,
+9.800000e+04,+6.980592e-01,-4.631410e-01,+8.377269e-01,-3.356306e+01,
+9.900000e+04,+6.937162e-01,-4.648809e-01,+8.350787e-01,-3.382727e+01,
+1.000000e+05,+6.893726e-01,-4.665610e-01,+8.324144e-01,-3.408978e+01,
+1.010000e+05,+6.851286e-01,-4.682455e-01,+8.298523e-01,-3.435033e+01,
+1.020000e+05,+6.808136e-01,-4.698253e-01,+8.271898e-01,-3.460931e+01,
+1.030000e+05,+6.765775e-01,-4.714098e-01,+8.246117e-01,-3.486710e+01,
+1.040000e+05,+6.723279e-01,-4.729271e-01,+8.220006e-01,-3.512321e+01,
+1.050000e+05,+6.680242e-01,-4.743475e-01,+8.193057e-01,-3.537762e+01,
+1.060000e+05,+6.638807e-01,-4.758278e-01,+8.167923e-01,-3.563056e+01,
+1.070000e+05,+6.596580e-01,-4.771933e-01,+8.141634e-01,-3.588179e+01,
+1.080000e+05,+6.554123e-01,-4.784839e-01,+8.114876e-01,-3.613132e+01,
+1.090000e+05,+6.511887e-01,-4.797302e-01,+8.088188e-01,-3.637904e+01,
+1.100000e+05,+6.469123e-01,-4.808863e-01,+8.060690e-01,-3.662550e+01,
+1.110000e+05,+6.427584e-01,-4.820720e-01,+8.034499e-01,-3.687008e+01,
+1.120000e+05,+6.387418e-01,-4.833058e-01,+8.009841e-01,-3.711308e+01,
+1.130000e+05,+6.345722e-01,-4.843709e-01,+7.983088e-01,-3.735460e+01,
+1.140000e+05,+6.304430e-01,-4.854116e-01,+7.956650e-01,-3.759459e+01,
+1.150000e+05,+6.263618e-01,-4.864292e-01,+7.930589e-01,-3.783271e+01,
+1.160000e+05,+6.222943e-01,-4.874056e-01,+7.904521e-01,-3.806945e+01,
+1.170000e+05,+6.183227e-01,-4.884020e-01,+7.879463e-01,-3.830458e+01,
+1.180000e+05,+6.143259e-01,-4.893242e-01,+7.853882e-01,-3.853809e+01,
+1.190000e+05,+6.103050e-01,-4.901726e-01,+7.827780e-01,-3.877004e+01,
+1.200000e+05,+6.063979e-01,-4.910597e-01,+7.802935e-01,-3.900047e+01,
+1.210000e+05,+6.023910e-01,-4.918140e-01,+7.776605e-01,-3.922945e+01,
+1.220000e+05,+5.984420e-01,-4.925602e-01,+7.750795e-01,-3.945679e+01,
+1.230000e+05,+5.944737e-01,-4.932406e-01,+7.724540e-01,-3.968282e+01,
+1.240000e+05,+5.906179e-01,-4.939575e-01,+7.699503e-01,-3.990710e+01,
+1.250000e+05,+5.867991e-01,-4.946578e-01,+7.674761e-01,-4.013010e+01,
+1.260000e+05,+5.829138e-01,-4.952482e-01,+7.648917e-01,-4.035149e+01,
+1.270000e+05,+5.791313e-01,-4.958751e-01,+7.624207e-01,-4.057145e+01,
+1.280000e+05,+5.752862e-01,-4.963930e-01,+7.598422e-01,-4.078968e+01,
+1.290000e+05,+5.714811e-01,-4.968914e-01,+7.572924e-01,-4.100631e+01,
+1.300000e+05,+5.676910e-01,-4.973558e-01,+7.547423e-01,-4.122169e+01,
+1.310000e+05,+5.639551e-01,-4.978147e-01,+7.522399e-01,-4.143550e+01,
+1.320000e+05,+5.602492e-01,-4.982512e-01,+7.497556e-01,-4.164793e+01,
+1.330000e+05,+5.565876e-01,-4.986763e-01,+7.473070e-01,-4.185884e+01,
+1.340000e+05,+5.529107e-01,-4.990417e-01,+7.448173e-01,-4.206852e+01,
+1.350000e+05,+5.492375e-01,-4.993593e-01,+7.423083e-01,-4.227668e+01,
+1.360000e+05,+5.455383e-01,-4.996038e-01,+7.397405e-01,-4.248344e+01,
+1.370000e+05,+5.419562e-01,-4.999033e-01,+7.373058e-01,-4.268861e+01,
+1.380000e+05,+5.384699e-01,-5.002447e-01,+7.349794e-01,-4.289244e+01,
+1.390000e+05,+5.348529e-01,-5.004157e-01,+7.324503e-01,-4.309482e+01,
+1.400000e+05,+5.313892e-01,-5.006840e-01,+7.301087e-01,-4.329589e+01,
+1.410000e+05,+5.278381e-01,-5.008247e-01,+7.276253e-01,-4.349572e+01,
+1.420000e+05,+5.243459e-01,-5.009741e-01,+7.251990e-01,-4.369419e+01,
+1.430000e+05,+5.208873e-01,-5.011096e-01,+7.227963e-01,-4.389135e+01,
+1.440000e+05,+5.174140e-01,-5.011817e-01,+7.203473e-01,-4.408701e+01,
+1.450000e+05,+5.140274e-01,-5.012948e-01,+7.179976e-01,-4.428152e+01,
+1.460000e+05,+5.105833e-01,-5.013056e-01,+7.155436e-01,-4.447468e+01,
+1.470000e+05,+5.071892e-01,-5.013190e-01,+7.131351e-01,-4.466650e+01,
+1.480000e+05,+5.038360e-01,-5.013276e-01,+7.107602e-01,-4.485702e+01,
+1.490000e+05,+5.004833e-01,-5.012938e-01,+7.083637e-01,-4.504635e+01,
+1.500000e+05,+4.972313e-01,-5.013143e-01,+7.060843e-01,-4.523427e+01,
+1.510000e+05,+4.940297e-01,-5.013461e-01,+7.038559e-01,-4.542113e+01,
+1.520000e+05,+4.908211e-01,-5.013251e-01,+7.015927e-01,-4.560658e+01,
+1.530000e+05,+4.875344e-01,-5.011813e-01,+6.991942e-01,-4.579078e+01,
+1.540000e+05,+4.843163e-01,-5.010635e-01,+6.968694e-01,-4.597369e+01,
+1.550000e+05,+4.810931e-01,-5.008971e-01,+6.945131e-01,-4.615533e+01,
+1.560000e+05,+4.779500e-01,-5.007730e-01,+6.922498e-01,-4.633584e+01,
+1.570000e+05,+4.748071e-01,-5.006061e-01,+6.899624e-01,-4.651508e+01,
+1.580000e+05,+4.716446e-01,-5.003762e-01,+6.876227e-01,-4.669310e+01,
+1.590000e+05,+4.685684e-01,-5.001978e-01,+6.853862e-01,-4.687000e+01,
+1.600000e+05,+4.654764e-01,-4.999579e-01,+6.831005e-01,-4.704551e+01,
+1.610000e+05,+4.624110e-01,-4.997094e-01,+6.808329e-01,-4.722007e+01,
+1.620000e+05,+4.593090e-01,-4.993786e-01,+6.784863e-01,-4.739336e+01,
+1.630000e+05,+4.563055e-01,-4.991139e-01,+6.762613e-01,-4.756547e+01,
+1.640000e+05,+4.534495e-01,-4.989728e-01,+6.742331e-01,-4.773651e+01,
+1.650000e+05,+4.504286e-01,-4.986112e-01,+6.719368e-01,-4.790640e+01,
+1.660000e+05,+4.475209e-01,-4.983347e-01,+6.697854e-01,-4.807512e+01,
+1.670000e+05,+4.445249e-01,-4.979246e-01,+6.674813e-01,-4.824294e+01,
+1.680000e+05,+4.416724e-01,-4.976308e-01,+6.653652e-01,-4.840932e+01,
+1.690000e+05,+4.387579e-01,-4.972308e-01,+6.631342e-01,-4.857472e+01,
+1.700000e+05,+4.358881e-01,-4.968446e-01,+6.609485e-01,-4.873911e+01,
+1.710000e+05,+4.330741e-01,-4.964797e-01,+6.588211e-01,-4.890214e+01,
+1.720000e+05,+4.302271e-01,-4.960435e-01,+6.566235e-01,-4.906433e+01,
+1.730000e+05,+4.274142e-01,-4.956096e-01,+6.544553e-01,-4.922548e+01,
+1.740000e+05,+4.246307e-01,-4.951701e-01,+6.523071e-01,-4.938542e+01,
+1.750000e+05,+4.219260e-01,-4.947879e-01,+6.502589e-01,-4.954440e+01,
+1.760000e+05,+4.191644e-01,-4.943019e-01,+6.480996e-01,-4.970229e+01,
+1.770000e+05,+4.164922e-01,-4.938874e-01,+6.460576e-01,-4.985927e+01,
+1.780000e+05,+4.137706e-01,-4.933754e-01,+6.439141e-01,-5.001503e+01,
+1.790000e+05,+4.111144e-01,-4.929072e-01,+6.418508e-01,-5.016985e+01,
+1.800000e+05,+4.084275e-01,-4.923682e-01,+6.397182e-01,-5.032373e+01,
+1.810000e+05,+4.057416e-01,-4.917908e-01,+6.375613e-01,-5.047638e+01,
+1.820000e+05,+4.031274e-01,-4.912651e-01,+6.354944e-01,-5.062803e+01,
+1.830000e+05,+4.006011e-01,-4.908160e-01,+6.335468e-01,-5.077888e+01,
+1.840000e+05,+3.979933e-01,-4.902330e-01,+6.314484e-01,-5.092875e+01,
+1.850000e+05,+3.954967e-01,-4.897529e-01,+6.295043e-01,-5.107762e+01,
+1.860000e+05,+3.929836e-01,-4.892173e-01,+6.275107e-01,-5.122542e+01,
+1.870000e+05,+3.904559e-01,-4.886314e-01,+6.254730e-01,-5.137232e+01,
+1.880000e+05,+3.879493e-01,-4.880382e-01,+6.234468e-01,-5.151826e+01,
+1.890000e+05,+3.854703e-01,-4.874474e-01,+6.214437e-01,-5.166327e+01,
+1.900000e+05,+3.830121e-01,-4.868523e-01,+6.194541e-01,-5.180748e+01,
+1.910000e+05,+3.805782e-01,-4.862547e-01,+6.174815e-01,-5.195069e+01,
+1.920000e+05,+3.781665e-01,-4.856541e-01,+6.155240e-01,-5.209301e+01,
+1.930000e+05,+3.757684e-01,-4.850368e-01,+6.135654e-01,-5.223428e+01,
+1.940000e+05,+3.733268e-01,-4.843334e-01,+6.115159e-01,-5.237477e+01,
+1.950000e+05,+3.710372e-01,-4.837920e-01,+6.096913e-01,-5.251412e+01,
+1.960000e+05,+3.686419e-01,-4.830842e-01,+6.076735e-01,-5.265272e+01,
+1.970000e+05,+3.663612e-01,-4.824977e-01,+6.058255e-01,-5.279055e+01,
+1.980000e+05,+3.640280e-01,-4.818083e-01,+6.038672e-01,-5.292730e+01,
+1.990000e+05,+3.617287e-01,-4.811337e-01,+6.019446e-01,-5.306321e+01,
+2.000000e+05,+3.594709e-01,-4.804832e-01,+6.000695e-01,-5.319820e+01,
+2.010000e+05,+3.571965e-01,-4.797843e-01,+5.981491e-01,-5.333253e+01,
+2.020000e+05,+3.549213e-01,-4.790522e-01,+5.962048e-01,-5.346590e+01,
+2.030000e+05,+3.527229e-01,-4.783949e-01,+5.943695e-01,-5.359846e+01,
+2.040000e+05,+3.505664e-01,-4.777657e-01,+5.925850e-01,-5.373018e+01,
+2.050000e+05,+3.483884e-01,-4.770794e-01,+5.907446e-01,-5.386111e+01,
+2.060000e+05,+3.461880e-01,-4.763308e-01,+5.888439e-01,-5.399107e+01,
+2.070000e+05,+3.440695e-01,-4.756700e-01,+5.870653e-01,-5.412041e+01,
+2.080000e+05,+3.419003e-01,-4.749096e-01,+5.851794e-01,-5.424886e+01,
+2.090000e+05,+3.397811e-01,-4.741896e-01,+5.833583e-01,-5.437646e+01,
+2.100000e+05,+3.376651e-01,-4.734438e-01,+5.815211e-01,-5.450313e+01,
+2.110000e+05,+3.355763e-01,-4.727092e-01,+5.797115e-01,-5.462905e+01,
+2.120000e+05,+3.334527e-01,-4.718988e-01,+5.778228e-01,-5.475424e+01,
+2.130000e+05,+3.315038e-01,-4.713121e-01,+5.762203e-01,-5.487884e+01,
+2.140000e+05,+3.294240e-01,-4.705080e-01,+5.743674e-01,-5.500239e+01,
+2.150000e+05,+3.274330e-01,-4.698094e-01,+5.726545e-01,-5.512549e+01,
+2.160000e+05,+3.254020e-01,-4.690248e-01,+5.708509e-01,-5.524770e+01,
+2.170000e+05,+3.234323e-01,-4.682988e-01,+5.691329e-01,-5.536896e+01,
+2.180000e+05,+3.214387e-01,-4.675157e-01,+5.673569e-01,-5.548967e+01,
+2.190000e+05,+3.194482e-01,-4.667147e-01,+5.655703e-01,-5.560985e+01,
+2.200000e+05,+3.174637e-01,-4.658889e-01,+5.637692e-01,-5.572889e+01,
+2.210000e+05,+3.155575e-01,-4.651585e-01,+5.620934e-01,-5.584753e+01,
+2.220000e+05,+3.137111e-01,-4.644859e-01,+5.605013e-01,-5.596513e+01,
+2.230000e+05,+3.117838e-01,-4.636682e-01,+5.587462e-01,-5.608198e+01,
+2.240000e+05,+3.099097e-01,-4.629073e-01,+5.570703e-01,-5.619826e+01,
+2.250000e+05,+3.080444e-01,-4.621333e-01,+5.553904e-01,-5.631374e+01,
+2.260000e+05,+3.061574e-01,-4.613023e-01,+5.536535e-01,-5.642854e+01,
+2.270000e+05,+3.043069e-01,-4.605058e-01,+5.519676e-01,-5.654287e+01,
+2.280000e+05,+3.024905e-01,-4.597386e-01,+5.503272e-01,-5.665660e+01,
+2.290000e+05,+3.006684e-01,-4.589295e-01,+5.486509e-01,-5.676912e+01,
+2.300000e+05,+2.989374e-01,-4.582418e-01,+5.471281e-01,-5.688128e+01,
+2.310000e+05,+2.971650e-01,-4.574657e-01,+5.455107e-01,-5.699266e+01,
+2.320000e+05,+2.953777e-01,-4.566484e-01,+5.438527e-01,-5.710366e+01,
+2.330000e+05,+2.936019e-01,-4.558209e-01,+5.421944e-01,-5.721373e+01,
+2.340000e+05,+2.918376e-01,-4.549877e-01,+5.405395e-01,-5.732312e+01,
+2.350000e+05,+2.901291e-01,-4.542204e-01,+5.389722e-01,-5.743196e+01,
+2.360000e+05,+2.884124e-01,-4.534143e-01,+5.373698e-01,-5.753996e+01,
+2.370000e+05,+2.867625e-01,-4.526982e-01,+5.358809e-01,-5.764771e+01,
+2.380000e+05,+2.850744e-01,-4.518953e-01,+5.343003e-01,-5.775457e+01,
+2.390000e+05,+2.833854e-01,-4.510702e-01,+5.327022e-01,-5.786086e+01,
+2.400000e+05,+2.816882e-01,-4.502081e-01,+5.310702e-01,-5.796643e+01,
+2.410000e+05,+2.800422e-01,-4.494101e-01,+5.295215e-01,-5.807161e+01,
+2.420000e+05,+2.783980e-01,-4.485888e-01,+5.279558e-01,-5.817591e+01,
+2.430000e+05,+2.767561e-01,-4.477517e-01,+5.263796e-01,-5.827971e+01,
+2.440000e+05,+2.751318e-01,-4.469227e-01,+5.248213e-01,-5.838297e+01,
+2.450000e+05,+2.735707e-01,-4.461745e-01,+5.233666e-01,-5.848556e+01,
+2.460000e+05,+2.719886e-01,-4.453737e-01,+5.218578e-01,-5.858768e+01,
+2.470000e+05,+2.704164e-01,-4.445621e-01,+5.203465e-01,-5.868885e+01,
+2.480000e+05,+2.688735e-01,-4.437846e-01,+5.188812e-01,-5.878980e+01,
+2.490000e+05,+2.673170e-01,-4.429654e-01,+5.173748e-01,-5.889022e+01,
+2.500000e+05,+2.657532e-01,-4.421158e-01,+5.158402e-01,-5.899016e+01,
+2.510000e+05,+2.642495e-01,-4.413329e-01,+5.143953e-01,-5.908879e+01,
+2.520000e+05,+2.627582e-01,-4.405608e-01,+5.129676e-01,-5.918740e+01,
+2.530000e+05,+2.612725e-01,-4.397776e-01,+5.115346e-01,-5.928539e+01,
+2.540000e+05,+2.597630e-01,-4.389329e-01,+5.100381e-01,-5.938271e+01,
+2.550000e+05,+2.582605e-01,-4.380827e-01,+5.085420e-01,-5.947961e+01,
+2.560000e+05,+2.567981e-01,-4.372832e-01,+5.071113e-01,-5.957606e+01,
+2.570000e+05,+2.553087e-01,-4.364189e-01,+5.056124e-01,-5.967200e+01,
+2.580000e+05,+2.538665e-01,-4.356157e-01,+5.041917e-01,-5.976738e+01,
+2.590000e+05,+2.523816e-01,-4.347173e-01,+5.026685e-01,-5.986205e+01,
+2.600000e+05,+2.509531e-01,-4.338995e-01,+5.012447e-01,-5.995633e+01,
+2.610000e+05,+2.495762e-01,-4.331552e-01,+4.999117e-01,-6.005023e+01,
+2.620000e+05,+2.481666e-01,-4.323341e-01,+4.984972e-01,-6.014349e+01,
+2.630000e+05,+2.467965e-01,-4.315621e-01,+4.971462e-01,-6.023614e+01,
+2.640000e+05,+2.453865e-01,-4.307059e-01,+4.957037e-01,-6.032850e+01,
+2.650000e+05,+2.439622e-01,-4.298034e-01,+4.942150e-01,-6.042017e+01,
+2.660000e+05,+2.426250e-01,-4.290336e-01,+4.928860e-01,-6.051118e+01,
+2.670000e+05,+2.412534e-01,-4.281914e-01,+4.914784e-01,-6.060204e+01,
+2.680000e+05,+2.399116e-01,-4.273835e-01,+4.901166e-01,-6.069233e+01,
+2.690000e+05,+2.385603e-01,-4.265344e-01,+4.887152e-01,-6.078175e+01,
+2.700000e+05,+2.372912e-01,-4.258214e-01,+4.874741e-01,-6.087102e+01,
+2.710000e+05,+2.359786e-01,-4.250119e-01,+4.861286e-01,-6.095972e+01,
+2.720000e+05,+2.346804e-01,-4.242099e-01,+4.847978e-01,-6.104784e+01,
+2.730000e+05,+2.333729e-01,-4.233719e-01,+4.834321e-01,-6.113537e+01,
+2.740000e+05,+2.320843e-01,-4.225565e-01,+4.820966e-01,-6.122271e+01,
+2.750000e+05,+2.307884e-01,-4.217070e-01,+4.807287e-01,-6.130935e+01,
+2.760000e+05,+2.295318e-01,-4.209184e-01,+4.794342e-01,-6.139584e+01,
+2.770000e+05,+2.282433e-01,-4.200501e-01,+4.780555e-01,-6.148159e+01,
+2.780000e+05,+2.270101e-01,-4.192710e-01,+4.767827e-01,-6.156710e+01,
+2.790000e+05,+2.258115e-01,-4.185308e-01,+4.755616e-01,-6.165164e+01,
+2.800000e+05,+2.245839e-01,-4.177305e-01,+4.742750e-01,-6.173624e+01,
+2.810000e+05,+2.233532e-01,-4.169004e-01,+4.729615e-01,-6.181995e+01,
+2.820000e+05,+2.221533e-01,-4.161138e-01,+4.717019e-01,-6.190329e+01,
+2.830000e+05,+2.209093e-01,-4.152330e-01,+4.703397e-01,-6.198645e+01,
+2.840000e+05,+2.197017e-01,-4.144070e-01,+4.690437e-01,-6.206928e+01,
+2.850000e+05,+2.185225e-01,-4.136136e-01,+4.677909e-01,-6.215138e+01,
+2.860000e+05,+2.173356e-01,-4.127928e-01,+4.665112e-01,-6.223317e+01,
+2.870000e+05,+2.161653e-01,-4.119885e-01,+4.652547e-01,-6.231455e+01,
+2.880000e+05,+2.150470e-01,-4.112659e-01,+4.640957e-01,-6.239536e+01,
+2.890000e+05,+2.139133e-01,-4.104993e-01,+4.628916e-01,-6.247575e+01,
+2.900000e+05,+2.127818e-01,-4.097233e-01,+4.616809e-01,-6.255577e+01,
+2.910000e+05,+2.116252e-01,-4.088838e-01,+4.604033e-01,-6.263535e+01,
+2.920000e+05,+2.104880e-01,-4.080649e-01,+4.591537e-01,-6.271441e+01,
+2.930000e+05,+2.093734e-01,-4.072746e-01,+4.579408e-01,-6.279303e+01,
+2.940000e+05,+2.082641e-01,-4.064839e-01,+4.567308e-01,-6.287143e+01,
+2.950000e+05,+2.071422e-01,-4.056545e-01,+4.554816e-01,-6.294945e+01,
+2.960000e+05,+2.061126e-01,-4.049893e-01,+4.544213e-01,-6.302693e+01,
+2.970000e+05,+2.049798e-01,-4.041065e-01,+4.531212e-01,-6.310395e+01,
+2.980000e+05,+2.039112e-01,-4.033365e-01,+4.519514e-01,-6.318061e+01,
+2.990000e+05,+2.028477e-01,-4.025637e-01,+4.507824e-01,-6.325693e+01,
+3.000000e+05,+2.017728e-01,-4.017547e-01,+4.495766e-01,-6.333288e+01,
+3.010000e+05,+2.007517e-01,-4.010414e-01,+4.484813e-01,-6.340855e+01,
+3.020000e+05,+1.996743e-01,-4.002002e-01,+4.472472e-01,-6.348373e+01,
+3.030000e+05,+1.986285e-01,-3.994056e-01,+4.460696e-01,-6.355836e+01,
+3.040000e+05,+1.975927e-01,-3.986174e-01,+4.449030e-01,-6.363260e+01,
+3.050000e+05,+1.966245e-01,-3.979582e-01,+4.438828e-01,-6.370678e+01,
+3.060000e+05,+1.955936e-01,-3.971531e-01,+4.427047e-01,-6.378024e+01,
+3.070000e+05,+1.945681e-01,-3.963462e-01,+4.415281e-01,-6.385337e+01,
+3.080000e+05,+1.935608e-01,-3.955628e-01,+4.403813e-01,-6.392609e+01,
+3.090000e+05,+1.925369e-01,-3.947358e-01,+4.391888e-01,-6.399866e+01,
+3.100000e+05,+1.915657e-01,-3.940030e-01,+4.381047e-01,-6.407080e+01,
+3.110000e+05,+1.905835e-01,-3.932325e-01,+4.369827e-01,-6.414246e+01,
+3.120000e+05,+1.896026e-01,-3.924530e-01,+4.358537e-01,-6.421380e+01,
+3.130000e+05,+1.886532e-01,-3.917270e-01,+4.347874e-01,-6.428482e+01,
+3.140000e+05,+1.876843e-01,-3.909443e-01,+4.336621e-01,-6.435530e+01,
+3.150000e+05,+1.867399e-01,-3.902041e-01,+4.325864e-01,-6.442563e+01,
+3.160000e+05,+1.857942e-01,-3.894484e-01,+4.314969e-01,-6.449559e+01,
+3.170000e+05,+1.848567e-01,-3.886969e-01,+4.304152e-01,-6.456515e+01,
+3.180000e+05,+1.839140e-01,-3.879205e-01,+4.293095e-01,-6.463426e+01,
+3.190000e+05,+1.829636e-01,-3.871147e-01,+4.281746e-01,-6.470298e+01,
+3.200000e+05,+1.820573e-01,-3.863908e-01,+4.271331e-01,-6.477140e+01,
+3.210000e+05,+1.811239e-01,-3.856006e-01,+4.260208e-01,-6.483966e+01,
+3.220000e+05,+1.802435e-01,-3.849058e-01,+4.250179e-01,-6.490726e+01,
+3.230000e+05,+1.793274e-01,-3.841273e-01,+4.239247e-01,-6.497478e+01,
+3.240000e+05,+1.784343e-01,-3.833848e-01,+4.228743e-01,-6.504186e+01,
+3.250000e+05,+1.775586e-01,-3.826635e-01,+4.218512e-01,-6.510837e+01,
+3.260000e+05,+1.766616e-01,-3.818900e-01,+4.207723e-01,-6.517483e+01,
+3.270000e+05,+1.757921e-01,-3.811615e-01,+4.197463e-01,-6.524080e+01,
+3.280000e+05,+1.749250e-01,-3.804335e-01,+4.187223e-01,-6.530682e+01,
+3.290000e+05,+1.740448e-01,-3.796574e-01,+4.176498e-01,-6.537204e+01,
+3.300000e+05,+1.732319e-01,-3.790296e-01,+4.167406e-01,-6.543766e+01,
+3.310000e+05,+1.723804e-01,-3.782951e-01,+4.157189e-01,-6.550232e+01,
+3.320000e+05,+1.715149e-01,-3.775267e-01,+4.146610e-01,-6.556713e+01,
+3.330000e+05,+1.706741e-01,-3.767894e-01,+4.136423e-01,-6.563092e+01,
+3.340000e+05,+1.698276e-01,-3.760308e-01,+4.126022e-01,-6.569453e+01,
+3.350000e+05,+1.689914e-01,-3.752889e-01,+4.115822e-01,-6.575811e+01,
+3.360000e+05,+1.681595e-01,-3.745426e-01,+4.105603e-01,-6.582121e+01,
+3.370000e+05,+1.673491e-01,-3.738306e-01,+4.095791e-01,-6.588383e+01,
+3.380000e+05,+1.665713e-01,-3.731865e-01,+4.086736e-01,-6.594646e+01,
+3.390000e+05,+1.657476e-01,-3.724263e-01,+4.076440e-01,-6.600864e+01,
+3.400000e+05,+1.649384e-01,-3.716865e-01,+4.066393e-01,-6.607042e+01,
+3.410000e+05,+1.641366e-01,-3.709552e-01,+4.056459e-01,-6.613204e+01,
+3.420000e+05,+1.633400e-01,-3.702251e-01,+4.046561e-01,-6.619336e+01,
+3.430000e+05,+1.625671e-01,-3.695374e-01,+4.037152e-01,-6.625431e+01,
+3.440000e+05,+1.617695e-01,-3.687840e-01,+4.027046e-01,-6.631502e+01,
+3.450000e+05,+1.610144e-01,-3.681168e-01,+4.017905e-01,-6.637541e+01,
+3.460000e+05,+1.602663e-01,-3.674574e-01,+4.008868e-01,-6.643559e+01,
+3.470000e+05,+1.594952e-01,-3.667363e-01,+3.999178e-01,-6.649556e+01,
+3.480000e+05,+1.587187e-01,-3.659838e-01,+3.989182e-01,-6.655473e+01,
+3.490000e+05,+1.579611e-01,-3.652737e-01,+3.979655e-01,-6.661411e+01,
+3.500000e+05,+1.572126e-01,-3.645725e-01,+3.970251e-01,-6.667310e+01,
+3.510000e+05,+1.564471e-01,-3.638193e-01,+3.960305e-01,-6.673165e+01,
+3.520000e+05,+1.557177e-01,-3.631369e-01,+3.951158e-01,-6.678973e+01,
+3.530000e+05,+1.549891e-01,-3.624554e-01,+3.942024e-01,-6.684802e+01,
+3.540000e+05,+1.542856e-01,-3.618169e-01,+3.933389e-01,-6.690567e+01,
+3.550000e+05,+1.535538e-01,-3.611053e-01,+3.923976e-01,-6.696320e+01,
+3.560000e+05,+1.528336e-01,-3.604119e-01,+3.914778e-01,-6.702051e+01,
+3.570000e+05,+1.521286e-01,-3.597450e-01,+3.905887e-01,-6.707751e+01,
+3.580000e+05,+1.514076e-01,-3.590246e-01,+3.896446e-01,-6.713390e+01,
+3.590000e+05,+1.507160e-01,-3.583686e-01,+3.887716e-01,-6.719025e+01,
+3.600000e+05,+1.500156e-01,-3.576818e-01,+3.878672e-01,-6.724629e+01,
+3.610000e+05,+1.493045e-01,-3.569570e-01,+3.869239e-01,-6.730189e+01,
+3.620000e+05,+1.486504e-01,-3.563542e-01,+3.861156e-01,-6.735692e+01,
+3.630000e+05,+1.479556e-01,-3.556591e-01,+3.852067e-01,-6.741250e+01,
+3.640000e+05,+1.472670e-01,-3.549635e-01,+3.843003e-01,-6.746745e+01,
+3.650000e+05,+1.465762e-01,-3.542534e-01,+3.833797e-01,-6.752213e+01,
+3.660000e+05,+1.459110e-01,-3.535979e-01,+3.825200e-01,-6.757668e+01,
+3.670000e+05,+1.452409e-01,-3.529204e-01,+3.816382e-01,-6.763086e+01,
+3.680000e+05,+1.445747e-01,-3.522429e-01,+3.807583e-01,-6.768477e+01,
+3.690000e+05,+1.439105e-01,-3.515664e-01,+3.798805e-01,-6.773871e+01,
+3.700000e+05,+1.432936e-01,-3.509958e-01,+3.791189e-01,-6.779233e+01,
+3.710000e+05,+1.426317e-01,-3.503006e-01,+3.782252e-01,-6.784534e+01,
+3.720000e+05,+1.419704e-01,-3.496050e-01,+3.773318e-01,-6.789851e+01,
+3.730000e+05,+1.413283e-01,-3.489373e-01,+3.764717e-01,-6.795081e+01,
+3.740000e+05,+1.406893e-01,-3.482757e-01,+3.756188e-01,-6.800328e+01,
+3.750000e+05,+1.400502e-01,-3.476101e-01,+3.747624e-01,-6.805576e+01,
+3.760000e+05,+1.394125e-01,-3.469356e-01,+3.738986e-01,-6.810777e+01,
+3.770000e+05,+1.387921e-01,-3.462989e-01,+3.730766e-01,-6.815971e+01,
+3.780000e+05,+1.381853e-01,-3.456848e-01,+3.722810e-01,-6.821125e+01,
+3.790000e+05,+1.375630e-01,-3.450251e-01,+3.714376e-01,-6.826261e+01,
+3.800000e+05,+1.369505e-01,-3.443795e-01,+3.706112e-01,-6.831359e+01,
+3.810000e+05,+1.363468e-01,-3.437481e-01,+3.698016e-01,-6.836437e+01,
+3.820000e+05,+1.357376e-01,-3.431044e-01,+3.689787e-01,-6.841545e+01,
+3.830000e+05,+1.351218e-01,-3.424370e-01,+3.681317e-01,-6.846635e+01,
+3.840000e+05,+1.345176e-01,-3.417884e-01,+3.673068e-01,-6.851689e+01,
+3.850000e+05,+1.339389e-01,-3.411978e-01,+3.665455e-01,-6.856725e+01,
+3.860000e+05,+1.333550e-01,-3.405853e-01,+3.657621e-01,-6.861734e+01,
+3.870000e+05,+1.327763e-01,-3.399763e-01,+3.649842e-01,-6.866707e+01,
+3.880000e+05,+1.321923e-01,-3.393503e-01,+3.641887e-01,-6.871684e+01,
+3.890000e+05,+1.316049e-01,-3.387038e-01,+3.633732e-01,-6.876613e+01,
+3.900000e+05,+1.310167e-01,-3.380470e-01,+3.625482e-01,-6.881518e+01,
+3.910000e+05,+1.304364e-01,-3.374115e-01,+3.617460e-01,-6.886450e+01,
+3.920000e+05,+1.298947e-01,-3.368546e-01,+3.610314e-01,-6.891282e+01,
+3.930000e+05,+1.293128e-01,-3.361952e-01,+3.602069e-01,-6.896146e+01,
+3.940000e+05,+1.287524e-01,-3.355830e-01,+3.594344e-01,-6.900980e+01,
+3.950000e+05,+1.281938e-01,-3.349665e-01,+3.586589e-01,-6.905783e+01,
+3.960000e+05,+1.276323e-01,-3.343350e-01,+3.578685e-01,-6.910565e+01,
+3.970000e+05,+1.270964e-01,-3.337626e-01,+3.571428e-01,-6.915324e+01,
+3.980000e+05,+1.265419e-01,-3.331401e-01,+3.563638e-01,-6.920093e+01,
+3.990000e+05,+1.260113e-01,-3.325733e-01,+3.556457e-01,-6.924840e+01,
+4.000000e+05,+1.254745e-01,-3.319716e-01,+3.548930e-01,-6.929504e+01,
+4.010000e+05,+1.249183e-01,-3.313291e-01,+3.540954e-01,-6.934247e+01,
+4.020000e+05,+1.243888e-01,-3.307426e-01,+3.533599e-01,-6.938924e+01,
+4.030000e+05,+1.238367e-01,-3.300846e-01,+3.525498e-01,-6.943558e+01,
+4.040000e+05,+1.233081e-01,-3.294843e-01,+3.518022e-01,-6.948183e+01,
+4.050000e+05,+1.227883e-01,-3.288991e-01,+3.510721e-01,-6.952782e+01,
+4.060000e+05,+1.222555e-01,-3.282801e-01,+3.503059e-01,-6.957404e+01,
+4.070000e+05,+1.217612e-01,-3.277495e-01,+3.496362e-01,-6.961961e+01,
+4.080000e+05,+1.212521e-01,-3.271850e-01,+3.489299e-01,-6.966570e+01,
+4.090000e+05,+1.207200e-01,-3.265404e-01,+3.481407e-01,-6.971095e+01,
+4.100000e+05,+1.202066e-01,-3.259443e-01,+3.474036e-01,-6.975627e+01,
+4.110000e+05,+1.196904e-01,-3.253300e-01,+3.466488e-01,-6.980119e+01,
+4.120000e+05,+1.191777e-01,-3.247181e-01,+3.458976e-01,-6.984589e+01,
+4.130000e+05,+1.186810e-01,-3.241436e-01,+3.451872e-01,-6.989044e+01,
+4.140000e+05,+1.182019e-01,-3.236125e-01,+3.445239e-01,-6.993490e+01,
+4.150000e+05,+1.177232e-01,-3.230777e-01,+3.438575e-01,-6.997924e+01,
+4.160000e+05,+1.172284e-01,-3.224917e-01,+3.431376e-01,-7.002337e+01,
+4.170000e+05,+1.167404e-01,-3.219181e-01,+3.424318e-01,-7.006733e+01,
+4.180000e+05,+1.162472e-01,-3.213250e-01,+3.417062e-01,-7.011116e+01,
+4.190000e+05,+1.157513e-01,-3.207184e-01,+3.409672e-01,-7.015485e+01,
+4.200000e+05,+1.152683e-01,-3.201389e-01,+3.402582e-01,-7.019822e+01,
+4.210000e+05,+1.148126e-01,-3.196261e-01,+3.396215e-01,-7.024126e+01,
+4.220000e+05,+1.143353e-01,-3.190492e-01,+3.389173e-01,-7.028421e+01,
+4.230000e+05,+1.138647e-01,-3.184825e-01,+3.382251e-01,-7.032687e+01,
+4.240000e+05,+1.133913e-01,-3.179072e-01,+3.375242e-01,-7.036966e+01,
+4.250000e+05,+1.129130e-01,-3.173091e-01,+3.368003e-01,-7.041212e+01,
+4.260000e+05,+1.124502e-01,-3.167529e-01,+3.361211e-01,-7.045466e+01,
+4.270000e+05,+1.119810e-01,-3.161696e-01,+3.354146e-01,-7.049686e+01,
+4.280000e+05,+1.115362e-01,-3.156567e-01,+3.347827e-01,-7.053931e+01,
+4.290000e+05,+1.110835e-01,-3.151098e-01,+3.341163e-01,-7.058126e+01,
+4.300000e+05,+1.106274e-01,-3.145491e-01,+3.334360e-01,-7.062315e+01,
+4.310000e+05,+1.101695e-01,-3.139739e-01,+3.327416e-01,-7.066467e+01,
+4.320000e+05,+1.097220e-01,-3.134258e-01,+3.320763e-01,-7.070621e+01,
+4.330000e+05,+1.092732e-01,-3.128698e-01,+3.314033e-01,-7.074768e+01,
+4.340000e+05,+1.088223e-01,-3.122993e-01,+3.307161e-01,-7.078884e+01,
+4.350000e+05,+1.083973e-01,-3.117969e-01,+3.301019e-01,-7.082980e+01,
+4.360000e+05,+1.079606e-01,-3.112546e-01,+3.294464e-01,-7.087057e+01,
+4.370000e+05,+1.075225e-01,-3.107094e-01,+3.287878e-01,-7.091157e+01,
+4.380000e+05,+1.070886e-01,-3.101641e-01,+3.281307e-01,-7.095203e+01,
+4.390000e+05,+1.066438e-01,-3.095798e-01,+3.274333e-01,-7.099223e+01,
+4.400000e+05,+1.062212e-01,-3.090566e-01,+3.268010e-01,-7.103240e+01,
+4.410000e+05,+1.058082e-01,-3.085575e-01,+3.261948e-01,-7.107252e+01,
+4.420000e+05,+1.053890e-01,-3.080323e-01,+3.255622e-01,-7.111232e+01,
+4.430000e+05,+1.049618e-01,-3.074784e-01,+3.248999e-01,-7.115197e+01,
+4.440000e+05,+1.045394e-01,-3.069326e-01,+3.242470e-01,-7.119146e+01,
+4.450000e+05,+1.041233e-01,-3.064054e-01,+3.236139e-01,-7.123109e+01,
+4.460000e+05,+1.037064e-01,-3.058659e-01,+3.229690e-01,-7.127034e+01,
+4.470000e+05,+1.032932e-01,-3.053343e-01,+3.223329e-01,-7.130956e+01,
+4.480000e+05,+1.028894e-01,-3.048244e-01,+3.217207e-01,-7.134858e+01,
+4.490000e+05,+1.024910e-01,-3.043229e-01,+3.211181e-01,-7.138731e+01,
+4.500000e+05,+1.020774e-01,-3.037730e-01,+3.204651e-01,-7.142601e+01,
+4.510000e+05,+1.016787e-01,-3.032666e-01,+3.198581e-01,-7.146482e+01,
+4.520000e+05,+1.012696e-01,-3.027185e-01,+3.192085e-01,-7.150316e+01,
+4.530000e+05,+1.008643e-01,-3.021761e-01,+3.185655e-01,-7.154134e+01,
+4.540000e+05,+1.004766e-01,-3.016799e-01,+3.179722e-01,-7.157931e+01,
+4.550000e+05,+1.000942e-01,-3.012033e-01,+3.173993e-01,-7.161760e+01,
+4.560000e+05,+9.969586e-02,-3.006700e-01,+3.167676e-01,-7.165555e+01,
+4.570000e+05,+9.930667e-02,-3.001572e-01,+3.161584e-01,-7.169325e+01,
+4.580000e+05,+9.891341e-02,-2.996280e-01,+3.155326e-01,-7.173087e+01,
+4.590000e+05,+9.852245e-02,-2.991050e-01,+3.149134e-01,-7.176859e+01,
+4.600000e+05,+9.813598e-02,-2.985882e-01,+3.143018e-01,-7.180603e+01,
+4.610000e+05,+9.775674e-02,-2.980903e-01,+3.137104e-01,-7.184343e+01,
+4.620000e+05,+9.737945e-02,-2.975932e-01,+3.131206e-01,-7.188069e+01,
+4.630000e+05,+9.701159e-02,-2.971185e-01,+3.125550e-01,-7.191772e+01,
+4.640000e+05,+9.662853e-02,-2.965888e-01,+3.119327e-01,-7.195440e+01,
+4.650000e+05,+9.624080e-02,-2.960469e-01,+3.112974e-01,-7.199136e+01,
+4.660000e+05,+9.587985e-02,-2.955776e-01,+3.107395e-01,-7.202790e+01,
+4.670000e+05,+9.550100e-02,-2.950516e-01,+3.101224e-01,-7.206450e+01,
+4.680000e+05,+9.515331e-02,-2.946188e-01,+3.096036e-01,-7.210104e+01,
+4.690000e+05,+9.478295e-02,-2.941114e-01,+3.090069e-01,-7.213747e+01,
+4.700000e+05,+9.441612e-02,-2.936089e-01,+3.084163e-01,-7.217371e+01,
+4.710000e+05,+9.405705e-02,-2.931260e-01,+3.078467e-01,-7.220981e+01,
+4.720000e+05,+9.368918e-02,-2.926090e-01,+3.072420e-01,-7.224568e+01,
+4.730000e+05,+9.332440e-02,-2.921046e-01,+3.066505e-01,-7.228185e+01,
+4.740000e+05,+9.296518e-02,-2.916055e-01,+3.060658e-01,-7.231747e+01,
+4.750000e+05,+9.263464e-02,-2.911933e-01,+3.055728e-01,-7.235304e+01,
+4.760000e+05,+9.227616e-02,-2.906906e-01,+3.049851e-01,-7.238860e+01,
+4.770000e+05,+9.192236e-02,-2.901981e-01,+3.044087e-01,-7.242402e+01,
+4.780000e+05,+9.157205e-02,-2.897097e-01,+3.038374e-01,-7.245918e+01,
+4.790000e+05,+9.122826e-02,-2.892408e-01,+3.032867e-01,-7.249441e+01,
+4.800000e+05,+9.087427e-02,-2.887318e-01,+3.026949e-01,-7.252933e+01,
+4.810000e+05,+9.052347e-02,-2.882277e-01,+3.021088e-01,-7.256409e+01,
+4.820000e+05,+9.019881e-02,-2.878042e-01,+3.016075e-01,-7.259883e+01,
+4.830000e+05,+8.986354e-02,-2.873413e-01,+3.010656e-01,-7.263337e+01,
+4.840000e+05,+8.952288e-02,-2.868542e-01,+3.004991e-01,-7.266763e+01,
+4.850000e+05,+8.919062e-02,-2.863960e-01,+2.999627e-01,-7.270215e+01,
+4.860000e+05,+8.883506e-02,-2.858618e-01,+2.993470e-01,-7.273672e+01,
+4.870000e+05,+8.850095e-02,-2.853863e-01,+2.987938e-01,-7.277084e+01,
+4.880000e+05,+8.819613e-02,-2.849981e-01,+2.983328e-01,-7.280468e+01,
+4.890000e+05,+8.787316e-02,-2.845513e-01,+2.978106e-01,-7.283862e+01,
+4.900000e+05,+8.753293e-02,-2.840444e-01,+2.972260e-01,-7.287246e+01,
+4.910000e+05,+8.720951e-02,-2.835862e-01,+2.966928e-01,-7.290608e+01,
+4.920000e+05,+8.687773e-02,-2.830878e-01,+2.961189e-01,-7.293909e+01,
+4.930000e+05,+8.654096e-02,-2.825843e-01,+2.955389e-01,-7.297288e+01,
+4.940000e+05,+8.622477e-02,-2.821397e-01,+2.950213e-01,-7.300631e+01,
+4.950000e+05,+8.592251e-02,-2.817340e-01,+2.945450e-01,-7.303947e+01,
+4.960000e+05,+8.559860e-02,-2.812535e-01,+2.939909e-01,-7.307253e+01,
+4.970000e+05,+8.527426e-02,-2.807669e-01,+2.934310e-01,-7.310546e+01,
+4.980000e+05,+8.496334e-02,-2.803136e-01,+2.929069e-01,-7.313788e+01,
+4.990000e+05,+8.463353e-02,-2.798062e-01,+2.923257e-01,-7.317090e+01,
+5.000000e+05,+8.433869e-02,-2.793872e-01,+2.918393e-01,-7.320249e+01,
