Barrido en f -> f_inicial:1000, f_final:500000, step: 1000
Parametros -> N:32, Modo:1,	Fuente:1
Formato -> f,x,y,r,phi

999.942444,121623172.401574,-1070897.304761,0.927975,-0.504494
1999.959351,121586704.858221,-2131903.499959,0.927804,-1.004552
2999.976318,121527984.003469,-3186955.088049,0.927532,-1.502227
3999.993164,121450826.690175,-4249301.131000,0.927192,-2.003897
4999.935547,121352538.964641,-5298303.640906,0.926757,-2.500044
5999.952637,121238482.223328,-6338397.724191,0.926268,-2.992811
6999.969727,121107919.510041,-7385208.129523,0.925725,-3.489701
7999.986328,120958965.740100,-8420243.850375,0.925105,-3.982190
8999.928711,120791672.205479,-9450541.899229,0.924412,-4.473746
9999.945312,120605834.050812,-10479422.996406,0.923645,-4.966096
10999.962891,120399761.142484,-11498791.308515,0.922785,-5.455653
11999.979492,120181159.571568,-12510404.165298,0.921892,-5.943045
12999.996094,119947000.570384,-13525495.952712,0.920951,-6.433815
13999.939453,119691848.950781,-14524217.765324,0.919903,-6.919033
14999.956055,119425954.088314,-15521559.718699,0.918839,-7.405331
15999.972656,119136909.915200,-16504079.600600,0.917651,-7.887241
16999.990234,118836022.806577,-17475334.288037,0.916426,-8.365873
17999.931641,118525135.466614,-18461892.960905,0.915207,-8.853710
18999.949219,118184110.015675,-19412336.077010,0.913784,-9.328104
19999.966797,117839684.621937,-20362811.024875,0.912397,-9.804238
20999.982422,117474870.231920,-21307214.356083,0.910913,-10.280667
22000.000000,117106771.504160,-22246938.464283,0.909461,-10.756703
22999.941406,116702994.302595,-23161814.847337,0.907767,-11.225840
23999.958984,116303372.690467,-24079654.405610,0.906171,-11.697692
24999.976562,115883571.671172,-24976957.823828,0.904452,-12.163531
25999.992188,115463812.414642,-25882178.924189,0.902807,-12.634849
26999.935547,115011194.561677,-26746942.103696,0.900909,-13.092351
27999.953125,114554887.315016,-27627234.788939,0.899069,-13.559517
28999.968750,114079169.190213,-28463778.610421,0.897065,-14.010176
29999.986328,113601225.650042,-29314345.915721,0.895127,-14.469728
30999.929688,113122092.246367,-30168212.630304,0.893244,-14.932955
31999.945312,112611742.199100,-30977801.084200,0.891101,-15.381233
32999.960938,112103130.226874,-31788386.592039,0.889027,-15.831882
33999.980469,111576521.737994,-32577965.834573,0.886832,-16.277159
34999.996094,111049044.848737,-33366296.533632,0.884682,-16.724151
35999.937500,110497226.469457,-34136315.388458,0.882366,-17.168187
36999.957031,109942847.385016,-34890057.879871,0.880049,-17.607211
37999.972656,109395213.870324,-35649841.925068,0.877846,-18.050347
38999.988281,108826607.819988,-36385084.246313,0.875485,-18.487387
39999.933594,108251917.386000,-37102909.873750,0.873088,-18.919503
40999.949219,107666573.991672,-37807685.426265,0.870631,-19.349564
41999.964844,107075646.063263,-38506013.585772,0.868167,-19.779932
42999.984375,106483058.091654,-39209226.546701,0.865753,-20.215329
44000.000000,105872934.802420,-39845094.100921,0.863083,-20.624349
44999.941406,105263757.547602,-40512066.287583,0.860549,-21.050462
45999.960938,104646591.587897,-41135914.401179,0.857886,-21.460109
46999.976562,104036201.959906,-41766887.285211,0.855335,-21.874376
47999.992188,103386629.426129,-42380868.564422,0.852504,-22.290657
48999.933594,102786052.660337,-43022548.358499,0.850144,-22.713104
49999.953125,102138183.854687,-43586256.887656,0.847266,-23.110472
50999.968750,101515996.724737,-44183669.753267,0.844710,-23.521223
51999.984375,100850358.870816,-44720398.012025,0.841708,-23.914794
52999.929688,100211622.864028,-45272049.866346,0.838979,-24.312479
53999.945312,99554524.707729,-45810536.400607,0.836122,-24.710500
54999.960938,98919805.358199,-46351563.397731,0.833468,-25.107457
55999.980469,98255111.072979,-46860060.521526,0.830541,-25.498271
56999.996094,97604254.047738,-47353726.690417,0.827699,-25.881592
57999.937500,96921920.047119,-47802651.359369,0.824528,-26.253651
58999.957031,96279101.166298,-48303182.063606,0.821837,-26.643686
59999.972656,95615219.588787,-48785361.722670,0.818979,-27.032650
60999.988281,94950409.609226,-49222416.721693,0.815993,-27.403091
61999.933594,94305557.578183,-49675271.728541,0.813233,-27.778752
62999.949219,93626043.582398,-50095241.187045,0.810156,-28.150137
63999.964844,92961916.063800,-50502128.313000,0.807169,-28.514132
64999.984375,92285279.945359,-50896520.549259,0.804086,-28.878153
66000.000000,91638809.476485,-51309557.435850,0.801305,-29.245797
66999.945312,90971452.618719,-51676450.765913,0.798245,-29.599670
67999.960938,90293187.050574,-52027389.369103,0.795083,-29.951646
68999.976562,89632958.487710,-52376331.580854,0.792062,-30.300446
69999.992188,88967338.617235,-52709698.910761,0.788975,-30.646001
70999.937500,88306533.383847,-53069140.865764,0.786051,-31.005311
71999.953125,87637363.521485,-53368757.680990,0.782866,-31.341196
72999.968750,86987543.748859,-53691189.180201,0.779925,-31.685001
73999.984375,86334494.444496,-54022690.756244,0.777028,-32.036685
74999.929688,85665176.436138,-54283833.535271,0.773768,-32.362345
75999.945312,85018870.552732,-54602130.698575,0.770917,-32.710979
76999.960938,84372003.532243,-54852614.830125,0.767809,-33.030003
77999.976562,83735335.034861,-55147723.393710,0.764977,-33.369709
79000.000000,83078308.775309,-55395980.557037,0.761845,-33.696046
79999.937500,82420182.858750,-55612112.251000,0.758593,-34.010079
80999.953125,81775157.913440,-55824141.178183,0.755430,-34.320569
81999.968750,81120208.433513,-56028054.976685,0.752191,-34.633059
82999.992188,80484658.287344,-56250504.719398,0.749177,-34.950624
83999.929688,79887913.233657,-56522741.034130,0.746648,-35.281423
84999.945312,79243299.069854,-56679328.204781,0.743333,-35.575562
85999.968750,78611411.130610,-56872510.890621,0.740280,-35.885435
86999.984375,77972655.431911,-57009369.042675,0.736953,-36.173310
88000.000000,77386696.059956,-57260925.878438,0.734488,-36.500016
88999.945312,76744524.812848,-57375739.343159,0.731080,-36.783609
89999.960938,76148530.318425,-57584436.984248,0.728402,-37.098105
90999.976562,75505776.790731,-57665606.104635,0.724873,-37.370959
91999.992188,74926202.685739,-57858451.554629,0.722262,-37.676641
92999.937500,74335332.689535,-58029753.039535,0.719502,-37.978439
93999.953125,73704643.048752,-58050499.144493,0.715813,-38.225442
94999.968750,73123451.607482,-58245229.601841,0.713260,-38.539609
95999.984375,72538131.111611,-58356039.854185,0.710302,-38.817397
96999.929688,71958442.830858,-58454145.926948,0.707333,-39.089213
97999.945312,71380875.242266,-58564755.676263,0.704453,-39.368479
98999.960938,70789573.948948,-58662720.562809,0.701448,-39.649424
99999.976562,70206738.829375,-58717693.700938,0.698299,-39.908740
100999.992188,69640045.974432,-58823515.800189,0.695508,-40.188278
101999.937500,69089725.233663,-58902998.838699,0.692699,-40.450710
102999.953125,68525894.655505,-59001603.076304,0.689922,-40.730040
103999.968750,67942876.696783,-58994399.829704,0.686521,-40.968798
104999.992188,67377542.241798,-59031363.293635,0.683456,-41.223731
105999.929688,66840194.626698,-59104056.106327,0.680745,-41.486241
106999.945312,66307502.053159,-59150216.771983,0.677940,-41.736081
107999.968750,65754121.147148,-59202707.579143,0.675063,-42.000002
108999.984375,65213164.847071,-59218701.966962,0.672084,-42.243173
110000.000000,64690024.563080,-59268814.131317,0.669392,-42.497078
110999.945312,64160091.439820,-59283872.974332,0.666495,-42.739169
111999.960938,63633249.635982,-59321295.090655,0.663743,-42.992757
112999.976562,63125311.030720,-59333586.531780,0.660978,-43.227778
113999.992188,62600966.664054,-59343548.142501,0.658121,-43.471144
114999.937500,62083178.869565,-59316759.659001,0.655118,-43.695879
115999.953125,61574510.321131,-59320246.011961,0.652336,-43.933054
116999.968750,61084871.620110,-59355262.669470,0.649837,-44.178550
117999.984375,60580081.001106,-59332565.787979,0.646959,-44.405253
118999.929688,60106016.004091,-59345897.843436,0.644451,-44.636726
119999.945312,59601661.181852,-59300723.746907,0.641476,-44.856310
120999.960938,59129573.125189,-59349860.357413,0.639193,-45.107860
121999.976562,58634722.826535,-59270560.611895,0.636104,-45.310317
122999.992188,58142745.289008,-59217820.289393,0.633182,-45.526183
123999.937500,57720883.953101,-59289128.339535,0.631321,-45.769219
124999.953125,57221503.233594,-59194551.152734,0.628150,-45.972326
125999.968750,56753233.197244,-59127645.023622,0.625304,-46.175194
126999.992188,56296316.568651,-59090582.914683,0.622690,-46.388600
127999.929688,55839050.254000,-59075410.532000,0.620205,-46.614582
128999.945312,55412912.155242,-59086457.223387,0.618038,-46.839002
129999.968750,54936901.183997,-58946325.405768,0.614776,-47.017735
130999.984375,54511623.979533,-58928624.841179,0.612469,-47.231181
132000.000000,54074893.539191,-58909512.877063,0.610104,-47.451600
132999.937500,53632317.438487,-58828990.265586,0.607372,-47.647078
133999.953125,53209480.104271,-58775856.504606,0.604902,-47.847030
134999.968750,52777816.871730,-58735464.323207,0.602468,-48.059563
136000.000000,52358686.076498,-58646452.841054,0.599828,-48.243416
136999.937500,51934655.138699,-58562283.259846,0.597198,-48.433928
137999.953125,51520022.806382,-58498631.423458,0.594739,-48.630908
138999.968750,51112102.057751,-58377982.310030,0.591994,-48.798082
139999.984375,50716047.986439,-58354872.287402,0.589875,-49.007636
140999.921875,50301465.029075,-58240384.395595,0.587143,-49.184704
141999.937500,49906719.091837,-58174051.657054,0.584795,-49.375617
142999.968750,49511344.782395,-58112595.047364,0.582478,-49.570800
143999.984375,49098139.245614,-57979671.856050,0.579664,-49.742992
145000.000000,48745786.560036,-57973892.630267,0.577897,-49.943576
145999.937500,48351029.943431,-57870269.852646,0.575356,-50.122477
146999.953125,47996048.975643,-57889664.483456,0.573738,-50.339517
147999.968750,47616222.313136,-57742357.528215,0.571025,-50.491390
148999.984375,47261270.649744,-57706097.275734,0.569092,-50.684032
149999.937500,46866503.167839,-57567250.698078,0.566366,-50.851863
150999.953125,46506044.831052,-57456135.207645,0.563974,-51.014164
151999.968750,46154143.461758,-57379786.314489,0.561835,-51.189618
152999.984375,45766813.908222,-57194365.919694,0.558882,-51.334791
154000.000000,45419979.284408,-57139673.552936,0.556906,-51.520544
154999.937500,45096885.406008,-57118475.546996,0.555249,-51.709290
155999.953125,44732421.273038,-56987755.574354,0.552745,-51.871462
156999.968750,44390962.142296,-56882807.210991,0.550509,-52.033296
158000.000000,44059583.392099,-56794407.895802,0.548424,-52.198186
158999.937500,43709613.505216,-56619734.447591,0.545736,-52.333924
159999.953125,43372341.311500,-56557295.951500,0.543789,-52.517875
160999.968750,43042632.051334,-56498036.368395,0.541902,-52.699846
161999.984375,42737018.225823,-56372414.114430,0.539728,-52.835088
162999.921875,42407829.892511,-56251176.947529,0.537476,-52.988878
163999.937500,42049790.464139,-56021091.473361,0.534431,-53.109438
164999.968750,41766608.582259,-56052067.193914,0.533326,-53.310322
165999.984375,41447627.509855,-55880201.572614,0.530822,-53.436400
167000.000000,41137532.300104,-55810649.778706,0.528988,-53.607985
167999.937500,40829735.042017,-55752493.513130,0.527240,-53.784807
168999.953125,40520553.574221,-55617800.975700,0.525019,-53.926243
169999.968750,40212447.584174,-55376474.475305,0.522147,-54.015760
170999.984375,39921129.127671,-55269176.983974,0.520181,-54.160878
171999.937500,39641074.708602,-55285716.427419,0.519035,-54.360248
172999.953125,39306630.970811,-55062359.335676,0.516164,-54.480211
173999.968750,39021140.072283,-54867995.594565,0.513692,-54.581851
174999.984375,38782516.913020,-54939209.309081,0.513083,-54.782701
176000.000000,38479692.562156,-54776092.441144,0.510735,-54.913937
176999.937500,38177556.118363,-54607891.158186,0.508362,-55.043395
177999.953125,37893482.164627,-54469073.548943,0.506253,-55.175754
178999.968750,37627482.689038,-54377320.700783,0.504521,-55.319554
180000.000000,37371919.882386,-54378404.951604,0.503421,-55.502583
180999.937500,37083940.879525,-54141373.907240,0.500687,-55.592585
181999.953125,36789084.465037,-53946479.256396,0.498190,-55.709405
182999.968750,36555289.732265,-53993686.049199,0.497485,-55.902510
183999.984375,36295899.336975,-53807969.363427,0.495203,-56.000213
184999.921875,36041457.592828,-53771584.340659,0.493889,-56.168912
185999.937500,35791144.668605,-53621401.147093,0.491875,-56.279393
186999.968750,35512692.300234,-53355210.739486,0.489007,-56.354325
187999.984375,35268369.897767,-53327141.494125,0.487798,-56.522662
189000.000000,35008761.870053,-53188379.760780,0.485823,-56.648630
189999.937500,34759704.643112,-53077484.344418,0.484073,-56.781444
190999.953125,34515861.936158,-52865075.025656,0.481698,-56.860964
191999.968750,34308876.913565,-52917145.807323,0.481170,-57.044289
192999.984375,34056624.919783,-52707460.471049,0.478781,-57.133392
193999.937500,33803489.853244,-52622827.921771,0.477193,-57.286091
194999.953125,33550865.296770,-52431083.142596,0.474921,-57.386347
195999.968750,33327141.193627,-52398268.496324,0.473792,-57.543902
196999.984375,33101269.586823,-52252460.503695,0.471929,-57.647961
198000.000000,32879472.504332,-52117143.866955,0.470152,-57.754846
198999.937500,32645896.949005,-51970735.047264,0.468257,-57.866343
199999.953125,32411330.156875,-51834401.103750,0.466425,-57.984541
200999.968750,32191266.234925,-51711425.347990,0.464741,-58.098728
201999.984375,31964482.956439,-51586248.347222,0.463017,-58.218043
202999.937500,31754942.937817,-51501735.835025,0.461627,-58.344565
203999.953125,31540683.494260,-51427824.734056,0.460291,-58.480936
204999.968750,31319078.628443,-51222047.295964,0.458069,-58.558549
205999.984375,31128857.124920,-51145781.254346,0.456816,-58.675782
206999.921875,30898366.243208,-50950623.984476,0.454631,-58.767542
207999.937500,30714867.639142,-50922299.455137,0.453721,-58.904565
208999.968750,30498010.989549,-50744115.383410,0.451703,-58.995211
209999.984375,30306930.943570,-50590936.770341,0.449951,-59.077667
211000.000000,30073366.709295,-50438327.007910,0.448037,-59.196643
211999.937500,29897954.628231,-50428897.275679,0.447292,-59.339174
212999.953125,29667365.245509,-50145678.966733,0.444536,-59.392193
213999.968750,29483535.965217,-50137477.369900,0.443769,-59.543936
214999.984375,29276320.996640,-50025565.113575,0.442233,-59.664428
215999.937500,29082955.369096,-49772953.741565,0.439824,-59.703486
216999.953125,28927562.224559,-49819215.578697,0.439533,-59.860143
217999.968750,28735658.376022,-49600138.059946,0.437352,-59.916066
218999.984375,28561126.320329,-49528164.252567,0.436210,-60.031255
220000.000000,28346019.291409,-49305515.269416,0.433919,-60.106934
220999.937500,28172883.408840,-49232744.312155,0.432780,-60.221914
221999.953125,27984836.463567,-49170175.403886,0.431655,-60.355737
222999.968750,27781929.935192,-48981422.409756,0.429638,-60.440170
223999.984375,27633752.503501,-48949944.409664,0.428872,-60.555719
224999.937500,27429789.159522,-48631434.415320,0.425991,-60.577304
225999.953125,27268036.752825,-48635600.532486,0.425414,-60.724184
226999.968750,27118943.189496,-48642076.869411,0.424902,-60.861243
227999.984375,26915256.986467,-48326228.383903,0.422040,-60.886208
228999.921875,26762850.291339,-48344526.830351,0.421598,-61.033503
229999.937500,26566417.859195,-48045398.587644,0.418875,-61.061662
230999.968750,26410046.180505,-48064619.220217,0.418428,-61.214349
231999.984375,26252816.802030,-47949606.989848,0.417081,-61.300729
233000.000000,26062189.015284,-47676445.102620,0.414555,-61.338716
233999.937500,25940357.051207,-47763137.531822,0.414691,-61.495246
234999.953125,25768014.827333,-47675521.042616,0.413477,-61.611157
235999.968750,25591714.454277,-47417648.190265,0.411107,-61.645698
236999.984375,25453369.354074,-47367335.868148,0.410268,-61.749961
237999.937500,25304067.052827,-47285938.610863,0.409183,-61.849306
238999.953125,25129085.855863,-47063661.942494,0.407058,-61.902365
239999.968750,24987763.914479,-47021119.312828,0.406264,-62.014948
240999.984375,24810883.930723,-46814397.852410,0.404238,-62.078955
242000.000000,24678714.118759,-46787222.186838,0.403584,-62.191668
242999.937500,24532617.663629,-46603166.341686,0.401822,-62.238832
243999.953125,24380694.671494,-46437741.721037,0.400165,-62.301513
244999.968750,24226672.795559,-46416442.437979,0.399476,-62.439912
245999.984375,24086638.000769,-46238825.810915,0.397781,-62.486023
246999.937500,23907280.488426,-46071862.513889,0.396019,-62.576468
247999.953125,23789623.085271,-46092314.444961,0.395745,-62.702236
248999.968750,23631699.939300,-45949684.154864,0.394226,-62.785312
249999.984375,23493649.568750,-45771173.314844,0.392533,-62.831111
250999.921875,23341843.598431,-45645842.193725,0.391154,-62.918086
251999.937500,23198617.050394,-45514783.989764,0.389767,-62.994187
252999.968750,23105253.234968,-45574813.745253,0.389852,-63.118031
253999.984375,22943433.361905,-45300101.356349,0.387424,-63.140723
255000.000000,22815285.023904,-45212130.833466,0.386384,-63.225097
255999.937500,22690292.518400,-45130734.116800,0.385401,-63.310077
256999.953125,22560453.784739,-45036869.952610,0.384316,-63.394069
257999.968750,22438853.856452,-44973879.081452,0.383471,-63.485850
258999.984375,22329782.276923,-44892491.846964,0.382545,-63.555860
259999.937500,22158256.426483,-44650593.974005,0.380309,-63.608559
260999.953125,22010553.064437,-44582294.158238,0.379343,-63.726042
261999.968750,21918285.054054,-44500822.952498,0.378474,-63.779946
262999.968750,21807908.325658,-44437461.002467,0.377668,-63.862155
264000.000000,21649157.740099,-44218293.541254,0.375634,-63.915639
264999.937500,21521010.503311,-44016850.870861,0.373823,-63.946645
265999.968750,21385309.856193,-44009712.108063,0.373321,-64.085730
266999.968750,21274560.055046,-43775510.195997,0.371344,-64.082496
268000.000000,21152033.184255,-43793465.061977,0.371060,-64.221575
268999.937500,21065233.594617,-43801970.706476,0.370831,-64.318076
269999.937500,20926292.073418,-43614799.855696,0.369085,-64.370302
270999.968750,20825331.895004,-43454418.758679,0.367648,-64.396041
272000.000000,20694230.764656,-43291731.203059,0.366097,-64.453257
272999.937500,20608231.103242,-43284115.843857,0.365762,-64.542068
273999.937500,20450309.798801,-43145471.943493,0.364289,-64.641653
274999.968750,20351709.118557,-42955332.134021,0.362656,-64.650887
275999.968750,20274688.899051,-43020412.421053,0.362854,-64.768314
277000.000000,20149338.502165,-42843561.974892,0.361226,-64.814298
277999.937500,20011739.421007,-42527622.169271,0.358598,-64.802176
278999.968750,19919053.172624,-42632930.639058,0.359025,-64.958889
279999.968750,19815371.725284,-42491879.709536,0.357716,-65.000718
281000.000000,19728260.028120,-42553829.641476,0.357864,-65.129144
281999.937500,19617398.841410,-42222492.906608,0.355215,-65.081414
282999.937500,19463468.806366,-42150232.667551,0.354221,-65.216121
283999.968750,19392724.468500,-42037667.741792,0.353215,-65.237207
284999.968750,19300279.570410,-42160458.970588,0.353772,-65.404497
286000.000000,19175168.966935,-41876905.806077,0.351407,-65.399186
286999.937500,19087712.246637,-41794849.592825,0.350560,-65.455745
287999.968750,18970956.310531,-41703543.417642,0.349557,-65.541128
288999.968750,18873858.381210,-41648684.088528,0.348870,-65.623414
290000.000000,18745216.288949,-41410940.659420,0.346812,-65.647415
290999.937500,18654180.346364,-41311417.742727,0.345834,-65.700371
291999.937500,18567794.448905,-41267294.242701,0.345257,-65.777067
292999.968750,18484146.603480,-41262629.827839,0.344963,-65.871311
294000.000000,18393292.561581,-41202339.188419,0.344260,-65.945301
294999.937500,18254738.531797,-40958801.490323,0.342132,-65.980112
295999.937500,18196120.299722,-40947604.247919,0.341872,-66.042748
296999.968750,18112913.598886,-40907100.881151,0.341333,-66.119066
297999.968750,18023198.311277,-40851275.560112,0.340666,-66.195332
299000.000000,17857906.690943,-40440048.422969,0.337287,-66.176195
299999.937500,17795015.259606,-40380379.760075,0.336677,-66.219600
300999.968750,17702100.400753,-40403805.253057,0.336555,-66.342311
301999.968750,17607052.991501,-40410348.386213,0.336310,-66.458888
303000.000000,17515662.424242,-40192815.675189,0.334510,-66.454827
303999.937500,17417059.755935,-40023630.772080,0.333026,-66.484759
304999.937500,17347721.615825,-40056866.118208,0.333048,-66.585620
305999.968750,17272161.650096,-39841756.628107,0.331313,-66.564311
306999.968750,17225130.955854,-39930868.721689,0.331795,-66.667864
308000.000000,17130750.305101,-39719129.154957,0.330026,-66.671564
308999.937500,17027790.913127,-39568180.646718,0.328658,-66.717800
309999.968750,16931333.742248,-39587828.972868,0.328505,-66.846042
310999.968750,16854789.191448,-39473736.683188,0.327475,-66.880100
312000.000000,16782048.377561,-39525031.612683,0.327618,-66.996243
312999.937500,16692838.311828,-39085227.075269,0.324264,-66.875217
313999.937500,16611009.694799,-39175120.822375,0.324651,-67.024092
314999.968750,16525827.135827,-39047517.077756,0.323501,-67.062754
316000.000000,16409820.867589,-39121711.887352,0.323679,-67.246098
316999.937500,16335364.867195,-38975171.623389,0.322428,-67.262338
317999.937500,16266384.700099,-38632285.807349,0.319812,-67.168126
318999.968750,16155966.352941,-38724507.352941,0.320136,-67.355961
319999.968750,16107630.784000,-38615244.408000,0.319224,-67.359437
321000.000000,16032858.586760,-38514708.097292,0.318297,-67.401058
321999.937500,15983467.376636,-38632123.534743,0.318980,-67.525392
322999.968750,15863454.957619,-38315166.587286,0.316395,-67.511190
323999.968750,15799640.412955,-38194833.602227,0.315361,-67.529113
325000.000000,15723654.588832,-38101847.546193,0.314484,-67.577310
325999.937500,15652055.795107,-38222618.623853,0.315128,-67.733035
326999.937500,15584409.842536,-38139731.671779,0.314347,-67.776410
327999.968750,15470126.779713,-37829140.756148,0.311824,-67.760021
328999.968750,15433979.470709,-37742762.963001,0.311110,-67.761092
330000.000000,15342909.670103,-37633896.173196,0.310078,-67.821839
330999.937500,15253504.340228,-37586320.246122,0.309485,-67.913412
331999.968750,15221205.420124,-37514565.160788,0.308885,-67.917581
332999.968750,15141844.392300,-37469792.291363,0.308341,-67.997976
334000.000000,15053033.038622,-37414776.712944,0.307698,-68.085677
334999.937500,14963302.292147,-37343459.532984,0.306938,-68.166328
335999.937500,14923834.368697,-37305746.641807,0.306559,-68.198569
336999.968750,14878495.099052,-37251483.091675,0.306046,-68.229909
338000.000000,14809480.315011,-37223541.869979,0.305653,-68.306753
338999.937500,14737039.988347,-36933157.966102,0.303391,-68.249063
339999.937500,14639977.936306,-36667391.791932,0.301233,-68.236954
340999.968750,14570008.587859,-36630450.260916,0.300773,-68.311492
341999.968750,14528452.709402,-36612414.228632,0.300528,-68.357964
343000.000000,14447705.056806,-36606214.091104,0.300258,-68.463909
343999.937500,14384769.198925,-36594537.455914,0.299999,-68.542969
344999.968750,14320760.716595,-36345352.334052,0.298051,-68.496636
345999.968750,14255850.954595,-36356865.806486,0.297951,-68.591435
347000.000000,14181120.836226,-36367801.656182,0.297822,-68.699418
347999.937500,14121816.971739,-36075199.191304,0.295577,-68.623917
348999.937500,14036742.665213,-36139583.925845,0.295799,-68.775682
349999.968750,14018959.680525,-36134291.078775,0.295713,-68.797354
350999.968750,13951997.439693,-35915403.898026,0.293971,-68.772456
352000.000000,13873913.937294,-35863376.001100,0.293385,-68.852836
352999.937500,13807800.287762,-35719531.133407,0.292180,-68.867442
353999.968750,13749853.987832,-35726174.375000,0.292068,-68.951925
354999.968750,13704098.690344,-35768774.615982,0.292246,-69.038690
356000.000000,13640749.993326,-35536505.463849,0.290419,-69.002648
356999.937500,13535222.102679,-35573546.834821,0.290395,-69.170941
357999.937500,13477666.234899,-35386856.932886,0.288908,-69.151882
358999.968750,13415781.569507,-35155492.672646,0.287090,-69.114550
360000.000000,13400899.643420,-35239649.949381,0.287650,-69.181281
360999.937500,13332854.750564,-35286466.288939,0.287800,-69.303166
361999.937500,13288426.185520,-35104580.565611,0.286382,-69.268472
362999.968750,13209457.644722,-35135656.169126,0.286391,-69.397999
363999.968750,13128091.815909,-34711135.181818,0.283141,-69.284934
365000.000000,13109798.214367,-34777900.152794,0.283569,-69.347723
365999.937500,13048209.621281,-34863272.455378,0.284013,-69.482779
366999.968750,13001563.979358,-34675236.885321,0.282545,-69.448393
367999.968750,12966804.642117,-34767971.632911,0.283115,-69.548921
369000.000000,12885300.696655,-34615465.040369,0.281807,-69.584715
369999.937500,12844889.686343,-34728999.652778,0.282512,-69.704606
370999.937500,12720970.548088,-34296312.144844,0.279088,-69.651549
371999.968750,12758557.556977,-34406432.210465,0.279975,-69.656319
372999.968750,12667254.482517,-34219567.026807,0.278397,-69.688724
374000.000000,12599995.552570,-34084256.630841,0.277250,-69.714114
374999.937500,12564327.862837,-34192324.730363,0.277930,-69.825674
375999.968750,12541038.155112,-34081060.779083,0.277072,-69.799616
376999.968750,12464372.889151,-34199302.412736,0.277718,-69.977148
378000.000000,12423709.225502,-33764598.681228,0.274497,-69.800929
378999.937500,12355718.011834,-33667533.953846,0.273623,-69.849324
379999.937500,12294204.007126,-33786864.847981,0.274317,-70.006870
380999.968750,12250350.410714,-33669036.290476,0.273357,-70.008341
382000.000000,12230578.847255,-33533228.689737,0.272332,-69.963627
382999.937500,12165095.100599,-33684090.574850,0.273244,-70.144754
383999.937500,12109531.575030,-33548924.939976,0.272130,-70.154950
384999.968750,12061997.358173,-33149204.518029,0.269139,-70.007142
385999.968750,12006191.165259,-33308833.537998,0.270139,-70.180338
387000.000000,11929349.458283,-33222817.558646,0.269323,-70.250332
387999.937500,11901170.443636,-33092169.146667,0.268312,-70.221606
388999.968750,11851299.133657,-32995023.458080,0.267486,-70.244573
389999.968750,11828334.781707,-33191413.397561,0.268838,-70.387670
391000.000000,11754979.622249,-33073206.206601,0.267801,-70.435692
391999.937500,11724723.469363,-32992666.482843,0.267144,-70.438206
392999.937500,11677408.312883,-32611390.906748,0.264283,-70.300765
393999.968750,11651767.137931,-32826601.112069,0.265764,-70.459814
394999.968750,11599786.070370,-32759692.716049,0.265150,-70.503679
396000.000000,11533538.834158,-32639167.408416,0.264115,-70.540456
396999.937500,11511083.700993,-32561779.058313,0.263501,-70.532805
397999.968750,11450237.768657,-32489269.013682,0.262825,-70.588025
398999.968750,11400089.246883,-32394716.346633,0.262017,-70.614501
400000.000000,11338970.350000,-32311067.525000,0.261261,-70.664507
400999.937500,11317823.733083,-32268780.461153,0.260903,-70.674478
401999.937500,11246813.854271,-32212990.760050,0.260322,-70.755996
402999.968750,11191780.108312,-32159525.963476,0.259799,-70.813771
403999.968750,11177021.784091,-32118478.945707,0.259466,-70.814524
404999.937500,11145682.701266,-32100545.156962,0.259258,-70.854494
405999.937500,11093386.161168,-32005012.427665,0.258439,-70.885057
406999.968750,11056387.633588,-31973455.502545,0.258119,-70.926760
407999.968750,11017645.647959,-31922353.926020,0.257654,-70.960548
409000.000000,10970926.620690,-31551735.835249,0.254865,-70.828897
409999.937500,10920298.975672,-31509488.391805,0.254434,-70.887219
410999.968750,10879846.715019,-31499015.973042,0.254258,-70.947039
411999.968750,10832125.175032,-31469475.671815,0.253926,-71.008091
413000.000000,10783697.815484,-31436874.587097,0.253571,-71.068742
413999.937500,10756379.094437,-31422720.815006,0.253401,-71.105399
414999.937500,10708486.898833,-31388277.027237,0.253034,-71.164409
415999.968750,10673110.053316,-31358817.873862,0.252734,-71.205870
416999.968750,10629303.914062,-31020943.358073,0.250187,-71.088110
418000.000000,10591428.665796,-31023653.398172,0.250113,-71.152271
418999.937500,10556024.808901,-31026995.447644,0.250050,-71.212735
419999.968750,10510098.015748,-31016515.707349,0.249861,-71.282901
420999.968750,10490675.328947,-31009260.810526,0.249761,-71.311023
422000.000000,10458492.266491,-31023363.531662,0.249785,-71.372287
422999.937500,10415505.109788,-31025631.589947,0.249697,-71.444872
423999.937500,10379239.977454,-31016629.172414,0.249544,-71.500080
424999.968750,10331413.824701,-30710891.737052,0.247216,-71.408714
425999.968750,10272947.388298,-30394226.420213,0.244784,-71.327360
426999.937500,10244560.088000,-30439797.020000,0.245044,-71.401368
427999.937500,10223065.915775,-30465371.882353,0.245177,-71.452236
428999.968750,10196513.806971,-30479155.930295,0.245212,-71.504931
429999.968750,10159535.495968,-30500354.204301,0.245277,-71.579419
431000.000000,10107239.485175,-30496601.933962,0.245124,-71.665790
431999.937500,10060945.973009,-30219736.252362,0.243008,-71.588153
432999.968750,10004627.531800,-30258460.829499,0.243153,-71.706214
433999.968750,9991726.251018,-30314635.899593,0.243529,-71.759859
435000.000000,9938690.991848,-30007355.759511,0.241176,-71.676805
435999.937500,9924875.501362,-30067907.813351,0.241581,-71.734988
436999.937500,9883173.476126,-29781968.871760,0.239410,-71.643641
437999.968750,9855661.870041,-29804995.465116,0.239511,-71.704537
438999.968750,9813996.866941,-29877563.229081,0.239937,-71.818121
440000.000000,9782909.068776,-29943356.049519,0.240341,-71.909189
440999.937500,9771680.161379,-29963037.608276,0.240457,-71.939706
441999.968750,9716404.212707,-29705087.139503,0.238455,-71.889426
442999.968750,9682742.002770,-29761746.686981,0.238786,-71.980247
444000.000000,9656823.445833,-29845395.295833,0.239332,-72.072537
444999.937500,9592401.826389,-29262675.229167,0.234953,-71.852804
445999.937500,9555209.676880,-29320222.735376,0.235282,-71.951776
446999.968750,9525479.858939,-29398876.724860,0.235782,-72.049371
447999.968750,9499962.270308,-29441340.194678,0.236031,-72.118573
448999.937500,9474297.786816,-29178860.629734,0.234065,-72.013649
449999.937500,9469737.291139,-29294497.662447,0.234894,-72.088185
450999.968750,9448494.270804,-29402466.320169,0.235628,-72.187300
451999.968750,9349779.637006,-29179940.742938,0.233781,-72.235734
453000.000000,9373489.929178,-29234140.951841,0.234230,-72.224459
453999.937500,9324304.772727,-29300926.196023,0.234602,-72.349732
454999.968750,9286824.535511,-28710685.197443,0.230226,-72.077686
455999.968750,9224424.327635,-28817459.109687,0.230856,-72.252342
457000.000000,9242352.441429,-28962835.375714,0.231954,-72.303690
457999.937500,9198025.779685,-28721145.816881,0.230095,-72.244324
458999.937500,9177189.218077,-28833425.223816,0.230862,-72.346745
459999.968750,9131016.932471,-28586271.794540,0.228959,-72.287628
460999.968750,9089576.541787,-28701543.906340,0.229701,-72.429509
462000.000000,9057021.008671,-28811714.433526,0.230428,-72.551493
462999.937500,9038390.225760,-28598417.536903,0.228833,-72.463251
463999.968750,8995715.140784,-28733019.210450,0.229715,-72.617881
464999.968750,8976904.639535,-28496624.296512,0.227951,-72.516855
466000.000000,8939951.120815,-28262628.556041,0.226164,-72.449086
466999.937500,8912457.029155,-28048029.927114,0.224540,-72.374117
467999.937500,8875624.438596,-28186559.846491,0.225463,-72.523522
468999.968750,8868748.313783,-28317134.184751,0.226398,-72.611914
469999.968750,8825187.712188,-28110089.756241,0.224791,-72.572413
470999.937500,8825965.475700,-28268536.413844,0.225946,-72.662803
471999.937500,8770519.362832,-28040349.359882,0.224158,-72.633394
472999.968750,8743693.554734,-28181242.017751,0.225124,-72.764784
473999.968750,8700266.176296,-27968630.266667,0.223476,-72.722674
475000.000000,8721282.206538,-28157272.796434,0.224898,-72.792584
475999.937500,8664181.425595,-27974430.711310,0.223437,-72.793459
476999.968750,8642672.532042,-27748329.886736,0.221741,-72.702087
477999.968750,8579650.082090,-27538238.782090,0.220067,-72.697509
479000.000000,8557050.594311,-27724281.782934,0.221372,-72.849399
479999.937500,8539953.487256,-27528149.868066,0.219904,-72.766886
480999.937500,8531124.491729,-27716238.153383,0.221255,-72.893659
481999.968750,8514612.823795,-27508448.521084,0.219703,-72.803429
482999.968750,8455463.684290,-27698950.702417,0.220960,-73.026665
484000.000000,8409028.246596,-27496512.652042,0.219379,-72.997388
484999.937500,8409564.375758,-27350778.736364,0.218317,-72.911019
485999.968750,8377994.386018,-27480996.668693,0.219197,-73.047525
486999.968750,8346611.165906,-27327033.823440,0.218004,-73.017689
488000.000000,8324418.021341,-27165546.036585,0.216776,-72.965362
488999.937500,8298104.439695,-26984167.523664,0.215394,-72.908570
489999.937500,8282631.581930,-27161674.346095,0.216654,-73.043689
490999.968750,8234925.743865,-26987395.677914,0.215276,-73.033125
491999.968750,8240620.185868,-26849383.509985,0.214282,-72.939840
492999.937500,8218574.266564,-27052060.429892,0.215712,-73.103068
493999.937500,8179420.888889,-26843374.362654,0.214102,-73.055698
494999.968750,8143171.168731,-27049513.281734,0.215527,-73.247904
495999.968750,8119476.572093,-26910207.252713,0.214457,-73.212295
497000.000000,8108780.043478,-26766446.627329,0.213384,-73.148198
497999.937500,8070056.238318,-26965684.992212,0.214754,-73.341229
498999.968750,8048336.620905,-26794911.332293,0.213458,-73.283570
499999.968750,8029429.514062,-26660604.084375,0.212435,-73.241326
