frecuencia,X,Y,R,T
1000,0.397260457277298,-0.003607028629630804,0.3972768485546112,-0.5202178955078125
2000,0.39720258116722107,-0.00734923779964447,0.3972705900669098,-1.059994101524353
3000,0.39706525206565857,-0.011094202287495136,0.3972202241420746,-1.6004550457000732
4000,0.39687415957450867,-0.014853150583803654,0.39715197682380676,-2.143313407897949
5000,0.3966120779514313,-0.018619973212480545,0.3970489203929901,-2.6879234313964844
6000,0.3962446451187134,-0.022384541109204292,0.39687642455101013,-3.2332987785339355
7000,0.3958173096179962,-0.026149287819862366,0.39668014645576477,-3.7796969413757324
8000,0.39530906081199646,-0.029902219772338867,0.3964383900165558,-4.325766563415527
9000,0.3947148323059082,-0.03364236652851105,0.39614593982696533,-4.8716630935668945
10000,0.39412838220596313,-0.03737305849790573,0.3958963453769684,-5.4168500900268555
11000,0.393316388130188,-0.04106971248984337,0.3954547941684723,-5.9611663818359375
12000,0.3925199806690216,-0.044751908630132675,0.3950628638267517,-6.504308700561523
13000,0.3916575014591217,-0.048413731157779694,0.39463844895362854,-7.046722888946533
14000,0.3907041847705841,-0.05204751342535019,0.39415568113327026,-7.587960720062256
15000,0.3896377980709076,-0.055645763874053955,0.3935912251472473,-8.127683639526367
16000,0.3885370194911957,-0.0592118501663208,0.39302295446395874,-8.665030479431152
17000,0.3873986303806305,-0.0627535805106163,0.3924483358860016,-9.201252937316895
18000,0.38621827960014343,-0.06627435982227325,0.39186328649520874,-9.737018585205078
19000,0.38489866256713867,-0.0697406679391861,0.3911658823490143,-10.27012825012207
20000,0.38364022970199585,-0.0731930360198021,0.3905599117279053,-10.801403999328613
21000,0.382242888212204,-0.07658661156892776,0.38983985781669617,-11.329825401306152
22000,0.380813866853714,-0.07994742691516876,0.3891153633594513,-11.85639476776123
23000,0.3792667090892792,-0.08325541019439697,0.3882971704006195,-12.38100814819336
24000,0.37771591544151306,-0.08652352541685104,0.38749921321868896,-12.902165412902832
25000,0.3761112689971924,-0.08974610269069672,0.3866705000400543,-13.420720100402832
26000,0.3744535446166992,-0.09292487800121307,0.3858115077018738,-13.93704605102539
27000,0.3727678656578064,-0.09607049822807312,0.38494861125946045,-14.45189380645752
28000,0.37097102403640747,-0.09915394335985184,0.3839935064315796,-14.964336395263672
29000,0.36916911602020264,-0.10219591110944748,0.3830533027648926,-15.473516464233398
30000,0.36725959181785583,-0.1051725372672081,0.38202208280563354,-15.980182647705078
31000,0.3653911352157593,-0.10812192410230637,0.38105255365371704,-16.48387336730957
32000,0.36346888542175293,-0.11101862788200378,0.38004571199417114,-16.984865188598633
33000,0.36150285601615906,-0.11385377496480942,0.37900790572166443,-17.481595993041992
34000,0.3594622313976288,-0.11661796271800995,0.37790584564208984,-17.97427749633789
35000,0.35747605562210083,-0.11937103420495987,0.37688007950782776,-18.465572357177734
36000,0.35536110401153564,-0.12204191833734512,0.3757336139678955,-18.95404624938965
37000,0.3532305955886841,-0.12466320395469666,0.3745834529399872,-19.43910789489746
38000,0.3511386513710022,-0.12725184857845306,0.3734854459762573,-19.92039680480957
39000,0.34896957874298096,-0.12976835668087006,0.37231650948524475,-20.398229598999023
40000,0.3467693030834198,-0.13223148882389069,0.3711254596710205,-20.87305450439453
41000,0.3445633351802826,-0.13465221226215363,0.36993932723999023,-21.345104217529297
42000,0.34232744574546814,-0.13701662421226501,0.36872977018356323,-21.813762664794922
43000,0.34006965160369873,-0.1393323391675949,0.3675062656402588,-22.279747009277344
44000,0.3377988934516907,-0.14159861207008362,0.36627620458602905,-22.74246597290039
45000,0.33557838201522827,-0.14384087920188904,0.36510688066482544,-23.20170021057129
46000,0.333242267370224,-0.14598879218101501,0.3638174533843994,-23.657554626464844
47000,0.33087852597236633,-0.14807990193367004,0.362502783536911,-24.110210418701172
48000,0.3285965919494629,-0.15016436576843262,0.3612825274467468,-24.559783935546875
49000,0.32615435123443604,-0.15213119983673096,0.3598896265029907,-25.006195068359375
50000,0.32380160689353943,-0.1540949046611786,0.3585982620716095,-25.449445724487305
51000,0.32140934467315674,-0.15599578619003296,0.35726550221443176,-25.889583587646484
52000,0.3190268278121948,-0.157852441072464,0.35594314336776733,-26.325910568237305
53000,0.3166620135307312,-0.15967336297035217,0.35464122891426086,-26.75902557373047
54000,0.31422749161720276,-0.16140782833099365,0.35325828194618225,-27.18800163269043
55000,0.3118208944797516,-0.16311009228229523,0.35190504789352417,-27.613569259643555
56000,0.3093903660774231,-0.16475319862365723,0.3505224585533142,-28.035707473754883
57000,0.3069920539855957,-0.16636532545089722,0.3491726517677307,-28.45417594909668
58000,0.3045505881309509,-0.16791285574436188,0.34777259826660156,-28.869983673095703
59000,0.30213063955307007,-0.16942328214645386,0.3463916480541229,-29.28203582763672
60000,0.2997547388076782,-0.17091532051563263,0.3450579047203064,-29.69108772277832
61000,0.2973062992095947,-0.1723202019929886,0.3436354100704193,-30.09679412841797
62000,0.2948737144470215,-0.1736849695444107,0.34222355484962463,-30.49871253967285
63000,0.29246124625205994,-0.1750185638666153,0.3408299684524536,-30.897708892822266
64000,0.29004862904548645,-0.17630237340927124,0.33942705392837524,-31.29279327392578
65000,0.2876235246658325,-0.17753306031227112,0.33800190687179565,-31.684585571289062
66000,0.28525933623313904,-0.17875534296035767,0.3366398215293884,-32.07296371459961
67000,0.2828259766101837,-0.17989099025726318,0.33518844842910767,-32.45832824707031
68000,0.2804602086544037,-0.181020587682724,0.3338058888912201,-32.839866638183594
69000,0.27806898951530457,-0.18209360539913177,0.33238595724105835,-33.21880340576172
70000,0.2756788730621338,-0.18311917781829834,0.3309553861618042,-33.59402084350586
71000,0.27335795760154724,-0.18415005505084991,0.3295994699001312,-33.96653366088867
72000,0.2709881365299225,-0.18510539829730988,0.3281746208667755,-34.336029052734375
73000,0.2686458230018616,-0.18603743612766266,0.32677286863327026,-34.70262908935547
74000,0.2662864923477173,-0.18691164255142212,0.3253374397754669,-35.06576156616211
75000,0.2639378011226654,-0.1877480000257492,0.3239019513130188,-35.42554473876953
76000,0.2616024315357208,-0.18855129182338715,0.3224708139896393,-35.78236770629883
77000,0.2592675983905792,-0.18931062519550323,0.3210267722606659,-36.13596725463867
78000,0.2569822371006012,-0.19006425142288208,0.3196314871311188,-36.486656188964844
79000,0.25469785928726196,-0.19077642261981964,0.3182241916656494,-36.834320068359375
80000,0.2524182200431824,-0.19144780933856964,0.3168078362941742,-37.17866897583008
81000,0.2501688301563263,-0.19210323691368103,0.3154173493385315,-37.520450592041016
82000,0.24789898097515106,-0.1926962286233902,0.31398364901542664,-37.85854721069336
83000,0.24565264582633972,-0.19326578080654144,0.31256502866744995,-38.193687438964844
84000,0.2434593290090561,-0.19383418560028076,0.3111979067325592,-38.525630950927734
85000,0.24121089279651642,-0.194314107298851,0.30974289774894714,-38.85414123535156
86000,0.23906174302101135,-0.19483475387096405,0.30840086936950684,-39.17995071411133
87000,0.23686116933822632,-0.19527535140514374,0.3069782853126526,-39.503177642822266
88000,0.23465612530708313,-0.19567708671092987,0.30553728342056274,-39.8243408203125
89000,0.23252001404762268,-0.19610941410064697,0.3041783273220062,-40.14457321166992
90000,0.2303740680217743,-0.1964881420135498,0.3027867078781128,-40.461158752441406
91000,0.22823554277420044,-0.19682754576206207,0.3013843894004822,-40.77408218383789
92000,0.226145401597023,-0.19716204702854156,0.3000243306159973,-41.083133697509766
93000,0.22403520345687866,-0.19743408262729645,0.29861679673194885,-41.388553619384766
94000,0.2219897359609604,-0.1977238953113556,0.29727795720100403,-41.69111251831055
95000,0.21993914246559143,-0.19797687232494354,0.2959190309047699,-41.991764068603516
96000,0.2178918570280075,-0.19819866120815277,0.29454976320266724,-42.290260314941406
97000,0.21590878069400787,-0.19843211770057678,0.29324376583099365,-42.58472442626953
98000,0.2138931304216385,-0.1985986977815628,0.2918761968612671,-42.876548767089844
99000,0.21194477379322052,-0.19878901541233063,0.2905815839767456,-43.16545104980469
100000,0.2099428027868271,-0.1988970935344696,0.28919896483421326,-43.45240020751953
101000,0.2080216109752655,-0.19903987646102905,0.2879059910774231,-43.735984802246094
102000,0.2060532420873642,-0.19910494983196259,0.2865322232246399,-44.017494201660156
103000,0.20417295396327972,-0.19921623170375824,0.28526076674461365,-44.29600143432617
104000,0.20226652920246124,-0.19926990568637848,0.2839370369911194,-44.57241439819336
105000,0.20038360357284546,-0.19931162893772125,0.28262823820114136,-44.84633255004883
106000,0.19851955771446228,-0.1993384212255478,0.2813286781311035,-45.117919921875
107000,0.19667257368564606,-0.1993490606546402,0.28003597259521484,-45.3872184753418
108000,0.19486577808856964,-0.19936786592006683,0.2787834703922272,-45.65427780151367
109000,0.19305148720741272,-0.19934235513210297,0.2775000035762787,-45.91848373413086
110000,0.19122740626335144,-0.19927966594696045,0.2761889100074768,-46.181270599365234
111000,0.18947331607341766,-0.1992524117231369,0.274957537651062,-46.44107437133789
112000,0.1876879781484604,-0.19915685057640076,0.2736607789993286,-46.698158264160156
113000,0.18597742915153503,-0.19910742342472076,0.2724543511867523,-46.95281982421875
114000,0.18424475193023682,-0.19899962842464447,0.2711954712867737,-47.20479202270508
115000,0.1825292706489563,-0.19888314604759216,0.2699471116065979,-47.455169677734375
116000,0.18082892894744873,-0.19874678552150726,0.26869940757751465,-47.70263671875
117000,0.17914623022079468,-0.19860883057117462,0.2674674391746521,-47.94936752319336
118000,0.17750464379787445,-0.19848336279392242,0.2662771940231323,-48.19357681274414
119000,0.1758606880903244,-0.19832269847393036,0.26506391167640686,-48.43531036376953
120000,0.17423230409622192,-0.19814591109752655,0.2638535499572754,-48.674407958984375
121000,0.1726004034280777,-0.197938472032547,0.2626224160194397,-48.911888122558594
122000,0.17099788784980774,-0.19773630797863007,0.26141905784606934,-49.14748764038086
123000,0.16945450007915497,-0.19758200645446777,0.26029497385025024,-49.382240295410156
124000,0.1678798496723175,-0.19735518097877502,0.2590998113155365,-49.6139030456543
125000,0.1663251668214798,-0.19712325930595398,0.2579178810119629,-49.84358596801758
126000,0.1647765338420868,-0.19687198102474213,0.25672921538352966,-50.07157516479492
127000,0.16327668726444244,-0.19663995504379272,0.2555905878543854,-50.2960205078125
128000,0.1617853343486786,-0.19639159739017487,0.25444871187210083,-50.51866149902344
129000,0.16027763485908508,-0.19609887897968292,0.2532660663127899,-50.73981475830078
130000,0.1588134765625,-0.19582894444465637,0.2521322965621948,-50.958614349365234
131000,0.15736502408981323,-0.19555310904979706,0.2510075271129608,-51.17574691772461
132000,0.15590643882751465,-0.19523660838603973,0.24984824657440186,-51.39083480834961
133000,0.1545032411813736,-0.1949620097875595,0.24875979125499725,-51.603919982910156
134000,0.1530894935131073,-0.19465366005897522,0.24764175713062286,-51.81596374511719
135000,0.1516926884651184,-0.19433434307575226,0.24652892351150513,-52.0252571105957
136000,0.15030941367149353,-0.19400887191295624,0.24542281031608582,-52.233070373535156
137000,0.1489603966474533,-0.19369745254516602,0.24435199797153473,-52.43840408325195
138000,0.14764101803302765,-0.19339796900749207,0.2433118224143982,-52.641700744628906
139000,0.1463058739900589,-0.19305236637592316,0.2422284632921219,-52.84311294555664
140000,0.14498640596866608,-0.19270841777324677,0.24115882813930511,-53.04359436035156
141000,0.1436796486377716,-0.19235797226428986,0.2400946170091629,-53.242515563964844
142000,0.14240556955337524,-0.1920100748538971,0.2390548437833786,-53.43727111816406
143000,0.141153484582901,-0.19167980551719666,0.23804505169391632,-53.63197708129883
144000,0.1398666352033615,-0.19127902388572693,0.23696063458919525,-53.8250617980957
145000,0.13863134384155273,-0.19092176854610443,0.23594442009925842,-54.015995025634766
146000,0.13740599155426025,-0.19056087732315063,0.23493371903896332,-54.20609664916992
147000,0.1361752152442932,-0.19016937911510468,0.2338975965976715,-54.394554138183594
148000,0.13496434688568115,-0.1897822767496109,0.23287911713123322,-54.581329345703125
149000,0.13380680978298187,-0.1894398182630539,0.23193039000034332,-54.76533126831055
150000,0.13261854648590088,-0.18904148042201996,0.2309206873178482,-54.949127197265625
151000,0.13144928216934204,-0.1886533945798874,0.22993262112140656,-55.13211441040039
152000,0.13028667867183685,-0.18824729323387146,0.22893594205379486,-55.312740325927734
153000,0.12914352118968964,-0.18785050511360168,0.22796019911766052,-55.492244720458984
154000,0.12799759209156036,-0.18742504715919495,0.22696152329444885,-55.66978073120117
155000,0.12688250839710236,-0.18702754378318787,0.22600547969341278,-55.84639358520508
156000,0.12578129768371582,-0.18662841618061066,0.22505797445774078,-56.02134704589844
157000,0.1246863603591919,-0.18621590733528137,0.22410501539707184,-56.194541931152344
158000,0.1236005648970604,-0.18580162525177002,0.22315767407417297,-56.367008209228516
159000,0.12251139432191849,-0.18535640835762024,0.2221846878528595,-56.537269592285156
160000,0.12146865576505661,-0.18496207892894745,0.2212817370891571,-56.70621109008789
161000,0.12041530013084412,-0.18453720211982727,0.22034932672977448,-56.874507904052734
162000,0.11937516927719116,-0.18410788476467133,0.21942229568958282,-57.04071044921875
163000,0.11835154891014099,-0.18368785083293915,0.21851389110088348,-57.20599365234375
164000,0.11734262853860855,-0.18326841294765472,0.21761572360992432,-57.36947250366211
165000,0.11633707582950592,-0.18283648788928986,0.2167106419801712,-57.531795501708984
166000,0.11534475535154343,-0.1824069768190384,0.21581639349460602,-57.69285202026367
167000,0.11435623466968536,-0.18196329474449158,0.21491391956806183,-57.85236740112305
168000,0.11339657753705978,-0.1815517395734787,0.2140556424856186,-58.0112419128418
169000,0.11241172254085541,-0.1810777634382248,0.21313272416591644,-58.16829299926758
170000,0.11148304492235184,-0.1806795448064804,0.21230536699295044,-58.32455062866211
171000,0.11053913831710815,-0.18023644387722015,0.21143338084220886,-58.47917175292969
172000,0.10961480438709259,-0.17980946600437164,0.21058692038059235,-58.63282012939453
173000,0.10867374390363693,-0.17933562397956848,0.20969323813915253,-58.78498077392578
174000,0.10778307169675827,-0.17893019318580627,0.20888562500476837,-58.93628692626953
175000,0.10687831044197083,-0.17848318815231323,0.20803658664226532,-59.086212158203125
176000,0.1059843972325325,-0.17804016172885895,0.20719794929027557,-59.235347747802734
177000,0.10507474094629288,-0.1775503307580948,0.20631243288516998,-59.382843017578125
178000,0.1042122021317482,-0.17712324857711792,0.20550628006458282,-59.529151916503906
179000,0.1033395528793335,-0.17666569352149963,0.2046700417995453,-59.674747467041016
180000,0.10250918567180634,-0.17626658082008362,0.20390693843364716,-59.81952667236328
181000,0.10165915638208389,-0.17581120133399963,0.20308659970760345,-59.962242126464844
182000,0.10082369297742844,-0.17537175118923187,0.20228858292102814,-60.10479736328125
183000,0.09998238831758499,-0.174904465675354,0.20146475732326508,-60.2459831237793
184000,0.09915658831596375,-0.17444674670696259,0.2006581723690033,-60.385833740234375
185000,0.09834513813257217,-0.17400066554546356,0.19986994564533234,-60.524871826171875
186000,0.09754370152950287,-0.17355722188949585,0.1990901380777359,-60.66286849975586
187000,0.09673473238945007,-0.1730891764163971,0.19828633964061737,-60.800384521484375
188000,0.09595338255167007,-0.17265258729457855,0.19752460718154907,-60.93644714355469
189000,0.09516166150569916,-0.17218106985092163,0.1967283934354782,-61.071285247802734
190000,0.09441926330327988,-0.17178595066070557,0.19602400064468384,-61.20533752441406
191000,0.09365208446979523,-0.17133000493049622,0.19525544345378876,-61.33818435668945
192000,0.09289199858903885,-0.1708739697933197,0.19449123740196228,-61.47022247314453
193000,0.09212955832481384,-0.1703961342573166,0.19370776414871216,-61.600852966308594
194000,0.09139835089445114,-0.16996529698371887,0.19298149645328522,-61.730979919433594
195000,0.09065863490104675,-0.1695059835910797,0.19222711026668549,-61.860321044921875
196000,0.08993375301361084,-0.16905993223190308,0.19149240851402283,-61.9886360168457
197000,0.08921796083450317,-0.1686132699251175,0.19076235592365265,-62.11543273925781
198000,0.0884987935423851,-0.16815030574798584,0.19001726806163788,-62.241817474365234
199000,0.08781450986862183,-0.1677360236644745,0.18933241069316864,-62.36668014526367
200000,0.08711846172809601,-0.1672883927822113,0.18861345946788788,-62.490936279296875
201000,0.08642791956663132,-0.16683945059776306,0.1878967434167862,-62.61445999145508
202000,0.08574903011322021,-0.16640153527259827,0.1871960610151291,-62.73731231689453
203000,0.08506888896226883,-0.16594813764095306,0.18648189306259155,-62.859256744384766
204000,0.08440090715885162,-0.16550549864768982,0.18578369915485382,-62.98031234741211
205000,0.08373761922121048,-0.16505926847457886,0.1850852519273758,-63.100467681884766
206000,0.08307647705078125,-0.16460265219211578,0.18437930941581726,-63.21950149536133
207000,0.08243681490421295,-0.16417670249938965,0.1837112307548523,-63.337738037109375
208000,0.08180408179759979,-0.16375640034675598,0.18305207788944244,-63.4556884765625
209000,0.08116808533668518,-0.16331200301647186,0.18237069249153137,-63.57204818725586
210000,0.080525703728199,-0.16285043954849243,0.18167181313037872,-63.688682556152344
211000,0.07991059124469757,-0.16242605447769165,0.181019127368927,-63.80366897583008
212000,0.07929117232561111,-0.1619829535484314,0.1803484708070755,-63.91809844970703
213000,0.07868409156799316,-0.16155418753623962,0.17969679832458496,-64.03184509277344
214000,0.07807166874408722,-0.16109740734100342,0.17901834845542908,-64.14405059814453
215000,0.07747361063957214,-0.16066043078899384,0.1783646047115326,-64.2557144165039
216000,0.07689285278320312,-0.16024918854236603,0.17774227261543274,-64.36676788330078
217000,0.0763038694858551,-0.1598116010427475,0.1770932674407959,-64.4773178100586
218000,0.07572247087955475,-0.1593792736530304,0.17645294964313507,-64.58719635009766
219000,0.07514975965023041,-0.15895064175128937,0.17582035064697266,-64.69583129882812
220000,0.07457724213600159,-0.15850859880447388,0.17517630755901337,-64.8033218383789
221000,0.0740232840180397,-0.15809984505176544,0.1745709329843521,-64.91072082519531
222000,0.07345807552337646,-0.15766465663909912,0.17393743991851807,-65.01854705810547
223000,0.07290427386760712,-0.15723653137683868,0.17331579327583313,-65.1247329711914
224000,0.07237711548805237,-0.15684881806373596,0.172742560505867,-65.2292709350586
225000,0.07182636857032776,-0.15641510486602783,0.17211830615997314,-65.33523559570312
226000,0.07129127532243729,-0.1559886634349823,0.17150774598121643,-65.43824768066406
227000,0.07075629383325577,-0.15556220710277557,0.17089779675006866,-65.54193878173828
228000,0.07022389024496078,-0.1551394760608673,0.17029285430908203,-65.64610290527344
229000,0.06969768553972244,-0.1547021120786667,0.16967767477035522,-65.74708557128906
230000,0.06918002665042877,-0.1542825847864151,0.16908279061317444,-65.8486099243164
231000,0.06866540014743805,-0.15385740995407104,0.16848455369472504,-65.94915008544922
232000,0.06817986816167831,-0.15348893404006958,0.16795042157173157,-66.04917907714844
233000,0.06767492741346359,-0.15306058526039124,0.16735424101352692,-66.14763641357422
234000,0.06717424094676971,-0.15263929963111877,0.1667667031288147,-66.24642944335938
235000,0.06668905913829803,-0.15224459767341614,0.16621026396751404,-66.3447036743164
236000,0.06619542092084885,-0.1518186330795288,0.16562224924564362,-66.44200134277344
237000,0.06571304053068161,-0.1514117419719696,0.16505670547485352,-66.5390396118164
238000,0.06523095816373825,-0.15099403262138367,0.16448184847831726,-66.63516235351562
239000,0.06475376337766647,-0.15057720243930817,0.1639101505279541,-66.73049926757812
240000,0.06430382281541824,-0.15021680295467377,0.1634015589952469,-66.82551574707031
241000,0.0638342946767807,-0.14979928731918335,0.16283318400382996,-66.9195785522461
242000,0.06337388604879379,-0.14939819276332855,0.16228391230106354,-67.01361083984375
243000,0.06291550397872925,-0.14898940920829773,0.16172879934310913,-67.10655212402344
244000,0.06246313825249672,-0.14858756959438324,0.16118285059928894,-67.1991195678711
245000,0.0620204322040081,-0.1481979936361313,0.16065236926078796,-67.29083251953125
246000,0.061579566448926926,-0.1478070616722107,0.16012173891067505,-67.3823471069336
247000,0.06113559752702713,-0.14739695191383362,0.15957263112068176,-67.47286987304688
248000,0.06070707365870476,-0.14702153205871582,0.15906186401844025,-67.56362915039062
249000,0.06028140336275101,-0.1466369926929474,0.1585441678762436,-67.65278625488281
250000,0.05984872579574585,-0.14622503519058228,0.15799883008003235,-67.74110412597656
251000,0.059433311223983765,-0.14585325121879578,0.1574975848197937,-67.82974243164062
252000,0.0590071938931942,-0.14545230567455292,0.1569656878709793,-67.9185562133789
253000,0.058591801673173904,-0.14506113529205322,0.15644721686840057,-68.00566864013672
254000,0.058185432106256485,-0.14468462765216827,0.15594610571861267,-68.09229278564453
255000,0.05778941512107849,-0.14432492852210999,0.1554647982120514,-68.17825317382812
256000,0.05739225074648857,-0.14396081864833832,0.15497931838035583,-68.26451873779297
257000,0.05698633939027786,-0.14356201887130737,0.15445871651172638,-68.34960174560547
258000,0.056594982743263245,-0.14320077002048492,0.15397873520851135,-68.43535614013672
259000,0.05619770660996437,-0.14280518889427185,0.15346498787403107,-68.51901245117188
260000,0.05580731853842735,-0.14242711663246155,0.15297037363052368,-68.60322570800781
261000,0.055425796657800674,-0.14206477999687195,0.15249401330947876,-68.68701934814453
262000,0.05504573509097099,-0.14169903099536896,0.15201526880264282,-68.77037048339844
263000,0.054671380668878555,-0.14133411645889282,0.15153974294662476,-68.85234832763672
264000,0.05428958311676979,-0.14094898104667664,0.15104295313358307,-68.9347152709961
265000,0.05391673371195793,-0.14057470858097076,0.15055984258651733,-69.01592254638672
266000,0.05355174094438553,-0.14021609723567963,0.1500944346189499,-69.09699249267578
267000,0.05318267270922661,-0.13983754813671112,0.1496092826128006,-69.17730712890625
268000,0.052824024111032486,-0.13948045670986176,0.14914816617965698,-69.25732421875
269000,0.05246414989233017,-0.13911831378936768,0.14868217706680298,-69.33758544921875
270000,0.052110474556684494,-0.13876460492610931,0.1482265740633011,-69.4172592163086
271000,0.05176094174385071,-0.13841113448143005,0.1477729082107544,-69.4959487915039
272000,0.05140513554215431,-0.1380363553762436,0.14729739725589752,-69.57451629638672
273000,0.05105368793010712,-0.13766507804393768,0.14682695269584656,-69.65248107910156
274000,0.050709791481494904,-0.1373073160648346,0.14637206494808197,-69.72999572753906
275000,0.05036572739481926,-0.1369396150112152,0.14590805768966675,-69.80671691894531
276000,0.050042010843753815,-0.13662511110305786,0.1455012857913971,-69.88360595703125
277000,0.049708690494298935,-0.13627976179122925,0.14506249129772186,-69.96031188964844
278000,0.049371905624866486,-0.1359156370162964,0.1446051299571991,-70.03623962402344
279000,0.0490465946495533,-0.13556978106498718,0.14416912198066711,-70.11082458496094
280000,0.04872019588947296,-0.1352144032716751,0.14372402429580688,-70.18498992919922
281000,0.04839618504047394,-0.13486912846565247,0.1432894766330719,-70.26007080078125
282000,0.048090267926454544,-0.1345577836036682,0.1428932100534439,-70.33335876464844
283000,0.047764163464307785,-0.13419611752033234,0.14244301617145538,-70.40792083740234
284000,0.04745356738567352,-0.13386297225952148,0.14202512800693512,-70.48090362548828
285000,0.047141652554273605,-0.13351970911026,0.14159747958183289,-70.55345153808594
286000,0.04682853817939758,-0.13317222893238068,0.14116570353507996,-70.6263427734375
287000,0.04652140662074089,-0.13283486664295197,0.14074566960334778,-70.69873046875
288000,0.04621223360300064,-0.13248524069786072,0.14031361043453217,-70.77068328857422
289000,0.04591809958219528,-0.13215628266334534,0.13990624248981476,-70.84004974365234
290000,0.04561573266983032,-0.1318184733390808,0.13948801159858704,-70.91183471679688
291000,0.045319125056266785,-0.1314852088689804,0.13907617330551147,-70.98240661621094
292000,0.04502907022833824,-0.13116274774074554,0.13867691159248352,-71.05229949951172
293000,0.04473960027098656,-0.13083869218826294,0.13827653229236603,-71.12213897705078
294000,0.044445719569921494,-0.13049599528312683,0.13785727322101593,-71.19163513183594
295000,0.04415988177061081,-0.13016796112060547,0.13745468854904175,-71.26033020019531
296000,0.04388340562582016,-0.12987329065799713,0.1370869278907776,-71.33019256591797
297000,0.043600186705589294,-0.12954042851924896,0.13668102025985718,-71.39800262451172
298000,0.04331982135772705,-0.1292109340429306,0.1362793892621994,-71.46553039550781
299000,0.04303668811917305,-0.1288755238056183,0.13587146997451782,-71.53376770019531
300000,0.042759545147418976,-0.128539577126503,0.1354651302099228,-71.5999526977539
301000,0.04249197244644165,-0.1282365620136261,0.13509324193000793,-71.66706085205078
302000,0.04222909361124039,-0.12794232368469238,0.13473133742809296,-71.73381805419922
303000,0.041955623775720596,-0.12761323153972626,0.13433320820331573,-71.80059051513672
304000,0.041691333055496216,-0.1273001879453659,0.13395336270332336,-71.86616516113281
305000,0.0414271280169487,-0.12698431313037872,0.13357104361057281,-71.93169403076172
306000,0.04115660488605499,-0.12664952874183655,0.13316895067691803,-71.99766540527344
307000,0.04090175777673721,-0.1263478696346283,0.13280339539051056,-72.06201934814453
308000,0.04063626006245613,-0.1260257214307785,0.13241520524024963,-72.12837982177734
309000,0.04039078950881958,-0.12574103474617004,0.13206900656223297,-72.19183349609375
310000,0.040139392018318176,-0.12543684244155884,0.13170258700847626,-72.25548553466797
311000,0.03988833725452423,-0.1251232922077179,0.1313275247812271,-72.318115234375
312000,0.03963562473654747,-0.12481091171503067,0.13095322251319885,-72.38195037841797
313000,0.039382558315992355,-0.12449716031551361,0.1305776685476303,-72.44611358642578
314000,0.03913624584674835,-0.1241910308599472,0.13021159172058105,-72.50881958007812
315000,0.03890348598361015,-0.12392157316207886,0.12988470494747162,-72.57102966308594
316000,0.03865823149681091,-0.12360845506191254,0.12951257824897766,-72.633056640625
317000,0.03841684013605118,-0.12330306321382523,0.12914913892745972,-72.69482421875
318000,0.03817817568778992,-0.1230049729347229,0.1287936270236969,-72.75674438476562
319000,0.03794582560658455,-0.12271628528833389,0.12844911217689514,-72.81755065917969
320000,0.03770419955253601,-0.12239795178174973,0.12807367742061615,-72.87875366210938
321000,0.037473924458026886,-0.12209879606962204,0.12772005796432495,-72.93797302246094
322000,0.03725013509392738,-0.1218307688832283,0.12739822268486023,-72.99881744384766
323000,0.037017010152339935,-0.12153352051973343,0.1270458847284317,-73.06016540527344
324000,0.03679334372282028,-0.12124484032392502,0.1267046183347702,-73.11888122558594
325000,0.03657032176852226,-0.12096438556909561,0.1263715624809265,-73.17871856689453
326000,0.036339014768600464,-0.12065277248620987,0.12600640952587128,-73.23838806152344
327000,0.03612247109413147,-0.1203753799200058,0.1256784200668335,-73.29644012451172
328000,0.03590630739927292,-0.12010440975427628,0.12535682320594788,-73.35547637939453
329000,0.03568759188055992,-0.11981169134378433,0.1250137835741043,-73.41309356689453
330000,0.035464972257614136,-0.11950835585594177,0.12465958297252655,-73.47135925292969
331000,0.03524843975901604,-0.11921961605548859,0.12432124465703964,-73.5291748046875
332000,0.03503420576453209,-0.11893872916698456,0.12399119883775711,-73.5873031616211
333000,0.03482050448656082,-0.11865439265966415,0.12365812808275223,-73.64505767822266
334000,0.034617383033037186,-0.11839437484741211,0.12335149198770523,-73.70157623291016
335000,0.03440924361348152,-0.11811743676662445,0.12302732467651367,-73.7584228515625
336000,0.03420426324009895,-0.1178441196680069,0.12270765006542206,-73.81462097167969
337000,0.03399394452571869,-0.11754798144102097,0.12236468493938446,-73.87054443359375
338000,0.03378866985440254,-0.11726632714271545,0.12203714996576309,-73.9263916015625
339000,0.03358564153313637,-0.1169922947883606,0.1217176765203476,-73.98250579833984
340000,0.033383890986442566,-0.11671526730060577,0.1213957890868187,-74.03795623779297
341000,0.03319009393453598,-0.1164616197347641,0.12109868228435516,-74.09310913085938
342000,0.03298944607377052,-0.11617960780858994,0.12077253311872482,-74.14798736572266
343000,0.032795075327157974,-0.11590792238712311,0.12045813351869583,-74.20162200927734
344000,0.032600630074739456,-0.11563690751791,0.12014447897672653,-74.25566101074219
345000,0.032400891184806824,-0.11535151302814484,0.1198156476020813,-74.31056213378906
346000,0.03221147134900093,-0.1150975450873375,0.11951997131109238,-74.36505889892578
347000,0.03202471137046814,-0.11483901739120483,0.11922072619199753,-74.41800689697266
348000,0.0318378284573555,-0.11458352953195572,0.11892447620630264,-74.47167205810547
349000,0.031648289412260056,-0.11430464684963226,0.11860508471727371,-74.52383422851562
350000,0.031461916863918304,-0.11404851824045181,0.11830855906009674,-74.57771301269531
351000,0.03127206861972809,-0.11377100646495819,0.11799061298370361,-74.63075256347656
352000,0.031087756156921387,-0.11350314319133759,0.1176835224032402,-74.68270111083984
353000,0.030914651229977608,-0.11327515542507172,0.11741796135902405,-74.73478698730469
354000,0.030731217935681343,-0.11300881952047348,0.11711277067661285,-74.78705596923828
355000,0.03054719604551792,-0.11273006349802017,0.11679554730653763,-74.8382797241211
356000,0.030373116955161095,-0.1124841496348381,0.1165127083659172,-74.88927459716797
357000,0.03019384667277336,-0.11221996694803238,0.11621096730232239,-74.94065856933594
358000,0.03001910261809826,-0.11196919530630112,0.1159234568476677,-74.99185180664062
359000,0.0298511553555727,-0.11173445731401443,0.11565326899290085,-75.04210662841797
360000,0.0296770166605711,-0.11148269474506378,0.11536514759063721,-75.0933837890625
361000,0.029502639546990395,-0.11121752113103867,0.1150640919804573,-75.14332580566406
362000,0.02933455817401409,-0.11096692830324173,0.11477880924940109,-75.19235229492188
363000,0.029165025800466537,-0.11072147637605667,0.11449822038412094,-75.24298095703125
364000,0.02899717539548874,-0.11047005653381348,0.11421238631010056,-75.29228210449219
365000,0.028828216716647148,-0.11021391302347183,0.11392178386449814,-75.34176635742188
366000,0.028669200837612152,-0.10998671501874924,0.11366177350282669,-75.39033508300781
367000,0.028503818437457085,-0.10973938554525375,0.1133807823061943,-75.43968200683594
368000,0.0283427182585001,-0.10950182378292084,0.11311037838459015,-75.4884033203125
369000,0.02817831002175808,-0.10924959927797318,0.11282504349946976,-75.53713989257812
370000,0.028019489720463753,-0.10900072008371353,0.11254443973302841,-75.58379364013672
371000,0.027856800705194473,-0.10876908153295517,0.11227962374687195,-75.634765625
372000,0.027703749015927315,-0.10852969437837601,0.11200978606939316,-75.68022918701172
373000,0.02754645049571991,-0.10829051584005356,0.11173916608095169,-75.72804260253906
374000,0.027390476316213608,-0.10805460810661316,0.11147213727235794,-75.77584838867188
375000,0.027236735448241234,-0.10781770199537277,0.11120475083589554,-75.82263946533203
376000,0.027082210406661034,-0.1075715497136116,0.11092828959226608,-75.86888122558594
377000,0.0269253458827734,-0.1073262020945549,0.11065210402011871,-75.91663360595703
378000,0.0267778430134058,-0.1071130633354187,0.11040952056646347,-75.9639663696289
379000,0.02662823162972927,-0.10687792301177979,0.11014515161514282,-76.00979614257812
380000,0.02647838555276394,-0.10664664953947067,0.10988453775644302,-76.05645751953125
381000,0.02632899582386017,-0.10640677064657211,0.1096157655119896,-76.10203552246094
382000,0.026180313900113106,-0.10617487132549286,0.10935498774051666,-76.14846801757812
383000,0.026032214984297752,-0.10594416409730911,0.10909556597471237,-76.19497680664062
384000,0.025893747806549072,-0.10573919117450714,0.10886351019144058,-76.2400131225586
385000,0.02574390172958374,-0.10549187660217285,0.10858768224716187,-76.2857666015625
386000,0.02559594437479973,-0.1052447259426117,0.10831253230571747,-76.330810546875
387000,0.02545321173965931,-0.10502663999795914,0.10806692391633987,-76.37701416015625
388000,0.025307415053248405,-0.10478511452674866,0.10779788345098495,-76.42208862304688
389000,0.0251669492572546,-0.10456505417823792,0.10755103081464767,-76.4673080444336
390000,0.0250281672924757,-0.10433871299028397,0.10729853063821793,-76.51107788085938
391000,0.024890342727303505,-0.10413118451833725,0.1070646122097969,-76.55689239501953
392000,0.024754546582698822,-0.10391046106815338,0.10681840777397156,-76.60021209716797
393000,0.024611718952655792,-0.10367228835821152,0.10655365139245987,-76.6452407836914
394000,0.024476461112499237,-0.10345418006181717,0.10631023347377777,-76.68901824951172
395000,0.02433665283024311,-0.10321652144193649,0.10604679584503174,-76.73295593261719
396000,0.024202752858400345,-0.10300009697675705,0.10580544173717499,-76.7766342163086
397000,0.02407039888203144,-0.10278119146823883,0.10556210577487946,-76.81939697265625
398000,0.0239394623786211,-0.10257995128631592,0.10533634573221207,-76.86377716064453
399000,0.02380395121872425,-0.10234291851520538,0.10507474094629288,-76.90636444091797
400000,0.023674236610531807,-0.10212262719869614,0.10483081638813019,-76.9481430053711
401000,0.02354438230395317,-0.10191816091537476,0.10460234433412552,-76.99213409423828
402000,0.023412879556417465,-0.10169070959091187,0.10435115545988083,-77.03437805175781
403000,0.023281898349523544,-0.10147102922201157,0.10410771518945694,-77.07749938964844
404000,0.023160714656114578,-0.10127832740545273,0.10389282554388046,-77.11888122558594
405000,0.023034032434225082,-0.10106508433818817,0.10365673154592514,-77.16085815429688
406000,0.022908343002200127,-0.10085739195346832,0.10342632979154587,-77.20317840576172
407000,0.022782951593399048,-0.1006486788392067,0.10319506376981735,-77.24539947509766
408000,0.022659730166196823,-0.1004374548792839,0.10296187549829483,-77.28632354736328
409000,0.022536061704158783,-0.10022353380918503,0.10272599756717682,-77.32735443115234
410000,0.022409405559301376,-0.1000058725476265,0.10248588025569916,-77.36974334716797
411000,0.022293832153081894,-0.09982167929410934,0.10228089243173599,-77.41035461425781
412000,0.022172462195158005,-0.09961479157209396,0.10205256193876266,-77.45154571533203
413000,0.022050803527235985,-0.0994066596031189,0.10182298719882965,-77.492919921875
414000,0.021931681782007217,-0.09919857978820801,0.10159408301115036,-77.53309631347656
415000,0.021811556071043015,-0.09899245947599411,0.10136691480875015,-77.57423400878906
416000,0.021692872047424316,-0.0987841784954071,0.10113799571990967,-77.61450958251953
417000,0.021574724465608597,-0.09857427328824997,0.10090766102075577,-77.65447235107422
418000,0.021462872624397278,-0.0983891412615776,0.1007029265165329,-77.6941146850586
419000,0.021348178386688232,-0.09819162636995316,0.10048552602529526,-77.7340087890625
420000,0.02123122289776802,-0.09798184037208557,0.10025570541620255,-77.77384948730469
421000,0.021115917712450027,-0.09777882695198059,0.10003290325403214,-77.81377410888672
422000,0.021005701273679733,-0.09759265929460526,0.09982768446207047,-77.8530502319336
423000,0.02089237980544567,-0.09739267081022263,0.09960835427045822,-77.89257049560547
424000,0.020782344043254852,-0.0972089171409607,0.09940563887357712,-77.93236541748047
425000,0.02067120186984539,-0.0970039963722229,0.09918202459812164,-77.97040557861328
426000,0.020561764016747475,-0.09681899845600128,0.09897830337285995,-78.01004791259766
427000,0.02044999971985817,-0.09661311656236649,0.09875372052192688,-78.04865264892578
428000,0.020338671281933784,-0.09640868753194809,0.09853069484233856,-78.0873794555664
429000,0.02023165486752987,-0.09621904045343399,0.09832305461168289,-78.1255874633789
430000,0.020123055204749107,-0.09602110087871552,0.09810703247785568,-78.16386413574219
431000,0.02001936361193657,-0.09584765136241913,0.09791602194309235,-78.20243072509766
432000,0.0199127160012722,-0.09565963596105576,0.09771019965410233,-78.24110412597656
433000,0.019804542884230614,-0.09545250236988068,0.09748538583517075,-78.2785415649414
434000,0.0197006743401289,-0.09526471048593521,0.09728042781352997,-78.31597137451172
435000,0.019597414880990982,-0.0950867086648941,0.09708522260189056,-78.3543701171875
436000,0.01949259079992771,-0.0948886051774025,0.096870057284832,-78.39144134521484
437000,0.019394660368561745,-0.09472428262233734,0.09668941050767899,-78.42869567871094
438000,0.01929164119064808,-0.09453310817480087,0.09648148715496063,-78.46585845947266
439000,0.019186941906809807,-0.09433826804161072,0.0962696522474289,-78.50372314453125
440000,0.019088217988610268,-0.09415873140096664,0.09607406705617905,-78.54008483886719
441000,0.018984638154506683,-0.0939616784453392,0.09586038440465927,-78.57735443115234
442000,0.018885014578700066,-0.09377612173557281,0.0956588014960289,-78.61383819580078
443000,0.018784936517477036,-0.09360137581825256,0.09546775370836258,-78.65200805664062
444000,0.01868770830333233,-0.09342198818922043,0.09527275711297989,-78.68810272216797
445000,0.018591778352856636,-0.09324359893798828,0.09507904201745987,-78.72371673583984
446000,0.01849355548620224,-0.09305810928344727,0.0948779359459877,-78.75997161865234
447000,0.018396195024251938,-0.09287399053573608,0.09467839449644089,-78.7960433959961
448000,0.018291017040610313,-0.09269507229328156,0.09448248147964478,-78.83753204345703
449000,0.018206359818577766,-0.09251068532466888,0.09428520500659943,-78.8663101196289
450000,0.018098941072821617,-0.09233129024505615,0.09408846497535706,-78.9094009399414
451000,0.018013371154665947,-0.09215598553419113,0.09389998763799667,-78.94005584716797
452000,0.01792469248175621,-0.09198015928268433,0.09371042251586914,-78.97264862060547
453000,0.01782875508069992,-0.09179528057575226,0.09351063519716263,-79.00868225097656
454000,0.01772882416844368,-0.09161855280399323,0.09331811219453812,-79.0482177734375
455000,0.017640771344304085,-0.09143922477960587,0.09312533587217331,-79.0804443359375
456000,0.017536286264657974,-0.09125655889511108,0.09292620420455933,-79.12236785888672
457000,0.017457470297813416,-0.0911106988787651,0.0927681177854538,-79.1531753540039
458000,0.017367776483297348,-0.09093166142702103,0.09257541596889496,-79.18684387207031
459000,0.017274051904678345,-0.09075705707073212,0.09238635003566742,-79.22361755371094
460000,0.017186354845762253,-0.09057260304689407,0.092188760638237,-79.25572967529297
461000,0.017093565315008163,-0.09039806574583054,0.09200000762939453,-79.292236328125
462000,0.01700606197118759,-0.09022653102874756,0.09181521087884903,-79.32600402832031
463000,0.01692819595336914,-0.09006869047880173,0.09164569526910782,-79.3555679321289
464000,0.016833046451210976,-0.08989247679710388,0.09145495295524597,-79.39376068115234
465000,0.016743935644626617,-0.08972474187612534,0.09127369523048401,-79.42935943603516
466000,0.016654890030622482,-0.0895526111125946,0.0910881757736206,-79.46456146240234
467000,0.016567420214414597,-0.08937162905931473,0.09089426696300507,-79.49790954589844
468000,0.01648394577205181,-0.08921361714601517,0.09072370082139969,-79.53155517578125
469000,0.016397619619965553,-0.08904241025447845,0.09053967893123627,-79.56558990478516
470000,0.01631378009915352,-0.08888331055641174,0.09036803990602493,-79.59959411621094
471000,0.016227761283516884,-0.08871215581893921,0.09018417447805405,-79.63372039794922
472000,0.016144411638379097,-0.08854541927576065,0.09000518172979355,-79.66680908203125
473000,0.016060490161180496,-0.08838047832250595,0.08982788026332855,-79.70059967041016
474000,0.015972962602972984,-0.08820274472236633,0.0896373838186264,-79.7353286743164
475000,0.015893734991550446,-0.08805070072412491,0.0894736647605896,-79.76790618896484
476000,0.015810633078217506,-0.08787312358617783,0.08928415924310684,-79.80014038085938
477000,0.01573178730905056,-0.08773382753133774,0.0891331136226654,-79.83416748046875
478000,0.01565161906182766,-0.0875731110572815,0.08896078169345856,-79.8667221069336
479000,0.015567800030112267,-0.08740182220935822,0.08877744525671005,-79.90052795410156
480000,0.01548681128770113,-0.08723730593919754,0.08860129117965698,-79.93342590332031
481000,0.015409841202199459,-0.08708403259515762,0.08843693882226944,-79.96517181396484
482000,0.015328943729400635,-0.08691786974668503,0.08825923502445221,-79.99809265136719
483000,0.015252784825861454,-0.08676691353321075,0.08809736371040344,-80.02981567382812
484000,0.015174975618720055,-0.08661580085754395,0.08793507516384125,-80.06269836425781
485000,0.01509436871856451,-0.08643975853919983,0.08774777501821518,-80.09471130371094
486000,0.015017104335129261,-0.08628790825605392,0.08758491277694702,-80.12741088867188
487000,0.014936664141714573,-0.08612124621868134,0.0874069333076477,-80.16062927246094
488000,0.014860973693430424,-0.08596180379390717,0.0872369185090065,-80.19171905517578
489000,0.014789541251957417,-0.08582806587219238,0.08709297329187393,-80.22303009033203
490000,0.014711719006299973,-0.08566460013389587,0.08691869676113129,-80.25528717041016
491000,0.014637207612395287,-0.08551159501075745,0.08675529062747955,-80.28668212890625
492000,0.014561284333467484,-0.08534955978393555,0.08658277988433838,-80.318115234375
493000,0.014483774080872536,-0.08518710732460022,0.08640962094068527,-80.35066223144531
494000,0.01441206131130457,-0.08504180610179901,0.08625437319278717,-80.3814468383789
495000,0.014336851425468922,-0.084876149892807,0.08607847988605499,-80.4123764038086
496000,0.01426763366907835,-0.08474469184875488,0.08593735098838806,-80.44329071044922
497000,0.014191730879247189,-0.08458296209573746,0.08576527237892151,-80.47535705566406
498000,0.01411688607186079,-0.08441945910453796,0.08559165149927139,-80.50664520263672
499000,0.014046831987798214,-0.0842757597565651,0.08543838560581207,-80.53709411621094
500000,0.01397247239947319,-0.08412137627601624,0.08527388423681259,-80.56932830810547
