Barrido en f -> f_inicial:1000, f_final:500000, step: 1000
Parametros -> N:32, Modo:1,	Fuente:1
Formato -> f,x,y,r,phi

999.942444,121642457.290099,-1072828.475592,0.928123,-0.507326
1999.959351,121612902.354562,-2124140.262764,0.928003,-1.004685
2999.976318,121544951.829949,-3197295.667810,0.927663,-1.512898
3999.993164,121486973.760850,-4231264.892338,0.927462,-2.002816
4999.935547,121374766.025109,-5272611.177672,0.926918,-2.497496
5999.952637,121261263.618180,-6308408.866052,0.926429,-2.990140
6999.969727,121132567.331430,-7353484.440325,0.925898,-3.488068
7999.986328,120982795.529275,-8383335.561425,0.925267,-3.980036
8999.928711,120816482.495359,-9409099.772640,0.924576,-4.471324
9999.945312,120633654.456219,-10434735.647344,0.923827,-4.963918
10999.962891,120436878.373930,-11450415.289918,0.923032,-5.453208
11999.979492,120216894.823715,-12458941.064799,0.922123,-5.941069
12999.996094,119982050.226569,-13470739.502539,0.921170,-6.432175
13999.939453,119733005.281402,-14467198.377609,0.920163,-6.917838
14999.956055,119463771.847701,-15459020.852716,0.919064,-7.403587
15999.972656,119180712.810150,-16438481.821550,0.917913,-7.885479
16999.990234,118881518.575329,-17407609.238419,0.916694,-8.364825
17999.931641,118574593.385723,-18391412.841874,0.915497,-8.852909
18999.949219,118242545.250564,-19340452.750802,0.914135,-9.327730
19999.966797,117896416.677875,-20287933.810187,0.912727,-9.804329
20999.982422,117533935.276742,-21229359.569629,0.911251,-10.280937
22000.000000,117165305.581712,-22164993.646614,0.909783,-10.756887
22999.941406,116768063.669518,-23078237.389420,0.908130,-11.226429
23999.958984,116377345.645166,-23996307.804245,0.906595,-11.699252
24999.976562,115956075.259687,-24887591.894375,0.904849,-12.164017
25999.992188,115534944.795970,-25790407.647436,0.903184,-12.636133
26999.935547,115092812.752447,-26653860.810327,0.901355,-13.093546
27999.953125,114646836.836192,-27537799.201348,0.899592,-13.562894
28999.968750,114169327.359311,-28370943.209515,0.897562,-14.013898
29999.986328,113692792.307678,-29218618.671417,0.895621,-14.473464
30999.929688,113216640.995253,-30073534.452819,0.893756,-14.938494
31999.945312,112711163.255500,-30879144.942200,0.891633,-15.385861
32999.960938,112202958.873775,-31687278.541611,0.889550,-15.836797
33999.980469,111684103.855610,-32481234.800680,0.887414,-16.284689
34999.996094,111156971.177513,-33267619.303730,0.885254,-16.732423
35999.937500,110619041.878389,-34043635.245472,0.883046,-17.178855
36999.957031,110063666.606660,-34790556.266042,0.880698,-17.616175
37999.972656,109510641.236908,-35547538.101176,0.878442,-18.060298
38999.988281,108946072.189031,-36282357.357587,0.876101,-18.498109
39999.933594,108376533.142875,-37002176.128875,0.873738,-18.931726
40999.949219,107799798.569635,-37707426.552210,0.871337,-19.362382
41999.964844,107214219.989369,-38406974.246883,0.868907,-19.793606
42999.984375,106634306.997984,-39115461.096492,0.866589,-20.230908
44000.000000,106015892.424309,-39747035.268527,0.863841,-20.640656
44999.941406,105410876.810856,-40413391.946280,0.861327,-21.067123
45999.960938,104794495.409659,-41039083.940204,0.858667,-21.478980
46999.976562,104195398.140109,-41670413.236452,0.856189,-21.892856
47999.992188,103561278.101545,-42294758.668967,0.853488,-22.312210
48999.933594,102944349.439969,-42922497.287289,0.850964,-22.732473
49999.953125,102305888.998125,-43495387.989844,0.848171,-23.133613
50999.968750,101677552.251833,-44091478.172617,0.845560,-23.546375
51999.984375,101019972.267631,-44628126.210107,0.842606,-23.939676
52999.929688,100378089.625041,-45177727.708182,0.839841,-24.338598
53999.945312,99744326.893689,-45727015.995275,0.837172,-24.737713
54999.960938,99083491.510828,-46255123.020454,0.834288,-25.135961
55999.980469,98439412.022051,-46775295.573854,0.831533,-25.528860
56999.996094,97784245.167973,-47269420.343605,0.828655,-25.914579
57999.937500,97108772.453606,-47720752.466292,0.825531,-26.287434
58999.957031,96465162.106379,-48219598.857670,0.822821,-26.678179
59999.972656,95826222.840990,-48714309.409151,0.820167,-27.068456
60999.988281,95144308.321006,-49138576.362943,0.817013,-27.438391
61999.933594,94495304.607053,-49598540.195892,0.814242,-27.819228
62999.949219,93826607.118527,-50022976.531798,0.811246,-28.191578
63999.964844,93169955.354000,-50430752.310200,0.808305,-28.554892
64999.984375,92502601.515742,-50836231.327239,0.805316,-28.923430
66000.000000,91840267.397277,-51238576.691419,0.802382,-29.291073
66999.945312,91182038.801298,-51612295.755863,0.799401,-29.646706
67999.960938,90504485.621759,-51966129.727369,0.796247,-30.000838
68999.976562,89850810.389823,-52321092.016171,0.793286,-30.352683
69999.992188,89178841.741689,-52651474.396544,0.790138,-30.699688
70999.937500,88534060.786998,-53022898.944753,0.787358,-31.061295
71999.953125,87857054.039595,-53310218.899438,0.784066,-31.394747
72999.968750,87204299.184307,-53636996.119982,0.781116,-31.742747
73999.984375,86558481.186633,-53976080.733811,0.778289,-32.096117
74999.929688,85899584.889384,-54239475.579330,0.775099,-32.421041
75999.945312,85255729.617577,-54562671.243943,0.772276,-32.772622
76999.960938,84599841.061116,-54816973.101059,0.769119,-33.097695
77999.976562,83963670.005607,-55106428.774500,0.766260,-33.434859
79000.000000,83320818.597778,-55374152.461975,0.763293,-33.767551
79999.937500,82651504.920000,-55577891.513500,0.759911,-34.079559
80999.953125,82012495.355859,-55792309.879018,0.756789,-34.390922
81999.968750,81347441.747374,-56002858.701512,0.753509,-34.711638
82999.992188,80729825.169865,-56226652.179720,0.750607,-35.024348
83999.929688,80122799.714361,-56500092.598057,0.748012,-35.359641
84999.945312,79465647.577955,-56644279.703851,0.744558,-35.654062
85999.968750,78852189.966138,-56857435.305026,0.741702,-35.967715
86999.984375,78208081.116336,-56995192.696929,0.738340,-36.259955
88000.000000,77628348.850385,-57245092.726623,0.735900,-36.584315
88999.945312,76971494.565072,-57337853.577864,0.732295,-36.863193
89999.960938,76390702.604782,-57576550.475105,0.729841,-37.187285
90999.976562,75761490.384134,-57666874.729883,0.726430,-37.461914
91999.992188,75157488.868315,-57848932.920932,0.723615,-37.772142
92999.937500,74584749.245058,-58041399.260756,0.721058,-38.078140
93999.953125,73953178.261674,-58062283.238179,0.717360,-38.326322
94999.968750,73365851.073931,-58253178.768409,0.714745,-38.641792
95999.984375,72780568.692169,-58371944.174917,0.711820,-38.924264
96999.929688,72174706.424068,-58451490.493483,0.708602,-39.198274
97999.945312,71620824.831547,-58574313.913936,0.705915,-39.475164
98999.960938,71040382.083540,-58661764.860458,0.702918,-39.747744
99999.976562,70458277.032188,-58738097.300938,0.699872,-40.018006
100999.992188,69886655.799558,-58843838.340909,0.697047,-40.300525
101999.937500,69311236.527893,-58915847.625438,0.694050,-40.570725
102999.953125,68774831.727946,-59029797.547328,0.691502,-40.847347
103999.968750,68194782.482613,-59030570.762431,0.688154,-41.089864
104999.992188,67628850.284121,-59062886.914042,0.685058,-41.344011
105999.929688,67098446.938059,-59148030.450812,0.682444,-41.610831
106999.945312,66530976.229689,-59170288.795720,0.679315,-41.865351
107999.968750,66001928.642929,-59238042.305096,0.676649,-42.127548
108999.984375,65467550.163488,-59265409.266689,0.673761,-42.374747
110000.000000,64927715.997594,-59310609.917497,0.670946,-42.635080
110999.945312,64393854.419355,-59331001.173084,0.668049,-42.880550
111999.960938,63880499.892895,-59367261.282114,0.665363,-43.129118
112999.976562,63353482.193856,-59358507.682910,0.662377,-43.364227
113999.992188,62840328.838974,-59383110.253295,0.659654,-43.611257
114999.937500,62322693.909450,-59370761.349982,0.656725,-43.844622
115999.953125,61816205.460312,-59367009.955419,0.653912,-44.076358
116999.968750,61317850.152102,-59407314.835101,0.651389,-44.330276
117999.984375,60820218.346608,-59387466.360619,0.648562,-44.556871
118999.929688,60325198.268873,-59392007.818520,0.645889,-44.793144
119999.945312,59830062.807649,-59354361.643045,0.643000,-45.013948
120999.960938,59364100.414902,-59411301.801815,0.640789,-45.268352
121999.976562,58871923.827297,-59335650.074342,0.637730,-45.473373
122999.992188,58389939.522675,-59286340.077633,0.634877,-45.685053
123999.937500,57942199.952713,-59346790.274031,0.632815,-45.937819
124999.953125,57455161.101562,-59256893.340234,0.629732,-46.136142
125999.968750,56985255.720079,-59203455.387008,0.626948,-46.348610
126999.992188,56532554.048016,-59171171.158730,0.624379,-46.564547
127999.929688,56078294.481200,-59153626.502800,0.621893,-46.786911
128999.945312,55639227.586694,-59166325.211290,0.619664,-47.021202
129999.968750,55174790.678310,-59019613.193745,0.616423,-47.193290
130999.984375,54730183.950061,-58984694.068359,0.613917,-47.407584
132000.000000,54304671.702145,-58984201.942244,0.611710,-47.633773
132999.937500,53870045.874480,-58922404.423109,0.609121,-47.833213
133999.953125,53439245.213149,-58854328.181323,0.606523,-48.032879
134999.968750,53015623.735021,-58828025.295781,0.604206,-48.247003
136000.000000,52601226.325967,-58738227.217595,0.601584,-48.430724
136999.937500,52166788.116438,-58645908.339469,0.598851,-48.625828
137999.953125,51757791.368262,-58589551.264769,0.596459,-48.822351
138999.968750,51331785.216240,-58465496.826314,0.593601,-49.000910
139999.984375,50921002.240157,-58428948.559055,0.591328,-49.211292
140999.921875,50523168.210132,-58338880.721145,0.588818,-49.394059
141999.937500,50121098.545697,-58275486.184561,0.586448,-49.589687
142999.968750,49734697.137176,-58223822.159517,0.584230,-49.787833
143999.984375,49335993.586595,-58081850.257760,0.581433,-49.946437
145000.000000,48961650.010421,-58065520.038967,0.579493,-50.157962
145999.937500,48582180.884124,-57985918.976734,0.577165,-50.338827
146999.953125,48219464.862132,-57996737.547794,0.575455,-50.555318
147999.968750,47825823.022664,-57841847.923219,0.572628,-50.715198
148999.984375,47456282.338612,-57796054.101537,0.570566,-50.911047
149999.937500,47082253.899672,-57678481.480075,0.568064,-51.080615
150999.953125,46715349.739972,-57560775.410571,0.565600,-51.242771
151999.968750,46354439.505938,-57482666.739667,0.563405,-51.426687
152999.984375,45990836.746654,-57325493.825048,0.560732,-51.570432
154000.000000,45635465.005775,-57254844.764196,0.558618,-51.757570
154999.937500,45287701.029554,-57222875.644864,0.556776,-51.955448
155999.953125,44942765.953194,-57101460.375914,0.554419,-52.109306
156999.968750,44590656.352797,-56998606.096663,0.552143,-52.282975
158000.000000,44262357.882469,-56903538.929877,0.550030,-52.441931
158999.937500,43905419.829111,-56723139.483358,0.547274,-52.583636
159999.953125,43576353.049000,-56664799.162000,0.545388,-52.763595
160999.968750,43244770.553095,-56605691.226472,0.543491,-52.946034
161999.984375,42909616.466329,-56474033.305316,0.541142,-53.101913
162999.921875,42600946.283749,-56359332.984717,0.539022,-53.244962
163999.937500,42259925.706455,-56164168.205943,0.536266,-53.376270
164999.968750,41967885.435276,-56174790.893760,0.534995,-53.572173
165999.984375,41630283.626037,-55992108.277490,0.532338,-53.704486
167000.000000,41325937.042797,-55925552.569415,0.530547,-53.878669
167999.937500,41016108.150210,-55881345.003676,0.528874,-54.062920
168999.953125,40712076.828843,-55738305.665082,0.526623,-54.196120
169999.968750,40392292.305364,-55511075.064790,0.523785,-54.305638
170999.984375,40097061.498397,-55387033.954594,0.521696,-54.444521
171999.937500,39816352.816129,-55388908.332796,0.520454,-54.636432
172999.953125,39502750.071351,-55183318.638919,0.517785,-54.756163
173999.968750,39200210.841304,-55004071.961957,0.515331,-54.876342
174999.984375,38958101.395514,-55066028.537746,0.514647,-55.074363
176000.000000,38635818.887789,-54898734.227173,0.512186,-55.222727
176999.937500,38351005.708518,-54731988.818031,0.509896,-55.340139
177999.953125,38078017.817019,-54616700.076196,0.507982,-55.475601
178999.968750,37813213.827740,-54505573.300336,0.506132,-55.614831
180000.000000,37554558.311761,-54491212.808104,0.504920,-55.791744
180999.937500,37246337.643100,-54277514.044118,0.502244,-55.907090
181999.953125,36971619.610006,-54066944.708357,0.499734,-56.007761
182999.968750,36759622.377574,-54138582.203661,0.499275,-56.196390
183999.984375,36470965.126509,-53942950.599195,0.496804,-56.309829
184999.921875,36203191.245807,-53882464.821284,0.495279,-56.475726
185999.937500,35934338.874419,-53733866.579651,0.493195,-56.607071
186999.968750,35679790.108645,-53480787.360397,0.490511,-56.670266
187999.984375,35432704.780259,-53437465.536428,0.489192,-56.832460
189000.000000,35169106.933845,-53318107.870644,0.487323,-56.977634
189999.937500,34930178.180523,-53216697.373515,0.485674,-57.106898
190999.953125,34683082.265513,-53005950.091885,0.483296,-57.189146
191999.968750,34474420.375750,-53051091.101441,0.482715,-57.369657
192999.984375,34202740.364897,-52836293.317250,0.480212,-57.478043
193999.937500,33991731.155246,-52796258.440267,0.479082,-57.619825
194999.953125,33735514.318708,-52596707.753809,0.476745,-57.718312
195999.968750,33510362.772059,-52554523.542892,0.475548,-57.871594
196999.984375,33273205.566502,-52399353.636700,0.473578,-57.987027
198000.000000,33043999.336634,-52254714.269183,0.471710,-58.094492
198999.937500,32813121.261194,-52108156.013060,0.469824,-58.203176
199999.953125,32575956.771250,-51987245.158750,0.468080,-58.330435
200999.968750,32350257.951005,-51857215.194724,0.466326,-58.453175
201999.984375,32146053.876263,-51765477.806187,0.464909,-58.570432
202999.937500,31925560.097716,-51665061.086929,0.463372,-58.697173
203999.953125,31697613.938138,-51552359.931760,0.461727,-58.824675
204999.968750,31477720.340167,-51356471.051890,0.459576,-58.913774
205999.984375,31285971.368319,-51307669.759176,0.458495,-59.045335
206999.921875,31060941.756145,-51110332.793661,0.456316,-59.130973
207999.937500,30871444.076073,-51061037.847204,0.455245,-59.261894
208999.968750,30649564.192031,-50876258.839321,0.453163,-59.361715
209999.984375,30448932.758530,-50727452.297244,0.451401,-59.453782
211000.000000,30247039.314436,-50570071.759394,0.449580,-59.543345
211999.937500,30050952.978794,-50563135.155732,0.448768,-59.703805
212999.953125,29837641.946108,-50292532.385895,0.446162,-59.757276
213999.968750,29648332.612040,-50291226.048829,0.445418,-59.916415
214999.984375,29440056.181452,-50165733.549731,0.443787,-60.030375
215999.937500,29241475.169366,-49901545.550607,0.441282,-60.067576
216999.953125,29075399.494573,-49999236.099729,0.441287,-60.258451
217999.968750,28882227.702997,-49754685.677112,0.438933,-60.312002
218999.984375,28673212.336756,-49661763.357290,0.437521,-60.446007
220000.000000,28497107.852234,-49454382.831615,0.435479,-60.495012
220999.937500,28324932.415055,-49391094.900552,0.434405,-60.613340
221999.953125,28120310.913949,-49316557.888966,0.433137,-60.755067
222999.968750,27922025.147735,-49150625.551916,0.431288,-60.856468
223999.984375,27777214.491597,-49106762.362045,0.430452,-60.962338
224999.937500,27590268.566409,-48807859.212930,0.427765,-60.978235
225999.953125,27405741.121469,-48776426.218220,0.426865,-61.126905
226999.968750,27252904.462740,-48783829.195884,0.426344,-61.267248
227999.984375,27034781.211538,-48461053.425926,0.423383,-61.311913
228999.921875,26911880.389406,-48493770.246242,0.423145,-61.439264
229999.937500,26704499.968391,-48205118.735632,0.420452,-61.482167
230999.968750,26567834.163899,-48239079.462816,0.420174,-61.623669
231999.984375,26379765.316171,-48105060.421320,0.418587,-61.728192
233000.000000,26203811.091703,-47846731.564047,0.416213,-61.770863
233999.937500,26076858.643014,-47902503.338698,0.416123,-61.915983
234999.953125,25932668.024982,-47846177.905952,0.415220,-62.020963
235999.968750,25729749.394543,-47592625.005162,0.412782,-62.081943
236999.984375,25591212.245185,-47511930.510370,0.411738,-62.170589
237999.937500,25413433.453869,-47420797.232887,0.410483,-62.291253
238999.953125,25264712.390590,-47208328.977595,0.408519,-62.335761
239999.968750,25098384.639160,-47169396.579895,0.407659,-62.473321
240999.984375,24958753.056476,-46973431.757530,0.405839,-62.506947
242000.000000,24788913.008321,-46936613.881997,0.404984,-62.650197
242999.937500,24639549.153379,-46746691.332574,0.403171,-62.697235
243999.953125,24489149.055640,-46565926.286585,0.401416,-62.762552
244999.968750,24370687.892037,-46552351.195253,0.400904,-62.869989
245999.984375,24217465.122982,-46378163.413528,0.399185,-62.930175
246999.937500,24038095.828704,-46239188.469907,0.397612,-63.034262
247999.953125,23924977.154264,-46236641.538760,0.397198,-63.143433
248999.968750,23770128.911284,-46102677.831128,0.395747,-63.227344
249999.984375,23624768.476562,-45957694.901562,0.394256,-63.296931
250999.921875,23488553.628235,-45833296.820392,0.392937,-63.381276
251999.937500,23344614.711811,-45696594.327559,0.391508,-63.454693
252999.968750,23219866.696203,-45746320.696994,0.391415,-63.604033
253999.984375,23065551.734921,-45475445.034127,0.389039,-63.620891
255000.000000,22954847.870120,-45414708.352988,0.388244,-63.701125
255999.937500,22804525.733600,-45264184.051200,0.386702,-63.776027
256999.953125,22665033.955823,-45177539.293976,0.385633,-63.886568
257999.968750,22539321.200806,-45111835.079032,0.384756,-63.980761
258999.984375,22404225.936032,-45019739.023482,0.383667,-64.071559
259999.937500,22272855.982941,-44767888.542648,0.381500,-64.077751
260999.953125,22161458.902936,-44713251.567700,0.380749,-64.164320
261999.968750,22028177.876331,-44652479.844390,0.379882,-64.270686
262999.968750,21903762.288651,-44650020.811678,0.379446,-64.397980
264000.000000,21762488.786304,-44415912.966172,0.377368,-64.439712
264999.937500,21646847.432947,-44195228.134106,0.375468,-64.447566
265999.968750,21511904.444722,-44177806.157107,0.374897,-64.579944
266999.968750,21393229.286906,-43947016.889074,0.372917,-64.586578
268000.000000,21304723.149079,-43963635.671692,0.372736,-64.688442
268999.937500,21155234.505467,-43935975.699748,0.372050,-64.832335
269999.937500,21056024.625316,-43751395.386498,0.370453,-64.843323
270999.968750,20934764.234547,-43595947.723116,0.368983,-64.907947
272000.000000,20795353.280374,-43430068.351742,0.367382,-64.972045
272999.937500,20712584.835324,-43439449.925768,0.367174,-65.065749
273999.937500,20593273.079623,-43283196.272260,0.365707,-65.114097
274999.968750,20453590.378007,-43085776.302405,0.363889,-65.163732
275999.968750,20356320.609146,-43171268.671268,0.364161,-65.313230
277000.000000,20233918.255411,-43037342.533333,0.362839,-65.377802
277999.937500,20100753.566840,-42727114.444444,0.360264,-65.379764
278999.968750,20029898.348736,-42762346.271142,0.360278,-65.475759
279999.968750,19891911.389326,-42606723.524934,0.358756,-65.547588
281000.000000,19812229.792619,-42731672.827768,0.359364,-65.699719
281999.937500,19674952.592952,-42456643.971806,0.357020,-65.710564
282999.937500,19553985.840849,-42312803.046861,0.355637,-65.771134
283999.968750,19454244.681455,-42169062.088731,0.354322,-65.808445
284999.968750,19385491.089127,-42310499.407308,0.355083,-65.958250
286000.000000,19243144.352994,-41990104.322609,0.352408,-65.970064
286999.937500,19176380.312108,-41944250.223318,0.351878,-66.021734
287999.968750,19072282.447345,-41852945.487849,0.350915,-66.092380
288999.968750,18929540.361337,-41772789.248419,0.349908,-66.213134
290000.000000,18852256.205616,-41504962.866848,0.347803,-66.162666
290999.937500,18741005.371818,-41476820.226364,0.347257,-66.275529
291999.937500,18661658.847628,-41431434.514599,0.346693,-66.343140
292999.968750,18563970.617216,-41361330.956960,0.345899,-66.419323
294000.000000,18454292.690257,-41312277.983456,0.345216,-66.520599
294999.937500,18386563.636866,-41084359.858986,0.343417,-66.498837
295999.937500,18264475.382054,-41041088.813136,0.342736,-66.618430
296999.968750,18166817.917363,-41027292.457753,0.342338,-66.725201
297999.968750,18115371.834110,-41036204.504194,0.342241,-66.789897
299000.000000,17967067.053221,-40587377.661998,0.338652,-66.731052
299999.937500,17884346.291471,-40557453.657919,0.338188,-66.813171
300999.968750,17805184.514581,-40563175.454374,0.337984,-66.909843
301999.968750,17708747.763928,-40560462.708215,0.337670,-67.022753
303000.000000,17665344.939394,-40397260.071970,0.336397,-66.989583
303999.937500,17535803.475783,-40179728.131054,0.334480,-67.049763
304999.937500,17436274.981888,-40197750.939943,0.334303,-67.178475
305999.968750,17343566.330784,-40009444.868069,0.332704,-67.191769
306999.968750,17260162.439539,-40008116.891555,0.332442,-67.291703
308000.000000,17217673.877767,-39861027.531280,0.331283,-67.266297
308999.937500,17110570.762548,-39715543.003861,0.329940,-67.320135
309999.968750,17032676.257752,-39731838.481589,0.329820,-67.423500
310999.968750,16903546.238095,-39558729.101069,0.328218,-67.490731
312000.000000,16819869.336585,-39659255.758049,0.328674,-67.645613
312999.937500,16790277.509286,-39283159.228739,0.325945,-67.505392
313999.937500,16666855.669284,-39350309.618253,0.326048,-67.692943
314999.968750,16569742.577756,-39183277.052165,0.324585,-67.725642
316000.000000,16555729.652174,-39269369.676877,0.325149,-67.788077
316999.937500,16427843.154609,-39168227.083251,0.324059,-67.894042
317999.937500,16318519.550149,-38745938.903674,0.320766,-67.808842
318999.968750,16273367.907278,-38858802.289133,0.321426,-67.925017
319999.968750,16163008.141000,-38787413.567000,0.320599,-68.026218
321000.000000,16092323.670010,-38660265.346038,0.319496,-68.048575
321999.937500,16071212.203424,-38782492.535750,0.320296,-68.139284
322999.968750,15949107.717457,-38441092.719475,0.317533,-68.136185
323999.968750,15875349.314777,-38314860.325911,0.316428,-68.163474
325000.000000,15820682.633503,-38244661.481218,0.315773,-68.196191
325999.937500,15724759.852192,-38377108.261978,0.316429,-68.388593
326999.937500,15634187.405930,-38303079.173824,0.315645,-68.465794
327999.968750,15577860.947746,-37930804.934426,0.312853,-68.342083
328999.968750,15528469.063720,-37840139.884892,0.312070,-68.357835
330000.000000,15426659.918557,-37799050.990722,0.311486,-68.468130
330999.937500,15370516.543950,-37701763.970010,0.310637,-68.489548
331999.968750,15247398.862033,-37654045.411826,0.309946,-68.624940
332999.968750,15227504.201873,-37605380.845994,0.309545,-68.625187
334000.000000,15130620.070981,-37545943.710856,0.308848,-68.743741
334999.937500,15066443.831414,-37483688.152880,0.308224,-68.795162
335999.937500,15015328.022059,-37453745.795168,0.307867,-68.846651
336999.968750,14944559.646997,-37404543.595364,0.307318,-68.914045
338000.000000,14867920.957717,-37354121.676533,0.306744,-68.988810
338999.937500,14788092.668432,-37104221.626059,0.304747,-68.962636
339999.937500,14700710.288747,-36812283.201699,0.302431,-68.923735
340999.968750,14654193.787007,-36785413.006390,0.302109,-68.971825
341999.968750,14570353.584402,-36783986.014957,0.301863,-69.083857
343000.000000,14531210.752412,-36749173.598071,0.301506,-69.118034
343999.937500,14433288.004301,-36708035.836559,0.300940,-69.228341
344999.968750,14378862.214440,-36461033.477371,0.299035,-69.194922
345999.968750,14336961.699459,-36504159.323243,0.299224,-69.274984
347000.000000,14279194.638829,-36489496.070499,0.298959,-69.345770
347999.937500,14199856.994565,-36249380.966304,0.297032,-69.325726
348999.937500,14123724.731734,-36254297.742639,0.296856,-69.432758
349999.968750,14094650.510941,-36273381.885120,0.296911,-69.482845
350999.968750,13980382.395833,-36044708.350877,0.294969,-69.517951
352000.000000,13927655.229923,-36048686.047305,0.294852,-69.592969
352999.937500,13880572.686880,-35813718.050717,0.293050,-69.532161
353999.968750,13779426.617257,-35856757.625000,0.293079,-69.696036
354999.968750,13741585.445061,-35871628.779134,0.293081,-69.756680
356000.000000,13710194.394883,-35683624.244716,0.291656,-69.699811
356999.937500,13633541.535714,-35756342.888393,0.291966,-69.845998
357999.937500,13548998.737136,-35498988.004474,0.289901,-69.853352
358999.968750,13535416.282511,-35332743.043722,0.288679,-69.782798
360000.000000,13450105.662542,-35359822.200225,0.288640,-69.918126
360999.937500,13426116.891648,-35404373.483070,0.288893,-69.976022
361999.937500,13353455.009050,-35212068.363122,0.287325,-69.975646
362999.968750,13294230.162316,-35337588.081725,0.288061,-70.127230
363999.968750,13214945.256818,-34860495.750000,0.284442,-69.983094
365000.000000,13158431.242873,-34927717.134550,0.284769,-70.100796
365999.937500,13117929.757437,-35014287.988558,0.285279,-70.205645
366999.968750,13049632.291284,-34812517.706422,0.283654,-70.195117
367999.968750,13028779.811277,-34932087.654776,0.284453,-70.289625
369000.000000,12932003.738178,-34765387.418685,0.283004,-70.339704
369999.937500,12916676.739583,-34862794.283565,0.283660,-70.414180
370999.937500,12820626.590962,-34419010.133256,0.280230,-70.342695
371999.968750,12803015.811628,-34512476.424419,0.280852,-70.419165
372999.968750,12735306.356643,-34380108.335664,0.279725,-70.446426
374000.000000,12691585.417056,-34217736.862150,0.278448,-70.422244
374999.937500,12646353.112544,-34349581.192263,0.279272,-70.560400
375999.968750,12561437.835488,-34157206.019976,0.277671,-70.581216
376999.968750,12525527.423349,-34326546.810142,0.278790,-70.725716
378000.000000,12468889.743802,-33898646.532468,0.275575,-70.577437
378999.937500,12401029.263905,-33763249.014201,0.274427,-70.604433
379999.937500,12359851.146081,-33907857.418052,0.275355,-70.744954
380999.968750,12315056.059524,-33779419.688095,0.274318,-70.741926
382000.000000,12266435.752983,-33672426.986874,0.273424,-70.756367
382999.937500,12213962.657485,-33821609.089820,0.274357,-70.916290
383999.937500,12151085.238896,-33684814.442977,0.273213,-70.936572
384999.968750,12103874.324519,-33304545.657452,0.270362,-70.830551
385999.968750,12067084.939686,-33437278.580217,0.271219,-70.959360
387000.000000,11989341.596131,-33361346.056832,0.270473,-71.035893
387999.937500,11922241.966061,-33226056.975758,0.269328,-71.064120
388999.968750,11919403.469016,-33135101.936817,0.268668,-71.018484
389999.968750,11871031.007317,-33328278.237805,0.269931,-71.198097
391000.000000,11800155.878973,-33224496.743276,0.269004,-71.250009
391999.937500,11766105.425245,-33130100.454657,0.268238,-71.250814
392999.937500,11716048.534969,-32765884.577914,0.265492,-71.127778
393999.968750,11675471.653941,-32934678.220443,0.266602,-71.283618
394999.968750,11648528.239506,-32856376.881481,0.265970,-71.282356
396000.000000,11614220.904703,-32758474.897277,0.265178,-71.281732
396999.937500,11519026.648883,-32678921.698511,0.264364,-71.386139
397999.968750,11517867.824627,-32625424.028607,0.263976,-71.358496
398999.968750,11441533.890274,-32540205.692020,0.263169,-71.430940
400000.000000,11378531.466250,-32489896.378750,0.262648,-71.502090
400999.937500,11347189.766917,-32380618.911028,0.261782,-71.524551
401999.937500,11302643.844221,-32352471.971106,0.261467,-71.579275
402999.968750,11272574.711587,-32300169.649874,0.261015,-71.597927
403999.968750,11256484.728535,-32226373.939394,0.260443,-71.582611
404999.937500,11191370.486076,-32205676.101266,0.260130,-71.674447
405999.937500,11133973.769036,-32143341.958122,0.259537,-71.731305
406999.968750,11095273.241730,-32091016.905852,0.259064,-71.764113
407999.968750,11056510.298469,-32049944.596939,0.258671,-71.803345
409000.000000,11003892.358876,-31701020.883780,0.256024,-71.693983
409999.937500,10946207.692702,-31652290.430218,0.255528,-71.759875
410999.968750,10935364.002567,-31610134.671374,0.255197,-71.753828
411999.968750,10876984.243243,-31579494.606178,0.254831,-71.831289
413000.000000,10872381.752258,-31558085.200000,0.254665,-71.826791
413999.937500,10790922.623545,-31519950.073739,0.254188,-71.937883
414999.937500,10765338.857328,-31504175.695201,0.254011,-71.970746
415999.968750,10690555.641092,-31503867.529259,0.253825,-72.092453
416999.968750,10669007.897135,-31175318.089844,0.251399,-71.980631
418000.000000,10622654.483029,-31160951.804178,0.251181,-72.048863
418999.937500,10597021.962042,-31141745.032723,0.250979,-72.080328
419999.968750,10555701.532808,-31134079.644357,0.250823,-72.144202
420999.968750,10518412.842105,-31131464.151316,0.250713,-72.204314
422000.000000,10481106.631926,-31136688.337731,0.250659,-72.268870
422999.937500,10450467.562169,-31160850.173280,0.250760,-72.332931
423999.937500,10437756.458886,-31155411.567639,0.250689,-72.350931
424999.968750,10364371.799469,-30849690.108898,0.248300,-72.302454
425999.968750,10306785.396277,-30567556.617021,0.246120,-72.239819
426999.937500,10280179.890667,-30550459.314667,0.245931,-72.274923
427999.937500,10246384.830214,-30564202.649733,0.245949,-72.339645
428999.968750,10192747.836461,-30568888.776139,0.245853,-72.432721
429999.968750,10181444.103495,-30628597.439516,0.246258,-72.485285
431000.000000,10153816.471698,-30631111.482480,0.246210,-72.533243
431999.937500,10102967.597841,-30366871.943320,0.244174,-72.470801
432999.968750,10069565.493911,-30363358.184032,0.244068,-72.525583
433999.968750,10012069.413840,-30425898.587517,0.244384,-72.658420
435000.000000,9977733.918478,-30152045.105978,0.242317,-72.602414
435999.937500,9950388.867847,-30184084.625341,0.242484,-72.667363
436999.937500,9934312.128240,-29894638.604366,0.240349,-72.530309
437999.968750,9872838.339261,-29931598.525308,0.240469,-72.657551
438999.968750,9857653.314129,-30002053.552812,0.240944,-72.723758
440000.000000,9788219.027510,-30033865.259972,0.241010,-72.861421
440999.937500,9803551.642759,-30113814.983448,0.241626,-72.879867
441999.968750,9738416.360497,-29844370.187845,0.239517,-72.840675
442999.968750,9715711.513850,-29873092.418283,0.239672,-72.896297
444000.000000,9707919.909722,-29986584.291667,0.240477,-72.973577
444999.937500,9618887.961111,-29363835.486111,0.235749,-72.774967
445999.937500,9615064.870474,-29456436.119777,0.236411,-72.834990
446999.968750,9573278.734637,-29506719.344972,0.236678,-72.937182
447999.968750,9572723.323529,-29597252.921569,0.237333,-72.989618
448999.937500,9548187.109397,-29310287.309958,0.235193,-72.868867
449999.937500,9477994.025316,-29407399.109705,0.235733,-73.048418
450999.968750,9509462.417489,-29547115.084626,0.236821,-73.072245
451999.968750,9408235.069209,-29241043.569209,0.234362,-73.077077
453000.000000,9390380.100567,-29343781.820113,0.235066,-73.167207
453999.937500,9342172.589489,-29461739.193182,0.235812,-73.318973
454999.968750,9312872.261364,-28871273.610795,0.231453,-73.077980
455999.968750,9242514.273504,-28974840.085470,0.232042,-73.264030
457000.000000,9250498.775714,-29044284.134286,0.232565,-73.289400
457999.937500,9196928.948498,-28821427.782546,0.230821,-73.257984
458999.937500,9185134.461980,-28926819.868006,0.231560,-73.339683
459999.968750,9170602.235632,-28713526.386494,0.229976,-73.243307
460999.968750,9120620.981268,-28777801.505764,0.230327,-73.370789
462000.000000,9128562.440751,-28872245.884393,0.231033,-73.410456
462999.937500,9077337.285094,-28770031.654124,0.230171,-73.444697
463999.968750,9080558.936139,-28838340.359942,0.230676,-73.477826
464999.968750,8995010.290698,-28576537.167151,0.228574,-73.483504
466000.000000,8943673.850073,-28375425.794760,0.226993,-73.461520
466999.937500,8936732.393586,-28188632.564140,0.225618,-73.365547
467999.937500,8898578.068713,-28291562.152047,0.226280,-73.495908
468999.968750,8930567.863636,-28482967.255132,0.227746,-73.547568
469999.968750,8855685.048458,-28242782.371512,0.225826,-73.546783
470999.937500,8843705.967599,-28369457.648012,0.226722,-73.641901
471999.937500,8803476.653392,-28172953.144543,0.225199,-73.602931
472999.968750,8784753.128698,-28320577.523669,0.226232,-73.722546
473999.968750,8746090.989630,-28107951.416296,0.224595,-73.671809
475000.000000,8739372.413076,-28255519.258544,0.225655,-73.769175
475999.937500,8669732.971726,-28042870.450893,0.223948,-73.776387
476999.968750,8664764.256334,-27872755.152012,0.222697,-73.734759
477999.968750,8618980.368657,-27668312.277612,0.221104,-73.701207
479000.000000,8631686.676647,-27848034.088323,0.222442,-73.782413
479999.937500,8565030.001499,-27640347.185907,0.220778,-73.786730
480999.937500,8556065.303759,-27815202.287218,0.222033,-73.905490
481999.968750,8519806.230422,-27631728.984940,0.220614,-73.867273
482999.968750,8508284.956193,-27820663.016616,0.221966,-73.998596
484000.000000,8457818.984871,-27632006.904690,0.220477,-73.984887
484999.937500,8451654.345455,-27466979.924242,0.219259,-73.900338
485999.968750,8406168.089666,-27597187.448328,0.220108,-74.062738
486999.968750,8381524.949772,-27445202.849315,0.218944,-74.021383
488000.000000,8332280.057927,-27259306.234756,0.217477,-74.006914
488999.937500,8321093.181679,-27094471.929771,0.216250,-73.931135
489999.937500,8313821.937213,-27262054.033691,0.217456,-74.044015
490999.968750,8246500.424847,-27111776.952454,0.216210,-74.085582
491999.968750,8261348.560676,-26953519.807988,0.215088,-73.963108
492999.937500,8217398.092450,-27135792.117103,0.216321,-74.155972
493999.937500,8205898.549383,-26988213.512346,0.215218,-74.091447
494999.968750,8176356.239938,-27169170.410217,0.216474,-74.254833
495999.968750,8162481.268217,-27032187.655814,0.215443,-74.201693
497000.000000,8117431.740683,-26845185.895963,0.213978,-74.179365
497999.937500,8112900.381620,-27086161.507788,0.215728,-74.329492
498999.968750,8075117.934477,-26914267.106084,0.214389,-74.302724
499999.968750,8046323.189063,-26735744.781250,0.213022,-74.254041
