Barrido en f -> f_inicial:1000, f_final:1000000, step: 1000
Parametros -> N:32, Modo:1,	Fuente:1
Formato -> f,x,y,r,phi

1000.000000,121671994.184570,-19857.679688,0.928312,-0.000876
2000.000000,121644010.021484,-14254.568359,0.928098,0.010236
3000.000000,121648393.350586,-56368.027344,0.928132,-0.001124
4000.000000,121643042.343750,-162227.633789,0.928092,-0.042513
5000.000000,121582336.469727,-367136.992188,0.927632,-0.130642
6000.000000,121527723.834961,-688180.305664,0.927226,-0.273602
7000.000000,121476133.831055,-1143459.062500,0.926859,-0.479994
8000.000000,121396917.974609,-1671401.544922,0.926301,-0.721023
9000.000000,121309523.566406,-2280838.405273,0.925710,-1.000890
10000.000000,121198611.320312,-2971619.115234,0.924978,-1.319819
11000.000000,121073994.757812,-3716445.980469,0.924185,-1.665000
12000.000000,120937377.615234,-4493725.976562,0.923344,-2.026340
13000.000000,120769598.576172,-5291008.370117,0.922311,-2.398461
14000.000000,120603948.858398,-6179143.471680,0.921370,-2.814406
15000.000000,120421223.802734,-6991743.590820,0.920316,-3.195853
16000.000000,120194123.520508,-7871709.408203,0.919001,-3.611549
17003.676471,119993373.950195,-8733916.741211,0.917927,-4.019043
18002.717391,119766541.351562,-9620230.650391,0.916717,-4.439972
19003.378378,119503611.532227,-10518919.913086,0.915293,-4.869409
20000.000000,119238146.336914,-11413609.875977,0.913901,-5.298413
20996.093750,118957919.886719,-12308527.727539,0.912450,-5.729506
22007.042254,118662285.322266,-13223707.078125,0.910953,-6.172522
23003.472222,118341265.962891,-14113753.531250,0.909298,-6.606377
24003.623188,118005054.388672,-15032883.113281,0.907611,-7.056667
25000.000000,117666866.296875,-15920759.681641,0.905935,-7.493880
25974.025974,117318687.818359,-16815358.050781,0.904245,-7.936520
26988.636364,116944079.495117,-17689429.310547,0.902390,-8.372966
27994.791667,116572133.751953,-18556279.097656,0.900600,-8.807502
28985.507246,116147888.475586,-19467380.436523,0.898526,-9.269219
30000.000000,115752854.132812,-20309500.775391,0.896642,-9.697573
30776.515152,115423436.689453,-21000841.528320,0.895096,-10.049444
31994.047619,114895887.944336,-22017886.904297,0.892564,-10.577375
32986.111111,114453096.660156,-22874755.208984,0.890504,-11.022888
34007.352941,113987977.682617,-23701278.996094,0.888287,-11.458155
35000.000000,113508292.221680,-24586924.343750,0.886110,-11.925602
36005.434783,113038353.643555,-25340339.609375,0.883846,-12.330496
37006.578947,112541951.636719,-26154040.663086,0.881535,-12.769622
38006.756757,112046081.405273,-26968074.295898,0.879283,-13.211262
39062.500000,111503440.589844,-27765282.885742,0.876708,-13.652624
40000.000000,111029991.350586,-28493312.350586,0.874567,-14.054468
41015.625000,110490119.542969,-29303244.448242,0.872142,-14.506280
41992.187500,109962134.249023,-29990856.203125,0.869614,-14.899991
42968.750000,109426274.938477,-30701755.626953,0.867120,-15.308472
43981.481481,108867298.431641,-31486720.167969,0.864659,-15.758408
45000.000000,108299806.571289,-32205608.528320,0.862048,-16.180180
46006.944444,107726385.311523,-32886780.319336,0.859359,-16.586968
46875.000000,107227322.877930,-33472752.882812,0.857039,-16.938569
47991.071429,106579796.263672,-34258346.270508,0.854140,-17.412769
48986.486486,105981479.014648,-34949715.593750,0.851432,-17.836314
50000.000000,105392284.360352,-35590309.868164,0.848715,-18.236287
50986.842105,104801621.252930,-36196782.495117,0.845946,-18.622094
52083.333333,104135836.998047,-36885855.208984,0.842887,-19.064190
52989.130435,103587589.191406,-37455159.589844,0.840412,-19.430149
53977.272727,102974173.374023,-38092488.099609,0.837687,-19.843441
55000.000000,102332984.873047,-38704405.196289,0.834741,-20.251847
55989.583333,101730102.888672,-39234031.110352,0.831886,-20.615673
56985.294118,101096647.643555,-39788431.255859,0.828918,-21.000218
58035.714286,100446480.484375,-40365893.017578,0.825937,-21.402331
59027.777778,99817748.129883,-40911064.618164,0.823056,-21.786916
60000.000000,99202840.896484,-41451887.187500,0.820299,-22.169434
61011.904762,98548418.301758,-42022746.501953,0.817393,-22.577836
61553.030303,98208390.133789,-42305090.523438,0.815857,-22.779947
63476.562500,96983152.333984,-43194702.900391,0.810018,-23.473711
63988.095238,96657837.818359,-43428766.917969,0.808481,-23.652875
65000.000000,95997613.171875,-43904162.785156,0.805391,-24.026303
65972.222222,95378659.091797,-44343220.867188,0.802505,-24.375511
66964.285714,94749508.928711,-44793877.375977,0.799618,-24.735729
68014.705882,94057392.040039,-45285242.013672,0.796467,-25.133467
69010.416667,93408147.875000,-45743591.288086,0.793538,-25.507429
70000.000000,92549757.562500,-46317529.514648,0.789612,-25.993498
71022.727273,92075918.647461,-46574229.488281,0.787263,-26.230164
72010.869565,91474933.150391,-46924921.506836,0.784391,-26.546940
72916.666667,90850642.921875,-47271776.078125,0.781374,-26.870656
74013.157895,90176098.710938,-47653574.239258,0.778169,-27.227241
75000.000000,89530277.514648,-48000810.431641,0.775065,-27.562499
76086.956522,88609237.178711,-48505960.833984,0.770722,-28.053569
76923.076923,88294743.146484,-48673328.623047,0.769233,-28.214295
78125.000000,87515815.783203,-49071012.902344,0.765514,-28.619172
79044.117647,86929727.507812,-49379398.083984,0.762776,-28.929446
80000.000000,86275458.527344,-49735187.773438,0.759792,-29.285006
80965.909091,85695797.506836,-50047840.115234,0.757163,-29.599960
82031.250000,85003320.785156,-50377691.832031,0.753886,-29.958833
82880.434783,84391879.659180,-50628447.667969,0.750859,-30.257808
83984.375000,83787030.218750,-50853203.033203,0.747794,-30.543140
85069.444444,83109123.138672,-51110415.520508,0.744403,-30.870297
85937.500000,82575005.138672,-51317311.398438,0.741767,-31.131304
86956.521739,81865518.639648,-51586805.431641,0.738269,-31.479668
88068.181818,81241230.658203,-51808230.899414,0.735151,-31.780861
88942.307692,80686320.737305,-52015780.051758,0.732441,-32.055086
90073.529412,79997682.491211,-52282543.173828,0.729142,-32.404734
90909.090909,79479143.666992,-52445066.993164,0.726516,-32.648611
92013.888889,78802603.594727,-52685549.679688,0.723231,-32.986284
92329.545455,78615412.607422,-52744550.989258,0.722295,-33.070998
93750.000000,77757998.541992,-53028851.968750,0.718092,-33.496266
95238.095238,76809378.102539,-53346916.201172,0.713506,-33.976443
95982.142857,76413090.726562,-53478298.401367,0.711599,-34.173141
97039.473684,75762940.114258,-53706032.252930,0.708544,-34.509610
97916.666667,75243349.220703,-53866293.933594,0.706025,-34.769057
98958.333333,74621100.438477,-54030763.100586,0.702905,-35.068501
100000.000000,74031806.068359,-54138474.094727,0.699753,-35.331045
100961.538462,73488302.104492,-54232049.527344,0.696834,-35.570328
101973.684211,72436045.797852,-54425350.505859,0.691275,-36.055622
102941.176471,72080567.969727,-54503983.391602,0.689471,-36.222515
104166.666667,71649070.666992,-54587792.297852,0.687235,-36.422066
104910.714286,71229984.922852,-54661315.949219,0.685036,-36.612776
105902.777778,70559557.019531,-54783045.067383,0.681554,-36.927652
106907.894737,70106430.142578,-54873016.011719,0.679249,-37.144715
107954.545455,69527842.754883,-54950951.878906,0.676147,-37.405770
109375.000000,68706068.419922,-55088789.965820,0.671897,-37.799862
110294.117647,68245729.762695,-55158022.855469,0.669492,-38.013623
111111.111111,67811250.948242,-55227056.087891,0.667250,-38.219625
111979.166667,67348784.597656,-55293545.124023,0.664839,-38.437309
112980.769231,66820020.620117,-55356441.029297,0.662032,-38.682573
113970.588235,65805541.855469,-55466051.581055,0.656629,-39.161111
115234.375000,65633050.320312,-55490124.893555,0.655742,-39.238798
116071.428571,65214425.206055,-55533082.325195,0.653519,-39.432687
117187.500000,64638060.596680,-55598375.831055,0.650502,-39.710019
118055.555556,64151600.716797,-55666954.779297,0.648035,-39.949941
119140.625000,63536677.541016,-55736621.131836,0.644849,-40.249510
120192.307692,63096802.985352,-55781314.752930,0.642556,-40.462140
121093.750000,62636493.942383,-55863175.516602,0.640345,-40.702514
121875.000000,62226367.677734,-55905140.563477,0.638227,-40.903105
123046.875000,61568658.361328,-55948014.970703,0.634723,-41.219850
123046.875000,61578893.949219,-55944273.066406,0.634761,-41.205115
125000.000000,60719712.202148,-55932164.502930,0.629862,-41.591670
126953.125000,59786386.160156,-55886584.551758,0.624406,-42.000470
126953.125000,59785386.469727,-55882035.944336,0.624376,-41.990113
128125.000000,59235343.517578,-55858062.584961,0.621192,-42.235644
128906.250000,58863363.343750,-55855136.075195,0.619115,-42.405591
129807.692308,58438591.308594,-55842696.431641,0.616702,-42.597563
131250.000000,57778418.370117,-55819923.748047,0.612950,-42.902072
131944.444444,57452324.046875,-55806956.317383,0.611094,-43.048299
132812.500000,57064101.848633,-55796086.665039,0.608915,-43.229911
133928.571429,56566458.542969,-55779942.987305,0.606119,-43.463058
134615.384615,55984639.483398,-55754950.527344,0.602832,-43.739204
136160.714286,55455719.872070,-55707343.259766,0.599722,-43.976939
137019.230769,55189043.576172,-55691966.513672,0.598205,-44.099712
138020.833333,54754738.733398,-55656898.922852,0.595686,-44.297956
138888.888889,54368294.825195,-55636804.315430,0.593513,-44.482844
139423.076923,54146700.332031,-55616438.348633,0.592221,-44.581587
140625.000000,53625391.399414,-55576190.973633,0.589232,-44.827399
142045.454545,53043870.559570,-55526170.848633,0.585884,-45.105748
142857.142857,52699693.108398,-55479298.547852,0.583814,-45.259768
144230.769231,52153709.015625,-55426781.277344,0.580661,-45.522366
145089.285714,51778028.708008,-55381744.049805,0.578450,-45.697503
145833.333333,51366644.708984,-55334737.612305,0.576048,-45.892768
146875.000000,51068364.889648,-55297594.595703,0.574294,-46.031399
147727.272727,50730286.055664,-55252852.958984,0.572295,-46.189272
149038.461538,49739591.331055,-55123118.059570,0.566475,-46.675950
150000.000000,49845437.442383,-55137056.936523,0.567096,-46.613667
151041.666667,49437006.081055,-55076497.180664,0.564667,-46.807757
151785.714286,49112870.573242,-55023408.225586,0.562715,-46.961509
153125.000000,48649347.544922,-54960558.555664,0.560007,-47.189539
153846.153846,48322936.364258,-54904731.930664,0.558040,-47.342641
153846.153846,48323102.206055,-54895717.793945,0.557989,-47.328360
156250.000000,47489205.229492,-54765305.773438,0.553054,-47.748596
156250.000000,47501575.598633,-54782255.382812,0.553213,-47.740234
158854.166667,46453448.658203,-54631416.436523,0.547131,-48.287427
159090.909091,46210810.524414,-54592007.181641,0.545704,-48.405061
160156.250000,46080926.680664,-54581210.287109,0.545001,-48.472238
160714.285714,45849351.548828,-54566836.888672,0.543779,-48.596788
161931.818182,45410059.335938,-54506282.666016,0.541274,-48.830044
163194.444444,44920526.398438,-54443027.114258,0.538519,-49.091986
164062.500000,44625040.047852,-54367879.652344,0.536643,-49.231598
165178.571429,44275543.895508,-54266260.260742,0.534355,-49.389081
165625.000000,44141733.202148,-54220183.893555,0.533437,-49.442896
166666.666667,43809820.339844,-54099037.385742,0.531123,-49.584445
167968.750000,43411490.609375,-53944422.986328,0.528296,-49.748901
168750.000000,43173182.942383,-53844843.631836,0.526565,-49.843651
170138.888889,42718861.018555,-53705975.501953,0.523574,-50.059438
170454.545455,42604325.895508,-53657110.732422,0.522739,-50.101247
171875.000000,42159180.557617,-53516338.275391,0.519790,-50.313025
173295.454545,41607888.174805,-53334868.327148,0.516105,-50.572865
174107.142857,41458475.421875,-53302496.035156,0.515210,-50.647917
175000.000000,41124869.325195,-53198909.377930,0.513025,-50.810015
176136.363636,40405758.063477,-52972339.339844,0.508313,-51.171952
177083.333333,40540362.486328,-53011454.276367,0.509173,-51.092154
178125.000000,40228830.171875,-52916197.755859,0.507154,-51.247213
178977.272727,39939126.668945,-52831827.520508,0.505306,-51.394096
179687.500000,39770632.384766,-52757681.193359,0.504080,-51.463324
181250.000000,39295141.263672,-52616793.225586,0.501043,-51.711953
181818.181818,39091391.718750,-52535129.118164,0.499614,-51.803283
183035.714286,38802189.173828,-52428782.422852,0.497648,-51.942474
184027.777778,38510845.030273,-52325094.805664,0.495691,-52.085648
184659.090909,38335815.121094,-52276171.389648,0.494600,-52.175549
184659.090909,38334493.810547,-52257858.085938,0.494481,-52.162346
187500.000000,37540551.706055,-51979352.128906,0.489198,-52.577990
187500.000000,37545028.251953,-51987709.982422,0.489270,-52.569790
187500.000000,37553700.403320,-51986184.433594,0.489299,-52.553271
190625.000000,36609131.547852,-51631119.424805,0.482902,-53.048658
190972.222222,36593645.147461,-51623677.683594,0.482787,-53.051381
191964.285714,36341590.971680,-51536361.528320,0.481133,-53.182614
192708.333333,36150203.965820,-51461098.624023,0.479823,-53.275758
193750.000000,35880262.440430,-51342795.100586,0.477902,-53.405646
195312.500000,35472760.900391,-51152209.331055,0.474932,-53.607585
196428.571429,35191340.104492,-51050104.765625,0.473070,-53.757372
196875.000000,35059472.806641,-51004822.209961,0.472215,-53.823819
197916.666667,34818597.339844,-50884729.355469,0.470420,-53.939886
199218.750000,34502107.180664,-50767991.563477,0.468324,-54.111700
200000.000000,34305718.478516,-50680700.547852,0.466932,-54.212555
200892.857143,34088715.297852,-50591704.979492,0.465442,-54.323823
201388.888889,33971467.761719,-50545320.097656,0.464649,-54.380123
203125.000000,33558993.973633,-50354167.070312,0.461687,-54.597861
204861.111111,33154987.621094,-50181271.008789,0.458883,-54.815783
204861.111111,33153381.518555,-50166982.357422,0.458786,-54.804000
206250.000000,32827475.655273,-50023145.401367,0.456502,-54.977217
207031.250000,32653980.497070,-49949921.006836,0.455309,-55.072249
208333.333333,32346615.497070,-49818004.937500,0.453186,-55.239354
208333.333333,32321991.666016,-49784423.798828,0.452868,-55.235863
209821.428571,32028839.282227,-49647582.988281,0.450777,-55.390386
210937.500000,31781928.951172,-49539551.796875,0.449064,-55.529467
211805.555556,31490393.951172,-49390324.864258,0.446907,-55.678777
212500.000000,31397006.291016,-49349108.048828,0.446259,-55.728202
214285.714286,31046793.539062,-49168100.039062,0.443662,-55.917565
214843.750000,30928463.270508,-49101670.706055,0.442751,-55.969119
215277.777778,30464131.240234,-48891962.763672,0.439515,-56.242562
215277.777778,30463053.898438,-48880412.276367,0.439436,-56.224929
218750.000000,30088951.697266,-48694589.012695,0.436726,-56.438059
218750.000000,30095105.766602,-48687357.216797,0.436704,-56.422673
218750.000000,30092414.046875,-48686492.333008,0.436687,-56.411699
222222.222222,29355646.064453,-48312560.540039,0.431317,-56.841174
222222.222222,29358954.568359,-48328072.752930,0.431432,-56.839954
223214.285714,29215692.720703,-48212196.755859,0.430109,-56.890081
223958.333333,29072407.656250,-48170040.923828,0.429268,-56.985971
225000.000000,28865380.222656,-48043185.340820,0.427624,-57.093459
225694.444444,28724052.562500,-47974919.981445,0.426623,-57.174820
226562.500000,28583668.186523,-47883229.600586,0.425473,-57.236537
227678.571429,28359298.738281,-47781426.208984,0.423930,-57.374500
229166.666667,28068747.514648,-47604944.641602,0.421642,-57.533219
230468.750000,27840353.679688,-47476245.433594,0.419912,-57.662996
231250.000000,27691816.026367,-47398549.417969,0.418828,-57.748669
232142.857143,27539013.993164,-47291752.803711,0.417537,-57.816158
232142.857143,27526452.790039,-47315413.060547,0.417645,-57.832784
234375.000000,27126292.342773,-47082793.090820,0.414579,-58.066911
234375.000000,27155806.974609,-47109218.834961,0.414866,-58.046560
236607.142857,26748496.906250,-46908997.268555,0.411995,-58.307534
236607.142857,26756102.206055,-46903686.849609,0.411989,-58.290319
238281.250000,26357835.547852,-46731756.010742,0.409349,-58.553789
239583.333333,26180404.171875,-46687441.662109,0.408390,-58.688336
239583.333333,26172671.872070,-46668472.640625,0.408235,-58.677985
241071.428571,25899697.107422,-46557511.993164,0.406481,-58.867976
242187.500000,25667623.267578,-46480421.888672,0.405108,-59.038632
243750.000000,25312631.899414,-46326954.069336,0.402778,-59.287583
243750.000000,25329674.279297,-46309881.154297,0.402726,-59.254590
244791.666667,25130449.737305,-46192344.759766,0.401210,-59.375651
246093.750000,24898947.958008,-46076555.709961,0.399592,-59.529594
246093.750000,24887628.702148,-46068716.375977,0.399498,-59.528358
246093.750000,24887731.722656,-46068338.480469,0.399496,-59.519945
250000.000000,24421878.455078,-45630038.136719,0.394868,-59.734888
250000.000000,24405029.688477,-45646414.973633,0.394917,-59.751642
250000.000000,24433409.333008,-45640953.326172,0.394983,-59.704409
253906.250000,23917647.345703,-45130180.228516,0.389693,-59.935628
253906.250000,23941888.992188,-45120179.893555,0.389712,-59.897840
253906.250000,23901017.167969,-45118014.341797,0.389552,-59.928641
255208.333333,23741070.938477,-44966257.663086,0.387958,-59.999212
256250.000000,23560972.816406,-44805650.914062,0.386233,-60.094600
256250.000000,23569547.470703,-44820223.772461,0.386362,-60.084974
257812.500000,23324956.100586,-44628153.441406,0.384197,-60.220796
258928.571429,23148452.519531,-44510738.923828,0.382781,-60.328477
260416.666667,22915783.188477,-44295345.729492,0.380504,-60.442528
260416.666667,22917190.532227,-44328207.564453,0.380732,-60.449431
262500.000000,22623974.646484,-44097275.032227,0.378141,-60.618868
263392.857143,22509141.085938,-44016246.754883,0.377192,-60.685267
263392.857143,22511336.970703,-44008210.839844,0.377145,-60.669536
265625.000000,22184861.501953,-43787929.932617,0.374517,-60.882412
265625.000000,22179133.123047,-43774810.589844,0.374408,-60.872077
267857.142857,21879139.175781,-43566640.024414,0.371959,-61.066557
267857.142857,21871776.518555,-43546982.590820,0.371800,-61.054385
268750.000000,21750910.926758,-43468115.035156,0.370848,-61.130362
270833.333333,21464962.102539,-43226637.248047,0.368226,-61.305666
270833.333333,21476290.176758,-43238081.875000,0.368343,-61.289967
272321.428571,21220524.455078,-43057112.025391,0.366240,-61.457516
273437.500000,21152542.371094,-42987141.383789,0.365532,-61.483586
273437.500000,21157424.647461,-42988733.307617,0.365559,-61.469240
275000.000000,20922433.973633,-42838084.139648,0.363738,-61.632651
276041.666667,20817936.129883,-42748224.771484,0.362772,-61.688158
276785.714286,20409949.551758,-42425074.602539,0.359197,-61.962381
276785.714286,20435852.900391,-42439409.053711,0.359381,-61.931337
276785.714286,20429920.766602,-42447066.723633,0.359414,-61.931580
281250.000000,20146573.472656,-42246766.578125,0.357102,-62.127401
281250.000000,20172382.403320,-42216344.803711,0.356977,-62.072357
281250.000000,20138879.618164,-42225091.292969,0.356927,-62.103427
281250.000000,20143590.597656,-42225498.000000,0.356946,-62.098433
285714.285714,19578919.016602,-41777587.122070,0.352015,-62.481190
285714.285714,19568375.538086,-41778933.076172,0.351990,-62.482994
285714.285714,19597515.071289,-41754422.926758,0.351915,-62.426441
287500.000000,19410841.448242,-41614582.148438,0.350345,-62.552206
287500.000000,19412481.369141,-41649403.038086,0.350591,-62.568706
289062.500000,19239602.697266,-41492779.704102,0.348951,-62.671061
290178.571429,19101922.107422,-41374732.674805,0.347693,-62.754515
291666.666667,18874976.342773,-41196376.138672,0.345733,-62.909260
291666.666667,18868622.631836,-41188236.880859,0.345656,-62.912278
293750.000000,18705186.599609,-41065493.233398,0.344286,-63.024674
293750.000000,18717913.166992,-41017311.957031,0.343992,-62.973108
293750.000000,18711582.236328,-41055035.220703,0.344234,-62.988739
296875.000000,18362253.723633,-40757728.953125,0.341068,-63.238127
296875.000000,18356402.487305,-40780444.978516,0.341207,-63.245236
296875.000000,18373413.568359,-40789119.057617,0.341321,-63.218140
300000.000000,18025675.372070,-40487267.660156,0.338135,-63.467771
300000.000000,18028140.000000,-40508131.875977,0.338288,-63.463927
300000.000000,18009709.190430,-40482156.225586,0.338050,-63.460032
302083.333333,17787123.364258,-40275911.720703,0.335923,-63.603467
302083.333333,17766390.948242,-40267778.645508,0.335802,-63.623879
304687.500000,17557309.501953,-40073303.268555,0.333802,-63.759348
304687.500000,17556765.190430,-40053641.929688,0.333663,-63.737305
306250.000000,17368016.640625,-39904363.124023,0.332043,-63.886001
307291.666667,17297466.691406,-39842921.482422,0.331398,-63.926511
307291.666667,17292624.896484,-39849722.934570,0.331431,-63.923344
307291.666667,17305597.517578,-39826927.362305,0.331311,-63.895668
312500.000000,16818762.140625,-39394678.561523,0.326813,-64.249790
312500.000000,16739535.242188,-39388483.247070,0.326532,-64.331239
312500.000000,16790726.911133,-39391400.962891,0.326706,-64.269724
312500.000000,16782741.455078,-39381390.685547,0.326612,-64.261332
312500.000000,16809083.748047,-39383179.398438,0.326703,-64.216746
312500.000000,16773891.965820,-39402461.706055,0.326733,-64.270179
317708.333333,16240170.019531,-38870696.118164,0.321412,-64.641578
317708.333333,16239451.992188,-38852431.462891,0.321282,-64.619540
317708.333333,16210835.322266,-38866992.734375,0.321300,-64.663104
318750.000000,16203279.162109,-38821341.755859,0.320956,-64.635175
320312.500000,16082016.962891,-38691284.549805,0.319685,-64.719699
320312.500000,16050334.936523,-38689123.326172,0.319577,-64.744955
322916.666667,15782949.416016,-38430578.644531,0.316975,-64.935173
322916.666667,15788938.026367,-38443474.234375,0.317083,-64.934290
325000.000000,15665450.167969,-38265424.293945,0.315469,-64.984940
325000.000000,15638494.059570,-38272466.833984,0.315441,-65.009162
325000.000000,15627883.592773,-38274972.315430,0.315428,-65.024088
328125.000000,15376430.678711,-38035713.480469,0.313015,-65.208708
328125.000000,15350749.887695,-38059038.126953,0.313106,-65.254155
328125.000000,15367512.178711,-38032551.111328,0.312967,-65.204264
331250.000000,15105222.254883,-37735826.821289,0.310120,-65.375885
331250.000000,15112615.783203,-37732664.333008,0.310118,-65.364552
331250.000000,15107641.997070,-37746766.752930,0.310204,-65.363810
333333.333333,14880572.249023,-37552932.563477,0.308189,-65.560676
333333.333333,14943252.801758,-37565653.001953,0.308456,-65.469940
335937.500000,14741557.446289,-37393837.685547,0.306670,-65.646567
335937.500000,14707755.623047,-37369867.635742,0.306406,-65.663944
337500.000000,14583553.995117,-37217142.533203,0.304975,-65.734329
337500.000000,14573593.296875,-37232149.481445,0.305054,-65.755465
338541.666667,14516459.296875,-37155092.566406,0.304347,-65.776276
338541.666667,14507474.183594,-37161447.619141,0.304368,-65.791618
338541.666667,14499080.544922,-37147734.983398,0.304247,-65.780259
343750.000000,14110651.935547,-36746122.042969,0.300319,-66.094416
343750.000000,14111792.477539,-36734583.347656,0.300240,-66.071248
343750.000000,14131499.193359,-36752847.484375,0.300424,-66.054010
343750.000000,14107185.281250,-36731427.712891,0.300205,-66.060100
343750.000000,14128302.406250,-36723516.963867,0.300207,-66.011329
350000.000000,13507849.908203,-36124550.222656,0.294255,-66.552124
350000.000000,13515102.495117,-36101112.239258,0.294107,-66.513716
350000.000000,13484845.451172,-36098106.759766,0.294005,-66.554283
350000.000000,13516720.008789,-36146992.876953,0.294439,-66.519064
351562.500000,13513618.542969,-36135140.713867,0.294346,-66.517213
351562.500000,13521791.652344,-36159033.621094,0.294539,-66.501807
354166.666667,13297603.124023,-35868992.549805,0.291868,-66.664161
354166.666667,13300677.194336,-35902793.846680,0.292118,-66.660782
354166.666667,13298282.070312,-35863785.869141,0.291833,-66.643848
356250.000000,13204586.239258,-35738317.275391,0.290687,-66.693529
356250.000000,13214227.887695,-35775643.783203,0.290979,-66.699377
359375.000000,12996607.043945,-35538248.119141,0.288706,-66.866913
359375.000000,12978754.355469,-35512193.815430,0.288473,-66.878761
359375.000000,12949906.231445,-35552936.622070,0.288690,-66.923753
362500.000000,12768647.774414,-35288599.136719,0.286322,-67.045659
362500.000000,12726108.144531,-35274632.583984,0.286111,-67.082106
362500.000000,12780245.485352,-35283951.879883,0.286319,-67.009182
364583.333333,12619598.234375,-35094047.080078,0.284540,-67.124267
364583.333333,12610679.162109,-35048207.220703,0.284188,-67.113317
367187.500000,12460744.408203,-34969400.731445,0.283236,-67.272073
367187.500000,12490185.829102,-34958326.384766,0.283232,-67.223531
368750.000000,12370667.192383,-34825462.037109,0.281971,-67.310699
368750.000000,12350065.564453,-34799842.969727,0.281734,-67.327516
368750.000000,12360300.530273,-34812790.843750,0.281853,-67.301043
368750.000000,12347771.176758,-34825649.644531,0.281914,-67.326024
375000.000000,11979302.247070,-34359249.590820,0.277624,-67.627453
375000.000000,11990050.940430,-34390129.108398,0.277874,-67.609037
375000.000000,11951604.330078,-34379040.203125,0.277697,-67.660440
375000.000000,11964466.359375,-34381596.849609,0.277748,-67.623980
375000.000000,11960864.950195,-34396776.188477,0.277848,-67.637181
375000.000000,11936170.943359,-34374558.250977,0.277626,-67.643537
375000.000000,12002489.121094,-34396859.989258,0.277953,-67.556511
381250.000000,11521866.582031,-33882329.796875,0.273047,-67.992540
381250.000000,11532470.200195,-33895966.248047,0.273172,-67.983501
381250.000000,11525372.896484,-33892707.745117,0.273131,-67.973241
381250.000000,11523237.142578,-33886399.694336,0.273080,-67.973227
382812.500000,11469832.019531,-33850801.699219,0.272692,-68.035911
382812.500000,11492596.673828,-33846401.520508,0.272716,-67.979520
385416.666667,11333690.728516,-33608152.286133,0.270606,-68.098849
385416.666667,11304454.688477,-33637812.930664,0.270749,-68.139079
387500.000000,11027016.461914,-33292389.529297,0.267579,-68.388959
387500.000000,11021035.958984,-33279000.025391,0.267468,-68.371312
387500.000000,11049008.957031,-33306337.352539,0.267733,-68.341986
390625.000000,11024475.420898,-33285507.089844,0.267523,-68.369320
390625.000000,11049484.690430,-33310522.473633,0.267764,-68.323110
390625.000000,11043086.726562,-33314786.932617,0.267780,-68.335215
393750.000000,10822228.074219,-33063278.233398,0.265430,-68.529616
393750.000000,10853281.792969,-33048395.649414,0.265396,-68.473376
395833.333333,10746997.722656,-32914936.030273,0.264176,-68.571568
395833.333333,10747183.636719,-32921430.534180,0.264223,-68.553814
395833.333333,10757871.901367,-32941694.202148,0.264396,-68.547411
398437.500000,10638070.771484,-32794169.761719,0.263043,-68.639507
398437.500000,10630934.077148,-32775139.562500,0.262888,-68.641031
400000.000000,10511947.238281,-32656290.280273,0.261746,-68.768820
400000.000000,10493321.831055,-32667839.689453,0.261786,-68.783015
400000.000000,10502560.962891,-32646803.239258,0.261655,-68.757569
400000.000000,10484233.822266,-32649865.273438,0.261634,-68.766696
406250.000000,10208502.531250,-32274328.003906,0.258266,-69.016727
406250.000000,10199679.882812,-32285970.653320,0.258330,-69.036904
406250.000000,10208538.406250,-32310766.947266,0.258531,-69.013385
406250.000000,10213591.774414,-32303890.194336,0.258492,-69.001732
406250.000000,10216152.450195,-32305016.637695,0.258506,-68.976030
406250.000000,10209739.994141,-32310120.100586,0.258529,-68.988971
406250.000000,10231989.040039,-32304512.541016,0.258539,-68.950242
414062.500000,9820379.212891,-31811438.423828,0.254011,-69.346903
414062.500000,9838145.629883,-31811812.833008,0.254054,-69.317882
414062.500000,9829730.839844,-31816244.007812,0.254067,-69.311244
414062.500000,9823321.679688,-31813128.562500,0.254030,-69.320199
414062.500000,9813650.391602,-31810642.077148,0.253990,-69.334841
416666.666667,9689038.767578,-31620698.145508,0.252326,-69.421107
416666.666667,9687262.570312,-31604658.626953,0.252205,-69.415906
416666.666667,9684302.973633,-31615232.147461,0.252275,-69.426179
416666.666667,9700863.102539,-31622058.200195,0.252362,-69.378889
421875.000000,9430601.928711,-31351519.877930,0.249788,-69.692218
421875.000000,9450828.507812,-31352604.269531,0.249840,-69.658873
421875.000000,9466887.564453,-31337405.264648,0.249765,-69.600651
421875.000000,9479804.498047,-31323119.502930,0.249689,-69.571769
421875.000000,9462306.694336,-31345056.809570,0.249810,-69.588249
427083.333333,9201050.804688,-31004908.545898,0.246753,-69.857199
427083.333333,9228047.926758,-31011236.333008,0.246857,-69.814553
427083.333333,9229586.209961,-31003938.880859,0.246807,-69.783986
427083.333333,9221544.366211,-31005792.339844,0.246804,-69.798575
429687.500000,9123030.577148,-30862485.758789,0.245542,-69.893956
429687.500000,9094009.804688,-30887093.563477,0.245659,-69.931297
429687.500000,9121868.592773,-30861945.064453,0.245535,-69.871070
429687.500000,9127007.932617,-30878039.932617,0.245664,-69.870418
429687.500000,9113575.435547,-30869933.944336,0.245576,-69.864326
437500.000000,8762935.147461,-30392004.396484,0.241326,-70.228380
437500.000000,8749610.206055,-30400266.844727,0.241358,-70.255716
437500.000000,8744645.327148,-30415448.892578,0.241459,-70.246684
437500.000000,8768280.590820,-30404147.267578,0.241426,-70.199898
437500.000000,8758202.756836,-30404082.149414,0.241404,-70.217401
437500.000000,8764994.143555,-30411866.752930,0.241476,-70.183865
437500.000000,8739458.115234,-30407488.738281,0.241390,-70.226106
437500.000000,8771265.086914,-30392885.954102,0.241350,-70.163430
445312.500000,8469484.408203,-30025160.604492,0.238020,-70.482715
445312.500000,8447318.859375,-30029100.664062,0.238003,-70.523864
445312.500000,8482099.467773,-30030263.057617,0.238084,-70.462965
445312.500000,8479361.118164,-30074709.450195,0.238405,-70.463609
445312.500000,8486459.256836,-30012386.110352,0.237962,-70.419989
447916.666667,8422812.923828,-29809259.730469,0.236338,-70.431041
447916.666667,8363425.051758,-29850558.729492,0.236519,-70.530716
447916.666667,8404405.526367,-29818897.374023,0.236371,-70.441937
447916.666667,8298427.564453,-29856619.247070,0.236430,-70.649463
453125.000000,8180879.073242,-29637483.473633,0.234579,-70.724073
453125.000000,8283691.356445,-29570289.038086,0.234296,-70.505796
453125.000000,8175537.956055,-29614924.054688,0.234403,-70.722480
453125.000000,8187812.986328,-29618508.765625,0.234454,-70.674718
453125.000000,8190747.335938,-29638816.349609,0.234609,-70.679530
458333.333333,8022892.819336,-29314925.727539,0.231887,-70.821895
458333.333333,8021167.181641,-29266032.261719,0.231524,-70.800668
458333.333333,7985100.121094,-29335202.804688,0.231960,-70.872808
458333.333333,8066299.980469,-29364061.426758,0.232336,-70.739649
460937.500000,7935106.722656,-29256673.870117,0.231282,-70.925000
460937.500000,7925158.490234,-29250339.471680,0.231216,-70.911741
460937.500000,7910578.598633,-29225030.216797,0.231000,-70.925847
460937.500000,7944048.372070,-29261265.100586,0.231334,-70.882686
460937.500000,7961918.411133,-29271526.127930,0.231445,-70.826499
468750.000000,7665091.954102,-28986289.273438,0.228756,-71.230789
468750.000000,7672693.221680,-28992497.198242,0.228817,-71.219781
468750.000000,7634921.349609,-28969404.018555,0.228573,-71.278318
468750.000000,7699407.712891,-29017832.433594,0.229056,-71.153751
468750.000000,7646946.103516,-28961573.059570,0.228539,-71.223147
468750.000000,7669920.483398,-29023034.495117,0.229037,-71.210697
468750.000000,7665882.291016,-28971957.839844,0.228652,-71.163667
468750.000000,7677825.655273,-29003441.475586,0.228908,-71.156997
476562.500000,7125051.249023,-28750596.750977,0.225992,-72.065551
476562.500000,7103656.483398,-28720016.042969,0.225726,-72.091523
476562.500000,7092016.006836,-28740335.921875,0.225855,-72.092854
476562.500000,7100429.891602,-28733434.875000,0.225820,-72.073839
476562.500000,7092800.975586,-28752077.414062,0.225944,-72.096822
479166.666667,6932141.886719,-28623540.567383,0.224700,-72.309960
479166.666667,6969672.868164,-28612503.239258,0.224686,-72.233936
479166.666667,6994296.231445,-28640768.197266,0.224940,-72.200441
479166.666667,6950627.313477,-28605307.621094,0.224598,-72.266638
484375.000000,6692707.307617,-28316251.030273,0.221995,-72.594886
484375.000000,6697845.648438,-28318031.810547,0.222017,-72.585847
484375.000000,6684953.500977,-28307294.222656,0.221915,-72.605693
484375.000000,6681330.027344,-28295262.799805,0.221819,-72.575825
484375.000000,6677190.493164,-28331167.767578,0.222079,-72.599998
489583.333333,6430075.173828,-27996100.169922,0.219161,-72.926453
489583.333333,6416070.015625,-27958874.193359,0.218861,-72.937073
489583.333333,6408035.783203,-27912156.633789,0.218499,-72.899983
489583.333333,6378555.799805,-27947603.503906,0.218713,-72.973266
492187.500000,6364628.006836,-27893127.568359,0.218284,-72.976184
492187.500000,6354008.276367,-27837807.389648,0.217855,-72.972265
492187.500000,6363116.981445,-27871269.941406,0.218119,-72.937047
492187.500000,6380843.284180,-27856519.801758,0.218039,-72.895815
492187.500000,6330050.716797,-27864006.937500,0.218009,-72.998447
492187.500000,6384734.744141,-27869308.660156,0.218141,-72.893936
500000.000000,6193287.372070,-27601956.466797,0.215829,-73.118142
500000.000000,6172322.556641,-27616121.384766,0.215899,-73.165842
500000.000000,6186688.194336,-27577807.315430,0.215638,-73.120478
500000.000000,6182462.082031,-27603101.571289,0.215819,-73.140046
500000.000000,6185663.708984,-27618312.780273,0.215938,-73.107084
500000.000000,6215320.353516,-27609113.757812,0.215919,-73.044421
500000.000000,6212998.329102,-27598986.689453,0.215840,-73.044504
507812.500000,6210959.690430,-27307298.395508,0.213666,-72.883608
507812.500000,6207943.534180,-27334312.141602,0.213861,-72.901867
507812.500000,6201942.901367,-27298291.576172,0.213583,-72.897516
507812.500000,6242174.552734,-27289863.438477,0.213589,-72.813397
507812.500000,6206377.110352,-27290113.834961,0.213530,-72.850515
507812.500000,6209751.802734,-27274929.405273,0.213423,-72.836877
510416.666667,6212786.381836,-27108638.657227,0.212191,-72.754728
510416.666667,6219051.782227,-27083787.112305,0.212017,-72.730689
510416.666667,6220550.391602,-27138621.639648,0.212427,-72.752938
510416.666667,6188325.572266,-27152283.159180,0.212474,-72.788849
515625.000000,6192618.501953,-26757612.199219,0.209547,-72.597153
515625.000000,6167163.980469,-26745131.301758,0.209410,-72.643048
515625.000000,6181032.466797,-26747845.542969,0.209454,-72.616116
515625.000000,6169375.213867,-26763404.085938,0.209550,-72.611555
515625.000000,6198398.138672,-26738019.914062,0.209411,-72.540613
520833.333333,6064891.066406,-26381295.233398,0.206530,-72.645386
520833.333333,6017929.995117,-26355060.333984,0.206255,-72.729931
520833.333333,6023951.293945,-26395468.601562,0.206566,-72.700398
520833.333333,6059735.942383,-26367346.973633,0.206417,-72.613260
520833.333333,6041888.762695,-26426606.947266,0.206828,-72.678079
520833.333333,6081643.166016,-26364007.169922,0.206430,-72.566462
520833.333333,6014827.809570,-26371958.975586,0.206375,-72.671415
520833.333333,6047659.170898,-26367213.985352,0.206396,-72.601383
531250.000000,5740584.188477,-25861508.758789,0.202116,-73.004224
531250.000000,5746007.532227,-25850383.134766,0.202042,-72.987552
531250.000000,5743587.180664,-25842770.542969,0.201982,-72.951734
531250.000000,5743840.978516,-25844953.813477,0.201998,-72.952223
531250.000000,5729517.559570,-25848100.339844,0.201998,-72.983960
531250.000000,5751467.001953,-25833006.416016,0.201922,-72.930494
531250.000000,5725029.537109,-25855894.484375,0.202049,-72.997090
531250.000000,5739999.199219,-25860761.406250,0.202110,-72.929768
531250.000000,5754819.011719,-25859052.955078,0.202122,-72.897676
531250.000000,5738030.601562,-25834867.038086,0.201914,-72.921781
541666.666667,5431790.741211,-25349745.996094,0.197799,-73.350039
541666.666667,5433803.886719,-25359924.285156,0.197878,-73.311774
541666.666667,5431843.296875,-25356568.215820,0.197850,-73.314456
541666.666667,5444248.441406,-25338805.569336,0.197738,-73.279413
541666.666667,5440790.783203,-25347307.916992,0.197796,-73.290832
541666.666667,5446490.366211,-25341278.494141,0.197760,-73.275716
541666.666667,5427038.604492,-25367521.599609,0.197924,-73.290611
541666.666667,5459561.991211,-25333821.504883,0.197725,-73.204708
546875.000000,5308759.588867,-25162038.494141,0.196203,-73.452536
546875.000000,5321555.650391,-25132874.893555,0.196006,-73.411184
546875.000000,5299379.425781,-25140227.969727,0.196026,-73.462963
546875.000000,5307503.757812,-25165112.316406,0.196224,-73.416721
546875.000000,5303952.116211,-25138734.569336,0.196022,-73.412332
552083.333333,5171155.790039,-24933881.657227,0.194284,-73.609542
552083.333333,5159561.595703,-24912104.030273,0.194104,-73.625150
552083.333333,5172733.420898,-24907706.927734,0.194091,-73.553430
552083.333333,5161123.087891,-24910561.695312,0.194095,-73.580341
552083.333333,5170711.060547,-24910480.803711,0.194109,-73.559160
552083.333333,5163003.044922,-24911072.072266,0.194101,-73.576428
552083.333333,5178068.261719,-24917272.858398,0.194171,-73.546050
552083.333333,5176880.429688,-24916626.620117,0.194164,-73.506997
562500.000000,4923196.368164,-24547142.030273,0.191015,-73.903428
562500.000000,4932222.839844,-24544275.858398,0.191007,-73.881882
562500.000000,4925468.697266,-24527557.278320,0.190872,-73.889504
562500.000000,4931930.441406,-24536376.431641,0.190948,-73.878975
562500.000000,4915761.738281,-24532810.445312,0.190897,-73.871560
562500.000000,4919387.843750,-24526334.263672,0.190854,-73.860502
562500.000000,4922177.186523,-24530006.246094,0.190885,-73.855892
562500.000000,4917369.615234,-24541402.027344,0.190963,-73.871815
562500.000000,4922839.020508,-24531440.510742,0.190897,-73.855053
562500.000000,4936375.875000,-24529767.860352,0.190905,-73.781048
572916.666667,4683722.874023,-24104835.641602,0.187351,-74.163384
572916.666667,4687477.733398,-24108625.588867,0.187384,-74.156472
572916.666667,4667303.265625,-24080499.281250,0.187144,-74.190192
572916.666667,4647752.995117,-24096392.387695,0.187235,-74.242065
572916.666667,4671733.027344,-24093741.701172,0.187250,-74.142291
572916.666667,4670355.003906,-24092553.879883,0.187239,-74.144922
572916.666667,4668977.839844,-24102338.565430,0.187310,-74.152423
572916.666667,4684602.308594,-24094630.286133,0.187275,-74.113194
578125.000000,4585115.880859,-23957331.779297,0.186103,-74.281041
578125.000000,4591749.011719,-23962816.466797,0.186154,-74.223739
578125.000000,4579507.078125,-23963386.472656,0.186140,-74.252228
578125.000000,4589599.582031,-23933743.093750,0.185933,-74.215838
578125.000000,4567185.064453,-23926845.496094,0.185849,-74.264563
583333.333333,4387801.820312,-23618705.656250,0.183285,-74.547027
583333.333333,4414693.765625,-23623332.950195,0.183357,-74.440766
583333.333333,4384626.238281,-23622643.819336,0.183310,-74.510949
583333.333333,4378534.299805,-23616604.346680,0.183257,-74.522608
583333.333333,4414023.191406,-23650233.900391,0.183558,-74.454105
583333.333333,4380836.754883,-23622749.577148,0.183306,-74.519880
583333.333333,4413782.467773,-23619331.777344,0.183326,-74.441149
583333.333333,4382323.324219,-23609534.362305,0.183209,-74.464566
593750.000000,4255813.943359,-23407795.653320,0.181521,-74.675457
593750.000000,4284657.937500,-23370732.867188,0.181282,-74.591034
593750.000000,4259245.735352,-23399677.722656,0.181464,-74.663825
593750.000000,4300306.116211,-23365685.135742,0.181266,-74.551719
593750.000000,4262699.042969,-23394777.027344,0.181432,-74.606585
593750.000000,4255731.300781,-23401713.016602,0.181475,-74.626093
593750.000000,4267981.223633,-23396408.086914,0.181452,-74.594770
593750.000000,4270874.153320,-23396862.923828,0.181459,-74.588110
593750.000000,4279593.486328,-23395841.131836,0.181463,-74.567004
593750.000000,4255549.053711,-23388059.131836,0.181372,-74.620637
604166.666667,4041662.903320,-22981087.578125,0.178028,-74.910644
604166.666667,4040469.712891,-23001435.552734,0.178179,-74.922175
604166.666667,4046057.152344,-23016234.224609,0.178298,-74.914959
604166.666667,4024659.783203,-23009624.961914,0.178220,-74.963846
604166.666667,4024711.269531,-22984374.655273,0.178030,-74.953038
604166.666667,4024510.683594,-22987399.424805,0.178053,-74.906069
604166.666667,4019973.310547,-22995093.156250,0.178105,-74.920296
604166.666667,4044253.435547,-22990929.308594,0.178105,-74.859831
609375.000000,3978610.080078,-22869971.932617,0.177110,-74.967683
609375.000000,3969370.458984,-22861682.133789,0.177036,-74.986653
609375.000000,3989292.717773,-22850065.078125,0.176974,-74.933258
609375.000000,3967008.400391,-22873726.683594,0.177123,-74.947811
609375.000000,3969779.536133,-22865642.894531,0.177066,-74.937659
614583.333333,3856901.685547,-22655200.656250,0.175338,-75.125193
614583.333333,3840271.287109,-22643083.399414,0.175225,-75.161022
614583.333333,3816213.413086,-22634082.758789,0.175127,-75.216473
614583.333333,3839528.678711,-22660191.127930,0.175353,-75.169978
614583.333333,3838724.068359,-22660829.166992,0.175357,-75.121585
614583.333333,3836093.713867,-22652341.567383,0.175290,-75.124517
614583.333333,3832604.780273,-22655624.801758,0.175310,-75.134462
614583.333333,3869889.983398,-22664433.186523,0.175424,-75.046510
625000.000000,3677434.342773,-22368506.575195,0.172954,-75.400128
625000.000000,3671507.256836,-22362098.273438,0.172899,-75.412287
625000.000000,3673786.105469,-22333183.020508,0.172684,-75.343106
625000.000000,3691996.488281,-22348689.849609,0.172823,-75.304020
625000.000000,3661406.939453,-22359358.594727,0.172866,-75.384741
625000.000000,3667177.296875,-22359723.253906,0.172876,-75.370490
625000.000000,3682670.039062,-22353247.050781,0.172846,-75.329171
625000.000000,3680241.927734,-22354173.329102,0.172850,-75.335611
625000.000000,3681051.487305,-22352474.347656,0.172838,-75.280241
625000.000000,3712655.262695,-22346650.891602,0.172834,-75.198973
625000.000000,3666592.857422,-22349196.322266,0.172796,-75.314986
635416.666667,3452467.790039,-21934272.894531,0.169411,-75.686902
635416.666667,3458310.901367,-21941867.925781,0.169475,-75.675059
635416.666667,3485380.191406,-21901961.430664,0.169206,-75.589924
635416.666667,3466127.210938,-21946732.807617,0.169521,-75.603397
635416.666667,3465954.791016,-21946290.055664,0.169517,-75.603658
635416.666667,3465495.316406,-21951640.186523,0.169557,-75.606980
635416.666667,3470192.061523,-21930011.164062,0.169400,-75.586304
635416.666667,3456893.111328,-21942523.979492,0.169478,-75.625230
640625.000000,3408248.428711,-21842913.031250,0.168670,-75.709594
640625.000000,3431668.422852,-21836644.827148,0.168650,-75.647108
640625.000000,3414958.885742,-21821125.898438,0.168513,-75.628890
640625.000000,3416998.023438,-21836451.224609,0.168631,-75.629810
640625.000000,3415390.283203,-21828875.390625,0.168572,-75.630892
645833.333333,3230619.228516,-21497123.399414,0.165857,-75.976883
645833.333333,3244726.416016,-21491741.453125,0.165832,-75.937999
645833.333333,3232695.915039,-21472774.385742,0.165675,-75.961917
645833.333333,3230054.952148,-21496496.897461,0.165851,-75.922201
645833.333333,3222205.089844,-21459095.427734,0.165560,-75.928024
645833.333333,3241350.102539,-21473586.734375,0.165691,-75.883749
645833.333333,3237271.531250,-21473887.112305,0.165689,-75.894508
645833.333333,3248138.380859,-21484821.926758,0.165784,-75.870471
656250.000000,3166425.244141,-21351059.762695,0.164682,-76.031868
656250.000000,3197643.506836,-21362211.073242,0.164802,-75.954292
656250.000000,3162926.088867,-21375951.579102,0.164866,-75.993668
656250.000000,3168934.512695,-21389193.310547,0.164973,-75.983054
656250.000000,3172104.041016,-21378250.427734,0.164894,-75.970490
656250.000000,3178311.038086,-21379483.585938,0.164910,-75.954694
656250.000000,3173892.132812,-21378590.177734,0.164898,-75.965933
656250.000000,3188320.284180,-21367853.180664,0.164834,-75.923901
656250.000000,3141380.064453,-21375556.501953,0.164839,-75.991790
656250.000000,3169905.920898,-21368678.665039,0.164819,-75.914281
666666.666667,3000872.283203,-21029524.676758,0.162073,-76.231046
666666.666667,2980013.482422,-21005343.354492,0.161868,-76.277589
666666.666667,2989703.363281,-20984364.718750,0.161720,-76.243689
666666.666667,2969352.760742,-21019270.206055,0.161962,-76.311358
666666.666667,2969654.181641,-20998678.792969,0.161806,-76.302770
666666.666667,3037401.408203,-21030434.756836,0.162119,-76.074402
666666.666667,2997709.780273,-20989642.212891,0.161768,-76.164805
666666.666667,2964877.871094,-20977316.614258,0.161640,-76.247995
671875.000000,2956521.451172,-20917296.781250,0.161177,-76.247654
671875.000000,2943421.110352,-20930878.812500,0.161266,-76.287970
671875.000000,2895073.504883,-20895641.199219,0.160949,-76.404681
671875.000000,2942693.236328,-20920860.264648,0.161190,-76.286141
671875.000000,2979198.463867,-20938456.683594,0.161362,-76.134104
677083.333333,2824551.451172,-20730408.181641,0.159627,-76.473144
677083.333333,2832787.111328,-20723618.913086,0.159584,-76.448279
677083.333333,2805956.386719,-20688320.342773,0.159289,-76.508116
677083.333333,2824872.523438,-20700288.446289,0.159399,-76.461120
677083.333333,2855316.292969,-20655127.134766,0.159090,-76.361453
677083.333333,2835559.433594,-20720720.233398,0.159565,-76.439678
677083.333333,2860471.080078,-20720373.399414,0.159588,-76.309892
677083.333333,2823020.000000,-20731046.637695,0.159630,-76.415488
687500.000000,2704808.585938,-20502950.218750,0.157785,-76.654740
687500.000000,2732939.441406,-20465428.436523,0.157530,-76.563726
687500.000000,2757112.329102,-20475973.858398,0.157634,-76.501150
687500.000000,2738386.410156,-20484592.296875,0.157680,-76.555790
687500.000000,2759631.121094,-20493943.427734,0.157772,-76.500877
687500.000000,2747297.503906,-20484026.290039,0.157685,-76.531095
687500.000000,2724290.027344,-20547057.492188,0.158138,-76.553899
687500.000000,2737331.788086,-20517119.023438,0.157925,-76.507218
687500.000000,2734325.564453,-20515547.579102,0.157910,-76.514892
687500.000000,2745843.811523,-20449564.047852,0.157423,-76.458979
687500.000000,2713049.940430,-20495210.382812,0.157735,-76.565894
687500.000000,2760194.964844,-20472540.232422,0.157611,-76.428009
687500.000000,2743179.123047,-20487596.984375,0.157708,-76.480330
703125.000000,2539185.886719,-20062794.973633,0.154293,-76.828677
703125.000000,2536981.849609,-20038527.308594,0.154107,-76.826236
703125.000000,2562748.855469,-20068508.879883,0.154359,-76.764505
703125.000000,2532164.872070,-20070146.006836,0.154342,-76.851020
703125.000000,2522740.612305,-20061408.274414,0.154267,-76.874417
703125.000000,2585466.568359,-20080429.045898,0.154471,-76.705004
703125.000000,2540119.780273,-20062761.255859,0.154293,-76.826040
703125.000000,2505926.916992,-20047398.958008,0.154145,-76.916772
703125.000000,2560440.153320,-20062491.252930,0.154311,-76.702604
703125.000000,2522318.578125,-20083704.334961,0.154435,-76.817248
703125.000000,2514951.671875,-20064677.636719,0.154284,-76.831241
703125.000000,2536470.949219,-20066842.885742,0.154321,-76.771518
703125.000000,2588853.260742,-20048255.078125,0.154231,-76.617608
703125.000000,2528247.778320,-20069057.503906,0.154330,-76.795414
703125.000000,2537780.161133,-20066808.666016,0.154322,-76.767826
718750.000000,2343141.771484,-19671947.677734,0.151151,-77.183029
718750.000000,2370252.541016,-19688789.041016,0.151303,-77.043285
718750.000000,2349889.090820,-19654110.786133,0.151022,-77.089810
718750.000000,2361092.846680,-19667780.853516,0.151135,-77.062327
718750.000000,2324323.549805,-19664047.006836,0.151074,-77.166679
718750.000000,2369231.196289,-19676991.120117,0.151212,-77.042140
718750.000000,2324694.027344,-19671612.784180,0.151131,-77.168184
718750.000000,2359447.900391,-19667988.595703,0.151135,-77.067123
718750.000000,2342724.128906,-19653623.783203,0.151011,-77.110238
718750.000000,2336778.256836,-19650268.510742,0.150981,-77.056926
718750.000000,2358710.307617,-19657412.679688,0.151055,-76.996340
718750.000000,2358024.461914,-19684902.640625,0.151262,-77.007773
718750.000000,2329371.731445,-19686493.071289,0.151248,-77.090548
718750.000000,2340509.648438,-19667542.538086,0.151115,-77.052108
718750.000000,2324656.918945,-19667000.549805,0.151096,-77.097467
718750.000000,2360256.747070,-19648288.177734,0.150987,-76.988747
734375.000000,2163864.246094,-19273873.617188,0.147976,-77.432878
734375.000000,2167110.947266,-19269555.884766,0.147946,-77.351072
734375.000000,2183659.723633,-19291258.480469,0.148125,-77.309696
734375.000000,2137813.577148,-19295102.312500,0.148115,-77.445427
734375.000000,2166372.087891,-19269159.271484,0.147943,-77.353110
734375.000000,2179687.784180,-19287769.634766,0.148095,-77.320188
734375.000000,2160415.206055,-19300258.171875,0.148173,-77.380826
734375.000000,2176450.836914,-19285151.213867,0.148073,-77.328816
734375.000000,2152949.083008,-19307521.795898,0.148222,-77.405092
734375.000000,2149930.389648,-19292206.876953,0.148104,-77.336442
734375.000000,2175438.145508,-19297774.708984,0.148167,-77.263465
734375.000000,2167833.523438,-19285325.373047,0.148067,-77.281659
734375.000000,2157441.962891,-19276130.061523,0.147988,-77.309129
734375.000000,2182983.014648,-19264709.103516,0.147923,-77.230361
734375.000000,2152568.312500,-19279001.333008,0.148006,-77.324378
734375.000000,2176819.214844,-19305169.751953,0.148225,-77.261861
750000.000000,1999862.248047,-18916083.341797,0.145127,-77.660222
750000.000000,2003763.426758,-18910813.195312,0.145090,-77.646863
750000.000000,1983387.042969,-18911057.050781,0.145076,-77.633797
750000.000000,2007611.964844,-18909555.844727,0.145084,-77.560730
750000.000000,1995795.429688,-18947557.519531,0.145363,-77.608134
750000.000000,2009371.825195,-18914384.527344,0.145122,-77.556994
750000.000000,2010971.511719,-18921604.474609,0.145178,-77.554501
750000.000000,2007411.778320,-18914614.049805,0.145122,-77.562938
750000.000000,2002202.216797,-18926205.633789,0.145206,-77.582218
750000.000000,1998805.311523,-18914488.732422,0.145114,-77.588681
750000.000000,1990576.837891,-18914130.921875,0.145105,-77.537251
750000.000000,2002172.750977,-18916078.266602,0.145129,-77.503128
750000.000000,1991665.065430,-18918137.711914,0.145136,-77.535255
750000.000000,2011926.564453,-18914012.143555,0.145121,-77.473254
750000.000000,1992296.505859,-18925305.458984,0.145191,-77.535624
765625.000000,1855174.623047,-18561824.262695,0.142325,-77.837602
765625.000000,1826462.034180,-18543201.565430,0.142162,-77.919762
765625.000000,1828151.764648,-18580530.336914,0.142447,-77.925831
765625.000000,1828929.844727,-18559406.988281,0.142287,-77.917097
765625.000000,1830741.949219,-18552266.316406,0.142234,-77.831602
765625.000000,1868264.670898,-18537804.161133,0.142153,-77.712400
765625.000000,1844087.905273,-18544450.528320,0.142185,-77.788408
765625.000000,1850543.867188,-18531627.256836,0.142093,-77.764739
765625.000000,1858790.625977,-18563078.110352,0.142338,-77.749134
765625.000000,1825822.466797,-18550333.706055,0.142216,-77.846068
765625.000000,1857260.813477,-18567659.974609,0.142371,-77.755210
765625.000000,1845246.702148,-18581596.921875,0.142468,-77.796148
765625.000000,1845156.186523,-18573684.351562,0.142408,-77.794024
765625.000000,1851287.739258,-18539818.432617,0.142155,-77.764966
765625.000000,1837290.801758,-18559438.064453,0.142294,-77.734047
765625.000000,1858772.738281,-18547542.564453,0.142220,-77.664734
781250.000000,1681638.885742,-18198049.792969,0.139436,-78.108056
781250.000000,1694750.075195,-18223277.669922,0.139637,-78.074451
781250.000000,1703247.009766,-18214787.355469,0.139578,-78.045490
781250.000000,1684301.710938,-18206565.919922,0.139502,-78.102203
781250.000000,1710793.165039,-18225579.333008,0.139666,-78.025118
781250.000000,1707098.961914,-18203503.146484,0.139495,-78.030179
781250.000000,1725408.123047,-18224665.079102,0.139669,-77.979307
781250.000000,1679739.796875,-18216386.882812,0.139574,-78.037599
781250.000000,1688261.104492,-18209986.715820,0.139531,-78.009173
781250.000000,1674602.943359,-18208943.756836,0.139514,-78.051485
781250.000000,1678708.982422,-18212577.557617,0.139544,-78.039719
781250.000000,1696726.366211,-18210996.868164,0.139545,-77.983059
781250.000000,1719900.043945,-18192555.463867,0.139421,-77.905346
781250.000000,1687861.847656,-18216890.623047,0.139583,-78.012414
781250.000000,1711309.800781,-18225631.219727,0.139666,-77.941858
781250.000000,1691143.416016,-18192212.266602,0.139398,-77.995027
796875.000000,1566960.513672,-17884590.430664,0.136975,-78.298783
796875.000000,1554867.658203,-17893856.039062,0.137038,-78.256086
796875.000000,1553786.123047,-17914832.060547,0.137197,-78.265305
796875.000000,1546278.107422,-17878838.849609,0.136918,-78.279257
796875.000000,1555271.937500,-17903378.710938,0.137111,-78.257430
796875.000000,1565430.778320,-17884880.868164,0.136977,-78.220021
796875.000000,1527846.244141,-17891967.634766,0.137006,-78.341461
796875.000000,1558602.718750,-17880793.109375,0.136941,-78.240597
796875.000000,1572991.919922,-17876365.583984,0.136917,-78.193600
796875.000000,1564537.369141,-17870216.652344,0.136865,-78.218779
796875.000000,1563642.724609,-17870852.478516,0.136869,-78.221803
796875.000000,1559844.073242,-17873305.270508,0.136885,-78.148745
796875.000000,1578216.278320,-17883555.354492,0.136975,-78.093176
796875.000000,1560604.829102,-17910446.935547,0.137168,-78.156621
796875.000000,1568749.711914,-17901392.467773,0.137104,-78.128243
812500.000000,1419190.977539,-17575107.815430,0.134528,-78.519832
812500.000000,1413308.586914,-17567487.069336,0.134466,-78.536900
812500.000000,1445014.528320,-17585166.856445,0.134620,-78.438875
812500.000000,1416354.717773,-17559952.754883,0.134411,-78.525059
812500.000000,1420347.902344,-17576249.067383,0.134537,-78.516383
812500.000000,1422110.005859,-17576464.869141,0.134540,-78.510733
812500.000000,1401790.453125,-17585399.657227,0.134596,-78.490828
812500.000000,1429522.912109,-17568081.135742,0.134481,-78.396490
812500.000000,1427190.261719,-17574563.410156,0.134529,-78.405753
812500.000000,1406564.787109,-17569304.437500,0.134476,-78.471199
812500.000000,1407237.059570,-17591356.364258,0.134644,-78.474737
812500.000000,1421101.050781,-17569937.950195,0.134490,-78.424264
812500.000000,1418823.747070,-17563580.583984,0.134440,-78.429978
812500.000000,1410875.171875,-17566151.489258,0.134455,-78.456411
812500.000000,1419284.031250,-17583207.981445,0.134590,-78.433622
812500.000000,1429474.472656,-17566801.012695,0.134471,-78.396309
828125.000000,1261110.013672,-17274215.612305,0.132147,-78.782636
828125.000000,1286246.238281,-17272039.402344,0.132144,-78.699177
828125.000000,1273867.853516,-17277659.909180,0.132180,-78.741383
828125.000000,1262410.132812,-17262439.376953,0.132058,-78.775505
828125.000000,1263743.853516,-17272988.687500,0.132139,-78.773650
828125.000000,1282142.463867,-17277891.940430,0.132186,-78.714149
828125.000000,1256701.990234,-17280749.234375,0.132194,-78.798748
828125.000000,1277752.847656,-17285496.442383,0.132242,-78.730480
828125.000000,1259592.580078,-17283260.583984,0.132215,-78.789817
828125.000000,1271086.708008,-17269161.477539,0.132114,-78.748493
828125.000000,1290075.705078,-17284019.699219,0.132237,-78.689493
828125.000000,1270817.750977,-17290618.451172,0.132277,-78.661895
828125.000000,1271522.040039,-17269960.936523,0.132120,-78.654561
828125.000000,1255291.456055,-17266769.987305,0.132087,-78.707358
828125.000000,1274643.376953,-17277313.888672,0.132178,-78.646051
843750.000000,1164154.988281,-16972009.765625,0.129794,-78.941521
843750.000000,1160882.635742,-16977642.256836,0.129836,-78.953811
843750.000000,1140469.569336,-16977015.492188,0.129820,-79.022246
843750.000000,1136610.167969,-16972839.364258,0.129786,-79.034274
843750.000000,1162488.026367,-16985625.496094,0.129897,-78.950254
843750.000000,1166496.793945,-16993123.752930,0.129956,-78.938522
843750.000000,1146115.027344,-16984513.765625,0.129880,-79.004979
843750.000000,1171838.844727,-16963755.820312,0.129736,-78.818626
843750.000000,1145341.458984,-16987727.291016,0.129904,-78.913143
843750.000000,1143052.316406,-16990263.400391,0.129922,-78.921402
843750.000000,1129992.115234,-17000103.851562,0.129991,-78.967446
843750.000000,1139730.967773,-16980799.320312,0.129849,-78.930420
843750.000000,1130412.562500,-16964935.109375,0.129723,-78.958172
843750.000000,1134332.772461,-16977806.482422,0.129823,-78.947882
843750.000000,1143153.760742,-16979851.736328,0.129843,-78.918708
843750.000000,1162207.781250,-16990170.771484,0.129932,-78.857078
859375.000000,1022865.517578,-16667081.818359,0.127403,-79.258434
859375.000000,1012824.028320,-16673171.189453,0.127445,-79.294093
859375.000000,1031678.287109,-16681722.147461,0.127518,-79.133621
859375.000000,1013340.706055,-16675932.027344,0.127466,-79.195166
859375.000000,1028246.624023,-16673548.244141,0.127455,-79.143638
859375.000000,1012344.140625,-16671689.502930,0.127433,-79.197695
859375.000000,1004181.284180,-16672994.210938,0.127439,-79.225916
859375.000000,1024929.940430,-16682302.218750,0.127520,-79.156834
859375.000000,1021350.359375,-16687886.992188,0.127561,-79.170252
859375.000000,1021557.969727,-16675701.884766,0.127468,-79.166988
859375.000000,1027766.960938,-16691070.412109,0.127588,-79.148974
859375.000000,1014601.827148,-16673377.745117,0.127447,-79.190316
859375.000000,1019325.206055,-16676400.535156,0.127472,-79.174777
859375.000000,1027870.039062,-16665031.562500,0.127390,-79.042718
859375.000000,1031846.929688,-16687767.105469,0.127565,-79.033912
859375.000000,1011699.293945,-16671145.458008,0.127429,-79.099379
875000.000000,896809.588867,-16387621.761719,0.125219,-79.439786
875000.000000,897263.843750,-16378254.616211,0.125147,-79.436413
875000.000000,891966.227539,-16388885.880859,0.125226,-79.456909
875000.000000,885070.720703,-16386304.142578,0.125204,-79.480460
875000.000000,894560.396484,-16374930.193359,0.125121,-79.445209
875000.000000,892887.406250,-16382472.544922,0.125178,-79.452480
875000.000000,900797.064453,-16375073.487305,0.125125,-79.423479
875000.000000,883140.817383,-16381725.913086,0.125168,-79.486328
875000.000000,898660.837891,-16404694.378906,0.125349,-79.436592
875000.000000,885040.261719,-16370324.714844,0.125082,-79.374354
875000.000000,902010.431641,-16398115.902344,0.125301,-79.320468
875000.000000,898452.748047,-16380068.424805,0.125162,-79.329413
875000.000000,889210.159180,-16392127.507812,0.125250,-79.363930
875000.000000,880506.101562,-16389272.458984,0.125224,-79.393731
875000.000000,897163.386719,-16382932.433594,0.125183,-79.334457
890625.000000,796156.146484,-16145430.244141,0.123333,-79.645914
890625.000000,771536.877930,-16144729.816406,0.123319,-79.732960
890625.000000,773225.839844,-16141682.804688,0.123296,-79.726463
890625.000000,776150.509766,-16147324.555664,0.123340,-79.717066
890625.000000,786740.762695,-16132275.500977,0.123230,-79.676977
890625.000000,780009.501953,-16143008.741211,0.123309,-79.702666
890625.000000,779928.780273,-16140148.908203,0.123287,-79.596355
890625.000000,781177.977539,-16140078.397461,0.123287,-79.591919
890625.000000,786933.648438,-16124701.666016,0.123172,-79.568876
890625.000000,799097.508789,-16136797.959961,0.123269,-79.527881
890625.000000,782565.627930,-16145437.020508,0.123328,-79.587924
890625.000000,799974.936523,-16130003.826172,0.123217,-79.523580
890625.000000,793985.689453,-16149271.329102,0.123362,-79.548160
890625.000000,793118.872070,-16130368.436523,0.123217,-79.547938
890625.000000,774098.338867,-16150385.538086,0.123363,-79.618743
890625.000000,790943.211914,-16147826.899414,0.123350,-79.558678
906250.000000,681265.876953,-15875357.672852,0.121235,-79.905625
906250.000000,692055.291016,-15890251.286133,0.121352,-79.869093
906250.000000,679508.693359,-15881408.403320,0.121280,-79.912888
906250.000000,665280.552734,-15888090.875000,0.121326,-79.855998
906250.000000,689978.540039,-15896658.363281,0.121400,-79.768429
906250.000000,661659.786133,-15889571.370117,0.121337,-79.869255
906250.000000,681813.369141,-15880201.115234,0.121272,-79.795263
906250.000000,664133.605469,-15882103.080078,0.121280,-79.859226
906250.000000,667736.986328,-15887579.150391,0.121323,-79.847077
906250.000000,688886.920898,-15852264.552734,0.121061,-79.765416
906250.000000,682898.491211,-15879451.484375,0.121266,-79.791239
906250.000000,678381.637695,-15888177.206055,0.121331,-79.808849
906250.000000,682524.485352,-15885451.757812,0.121312,-79.793514
906250.000000,684546.335938,-15882803.211914,0.121292,-79.785824
906250.000000,672548.266602,-15891272.091797,0.121353,-79.830319
906250.000000,672510.211914,-15889823.799805,0.121342,-79.830236
921875.000000,582515.312500,-15626508.789062,0.119307,-80.006595
921875.000000,580246.527344,-15641264.050781,0.119419,-80.016907
921875.000000,587785.767578,-15633640.399414,0.119363,-79.988279
921875.000000,574204.070312,-15638635.541992,0.119397,-80.038659
921875.000000,576583.841797,-15638372.133789,0.119396,-80.029916
921875.000000,581191.905273,-15614088.867188,0.119212,-80.009749
921875.000000,588441.671875,-15632696.559570,0.119356,-79.985749
921875.000000,576001.448242,-15620718.821289,0.119261,-80.029665
921875.000000,576469.383789,-15636903.717773,0.119385,-80.030137
921875.000000,579545.625000,-15630563.941406,0.119337,-80.018020
921875.000000,587813.409180,-15637826.684570,0.119395,-79.988754
921875.000000,577062.102539,-15634647.379883,0.119368,-80.027663
921875.000000,584116.896484,-15632585.912109,0.119354,-80.001563
921875.000000,590784.382812,-15633933.137695,0.119366,-79.861740
921875.000000,588970.047852,-15624961.925781,0.119297,-79.867143
937500.000000,475149.078125,-15382188.830078,0.117416,-80.256571
937500.000000,479637.435547,-15378851.922852,0.117392,-80.239481
937500.000000,500020.253906,-15412177.670898,0.117651,-80.167641
937500.000000,479039.794922,-15374916.966797,0.117362,-80.241249
937500.000000,485856.016602,-15396334.545898,0.117527,-80.218388
937500.000000,516488.445312,-15384933.301758,0.117447,-80.103087
937500.000000,493413.102539,-15391072.680664,0.117488,-80.189666
937500.000000,472370.056641,-15380619.763672,0.117404,-80.266733
937500.000000,486887.680664,-15379749.014648,0.117401,-80.212600
937500.000000,510656.574219,-15386139.373047,0.117455,-80.124931
937500.000000,502930.694336,-15391620.578125,0.117495,-80.154337
937500.000000,476029.658203,-15365926.412109,0.117293,-80.251419
937500.000000,498813.508789,-15399895.287109,0.117557,-80.051588
937500.000000,467260.979492,-15377858.678711,0.117381,-80.166380
937500.000000,505966.722656,-15404400.960938,0.117593,-80.025552
937500.000000,484751.715820,-15395876.095703,0.117523,-80.103384
953125.000000,399361.038086,-15116823.111328,0.115376,-80.393495
953125.000000,397174.848633,-15103119.984375,0.115271,-80.400410
953125.000000,422440.154297,-15113352.591797,0.115354,-80.305715
953125.000000,394142.803711,-15118854.934570,0.115390,-80.413460
953125.000000,415804.423828,-15108957.938477,0.115319,-80.330395
953125.000000,409450.719727,-15105266.343750,0.115290,-80.354092
953125.000000,386529.441406,-15100459.800781,0.115249,-80.440511
953125.000000,392918.774414,-15104978.328125,0.115284,-80.416729
953125.000000,393402.959961,-15130492.190430,0.115479,-80.417408
953125.000000,415012.799805,-15119356.153320,0.115399,-80.334476
953125.000000,403331.279297,-15117141.438477,0.115379,-80.255825
953125.000000,416200.164062,-15106283.787109,0.115299,-80.205952
953125.000000,392175.487305,-15112757.221680,0.115344,-80.297648
953125.000000,397306.986328,-15104195.543945,0.115279,-80.277353
953125.000000,403627.761719,-15115049.628906,0.115363,-80.254491
968750.000000,330140.635742,-14881441.471680,0.113568,-80.513262
968750.000000,334834.147461,-14877598.859375,0.113539,-80.494867
968750.000000,352178.471680,-14905041.680664,0.113752,-80.430601
968750.000000,338964.036133,-14875576.239258,0.113525,-80.478792
968750.000000,329101.653320,-14910163.127930,0.113787,-80.519700
968750.000000,332662.717773,-14908405.868164,0.113774,-80.505872
968750.000000,316846.466797,-14910116.527344,0.113784,-80.566769
968750.000000,335958.177734,-14905997.351562,0.113756,-80.493004
968750.000000,351113.532227,-14910942.457031,0.113796,-80.435226
968750.000000,330970.244141,-14907213.749023,0.113765,-80.385833
968750.000000,324755.694336,-14892353.976562,0.113650,-80.408463
968750.000000,314823.849609,-14888711.222656,0.113621,-80.446361
968750.000000,343280.797852,-14906842.238281,0.113764,-80.338508
968750.000000,314052.602539,-14888417.328125,0.113618,-80.449304
968750.000000,354543.609375,-14888017.803711,0.113622,-80.293518
968750.000000,312696.205078,-14898499.754883,0.113695,-80.455336
984375.000000,230814.560547,-14630282.082031,0.111637,-80.753866
984375.000000,238139.194336,-14621385.070312,0.111571,-80.724620
984375.000000,268782.417969,-14621487.814453,0.111575,-80.604580
984375.000000,258158.635742,-14650373.864258,0.111794,-80.648192
984375.000000,250826.710938,-14664276.023438,0.111899,-80.677789
984375.000000,267409.801758,-14638777.332031,0.111707,-80.611195
984375.000000,231423.513672,-14654251.637695,0.111820,-80.752963
984375.000000,256597.141602,-14646977.411133,0.111768,-80.654065
984375.000000,267218.972656,-14671511.096680,0.111957,-80.483885
984375.000000,272101.898438,-14658344.877930,0.111857,-80.463868
984375.000000,254027.555664,-14630916.958008,0.111645,-80.532634
984375.000000,260800.916016,-14633481.539062,0.111666,-80.506295
984375.000000,246214.049805,-14656380.436523,0.111838,-80.564899
984375.000000,234994.186523,-14679568.367188,0.112014,-80.610201
984375.000000,257764.254883,-14667442.602539,0.111924,-80.520518
984375.000000,243430.938477,-14639243.530273,0.111707,-80.574662
1000000.000000,253105.055664,-14420032.234375,0.110036,-80.521754
1000000.000000,272139.237305,-14450758.090820,0.110273,-80.448446
1000000.000000,99383.714844,-14393841.419922,0.109822,-81.131745
1000000.000000,101013.125977,-14421361.484375,0.110032,-81.126026
1000000.000000,117834.758789,-14458829.899414,0.110319,-81.060409
1000000.000000,135482.782227,-14416689.975586,0.109999,-80.988910
1000000.000000,257074.371094,-14474939.661133,0.110456,-80.509861
1000000.000000,185218.559570,-14386611.327148,0.109774,-80.789726
