frecuencia,X,Y,R,T
1000,0.39706602692604065,-0.0035103538539260626,0.39708152413368225,-0.5065233707427979
2000,0.39697080850601196,-0.006942808162420988,0.3970315158367157,-1.0019716024398804
3000,0.39684781432151794,-0.01070447824895382,0.39699217677116394,-1.5451083183288574
4000,0.3966626524925232,-0.014484497718513012,0.39692702889442444,-2.0912773609161377
5000,0.39641323685646057,-0.01824474334716797,0.3968328833580017,-2.6351535320281982
6000,0.3960278630256653,-0.022005409002304077,0.39663875102996826,-3.1803853511810303
7000,0.39559152722358704,-0.02579665742814541,0.39643171429634094,-3.7309939861297607
8000,0.39508122205734253,-0.029676178470253944,0.396194189786911,-4.295656204223633
9000,0.39452430605888367,-0.03329883888363838,0.3959270715713501,-4.824471473693848
10000,0.3938515782356262,-0.03706108406186104,0.3955914378166199,-5.375652313232422
11000,0.3930959403514862,-0.04081539809703827,0.3952092230319977,-5.9278154373168945
12000,0.39231622219085693,-0.044417645782232285,0.3948226571083069,-6.459463596343994
13000,0.391435444355011,-0.04810936748981476,0.3943808078765869,-7.006796836853027
14000,0.3904796838760376,-0.05174819007515907,0.3938937187194824,-7.5491156578063965
15000,0.389443963766098,-0.055366773158311844,0.3933599889278412,-8.091446876525879
16000,0.38838377594947815,-0.05892534554004669,0.39282840490341187,-8.627087593078613
17000,0.3872300088405609,-0.06242583692073822,0.3922295868396759,-9.15793228149414
18000,0.3860296905040741,-0.06598158925771713,0.3916279971599579,-9.699469566345215
19000,0.3847513794898987,-0.0694350004196167,0.3909665644168854,-10.229898452758789
20000,0.38348808884620667,-0.07286068052053452,0.39034828543663025,-10.757670402526855
21000,0.3820915222167969,-0.0763106569647789,0.3896373212337494,-11.29440975189209
22000,0.3806733191013336,-0.07965944707393646,0.38891875743865967,-11.81912899017334
23000,0.3791615664958954,-0.08292286098003387,0.3881232738494873,-12.336387634277344
24000,0.3776107430458069,-0.08624324202537537,0.3873341679573059,-12.865226745605469
25000,0.3759765625,-0.08951932936906815,0.38648685812950134,-13.392654418945312
26000,0.3743818402290344,-0.09262121468782425,0.3856688439846039,-13.895827293395996
27000,0.37268000841140747,-0.09571328014135361,0.3847745358943939,-14.403651237487793
28000,0.3709081709384918,-0.09882857650518417,0.3838489055633545,-14.919841766357422
29000,0.3691147565841675,-0.10188408941030502,0.3829178214073181,-15.430719375610352
30000,0.3672724962234497,-0.10488766431808472,0.38195616006851196,-15.938568115234375
31000,0.36540189385414124,-0.10781902074813843,0.38097700476646423,-16.43973159790039
32000,0.36349430680274963,-0.11069492995738983,0.3799756169319153,-16.93706512451172
33000,0.3614828884601593,-0.11358702927827835,0.37890881299972534,-17.444032669067383
34000,0.3594912588596344,-0.11639408022165298,0.3778644800186157,-17.94062614440918
35000,0.3574904799461365,-0.11911740154027939,0.37681347131729126,-18.428298950195312
36000,0.3553740382194519,-0.12184463441371918,0.3756817877292633,-18.92494773864746
37000,0.35332316160202026,-0.12442492693662643,0.37459152936935425,-19.4000301361084
38000,0.35122424364089966,-0.12700478732585907,0.373481810092926,-19.880292892456055
39000,0.3490176200866699,-0.12962009012699127,0.3723098933696747,-20.374265670776367
40000,0.3468397557735443,-0.13205544650554657,0.3711286187171936,-20.84378433227539
41000,0.3446316719055176,-0.13448728621006012,0.3699430227279663,-21.317459106445312
42000,0.34241536259651184,-0.13686056435108185,0.36875343322753906,-21.786178588867188
43000,0.3400770425796509,-0.13924556970596313,0.36748024821281433,-22.26679229736328
44000,0.33787888288497925,-0.14145421981811523,0.36629417538642883,-22.716796875
45000,0.33554932475090027,-0.14377278089523315,0.36505335569381714,-23.19367218017578
46000,0.33329254388809204,-0.14589910209178925,0.36382752656936646,-23.641437530517578
47000,0.3309551775455475,-0.14805980026721954,0.3625645339488983,-24.102365493774414
48000,0.32865890860557556,-0.1500924825668335,0.36130934953689575,-24.545307159423828
49000,0.3262428045272827,-0.1521070897579193,0.3599596619606018,-24.996763229370117
50000,0.32386377453804016,-0.1540883183479309,0.3586515486240387,-25.444229125976562
51000,0.3214764893054962,-0.15601827204227448,0.35733577609062195,-25.888126373291016
52000,0.3190563917160034,-0.1579139232635498,0.35599687695503235,-26.33266830444336
53000,0.31666433811187744,-0.15971307456493378,0.35466116666793823,-26.764585494995117
54000,0.3142588436603546,-0.16148942708969116,0.35332342982292175,-27.19744873046875
55000,0.3118220567703247,-0.16323423385620117,0.35196366906166077,-27.631393432617188
56000,0.30939170718193054,-0.16490978002548218,0.3505972623825073,-28.058191299438477
57000,0.3070243299007416,-0.16650113463401794,0.3492657542228699,-28.471240997314453
58000,0.3045673966407776,-0.16809256374835968,0.34787410497665405,-28.894569396972656
59000,0.30213913321495056,-0.16960391402244568,0.3464874029159546,-29.307401657104492
60000,0.29975807666778564,-0.1710689216852188,0.3451369106769562,-29.71296501159668
61000,0.2972612679004669,-0.1725473701953888,0.34371042251586914,-30.133317947387695
62000,0.2948925793170929,-0.17388416826725006,0.34234097599983215,-30.525835037231445
63000,0.292423278093338,-0.17525558173656464,0.3409191966056824,-30.93516731262207
64000,0.2900276780128479,-0.1765470653772354,0.33953630924224854,-31.329912185668945
65000,0.28750696778297424,-0.17785365879535675,0.3380712866783142,-31.741199493408203
66000,0.28522834181785583,-0.1790066957473755,0.33674710988998413,-32.112003326416016
67000,0.2828335165977478,-0.18017715215682983,0.3353484869003296,-32.4988899230957
68000,0.2804317772388458,-0.18132071197032928,0.3339448571205139,-32.88577651977539
69000,0.2779957056045532,-0.1824159324169159,0.3325014114379883,-33.272186279296875
70000,0.2756061255931854,-0.1834641695022583,0.33108586072921753,-33.65072250366211
71000,0.2732214033603668,-0.18453678488731384,0.32970255613327026,-34.03553009033203
72000,0.27087658643722534,-0.18548956513404846,0.3282994031906128,-34.402374267578125
73000,0.26850900053977966,-0.1864272952079773,0.32688257098197937,-34.7724609375
74000,0.26614707708358765,-0.18732523918151855,0.325461208820343,-35.13945388793945
75000,0.2638048529624939,-0.1881742775440216,0.3240409791469574,-35.500587463378906
76000,0.2614864110946655,-0.18899324536323547,0.32263538241386414,-35.85808563232422
77000,0.25915008783340454,-0.1897650510072708,0.3212001621723175,-36.21379470825195
78000,0.25685974955558777,-0.19052492082118988,0.319807231426239,-36.56605911254883
79000,0.2545086443424225,-0.19123993813991547,0.31835100054740906,-36.921504974365234
80000,0.2522396743297577,-0.1919317990541458,0.316958487033844,-37.26788330078125
81000,0.2499786913394928,-0.19256404042243958,0.31554752588272095,-37.60784149169922
82000,0.24771220982074738,-0.1931890994310379,0.31413906812667847,-37.9504280090332
83000,0.24544870853424072,-0.19376614689826965,0.312714546918869,-38.288848876953125
84000,0.2432374209165573,-0.19432835280895233,0.3113325536251068,-38.622215270996094
85000,0.24099589884281158,-0.19485189020633698,0.3099133372306824,-38.95650100708008
86000,0.2388010174036026,-0.19536250829696655,0.3085326850414276,-39.28650665283203
87000,0.23661300539970398,-0.19582583010196686,0.30713754892349243,-39.61186218261719
88000,0.23445932567119598,-0.19625748693943024,0.30575835704803467,-39.93149185180664
89000,0.2322816550731659,-0.19667436182498932,0.30436092615127563,-40.25480270385742
90000,0.230129674077034,-0.1970657855272293,0.30297622084617615,-40.57426834106445
91000,0.22797183692455292,-0.197413370013237,0.3015678822994232,-40.89108657836914
92000,0.2258809357881546,-0.1977485716342926,0.3002110719680786,-41.200679779052734
93000,0.2237871140241623,-0.19804804027080536,0.29883724451065063,-41.5083122253418
94000,0.2217128425836563,-0.19833846390247345,0.29748064279556274,-41.814971923828125
95000,0.21965284645557404,-0.19859319925308228,0.2961192727088928,-42.11745834350586
96000,0.21759945154190063,-0.19882424175739288,0.29475516080856323,-42.418460845947266
97000,0.2156444638967514,-0.19906111061573029,0.293475478887558,-42.710060119628906
98000,0.2135985642671585,-0.19926373660564423,0.29211363196372986,-43.011451721191406
99000,0.21161317825317383,-0.19945691525936127,0.29079753160476685,-43.30612564086914
100000,0.20959323644638062,-0.1995936632156372,0.28942519426345825,-43.600101470947266
101000,0.20765526592731476,-0.199720099568367,0.2881125211715698,-43.88408660888672
102000,0.20574896037578583,-0.19982436299324036,0.28681424260139465,-44.163082122802734
103000,0.20383776724338531,-0.1999184787273407,0.28551220893859863,-44.44384002685547
104000,0.2019251585006714,-0.19998127222061157,0.28419408202171326,-44.722877502441406
105000,0.19999127089977264,-0.20003142952919006,0.2828587591648102,-45.00575256347656
106000,0.19810372591018677,-0.20006144046783447,0.28154870867729187,-45.281707763671875
107000,0.1962568163871765,-0.20007926225662231,0.2802649736404419,-45.55256652832031
108000,0.19444598257541656,-0.20009274780750275,0.2790095806121826,-45.819976806640625
109000,0.19259919226169586,-0.20007140934467316,0.27771031856536865,-46.09016418457031
110000,0.19082516431808472,-0.2000296413898468,0.2764526903629303,-46.34904479980469
111000,0.18902800977230072,-0.19998995959758759,0.2751864194869995,-46.61408233642578
112000,0.18723198771476746,-0.19991587102413177,0.27390173077583313,-46.87647247314453
113000,0.1855003982782364,-0.19985796511173248,0.27267858386039734,-47.13372039794922
114000,0.1837702840566635,-0.19975051283836365,0.2714254856109619,-47.38597106933594
115000,0.1820639967918396,-0.19964341819286346,0.27019399404525757,-47.63687515258789
116000,0.1803150624036789,-0.1995154619216919,0.26892369985580444,-47.893829345703125
117000,0.1786298006772995,-0.1993732899427414,0.2676906883716583,-48.14103698730469
118000,0.17696893215179443,-0.1992369145154953,0.2664833068847656,-48.38743591308594
119000,0.1753043234348297,-0.19907619059085846,0.26526010036468506,-48.633201599121094
120000,0.1737077683210373,-0.19891171157360077,0.2640838325023651,-48.86958694458008
121000,0.1720469743013382,-0.19871892035007477,0.2628485858440399,-49.114620208740234
122000,0.17044194042682648,-0.1985122412443161,0.2616439759731293,-49.3507194519043
123000,0.16889919340610504,-0.198358416557312,0.2605244517326355,-49.58610153198242
124000,0.16733631491661072,-0.19815106689929962,0.2593555152416229,-49.81928634643555
125000,0.16573309898376465,-0.19792212545871735,0.2581484615802765,-50.05836868286133
126000,0.16419214010238647,-0.1976945549249649,0.25698673725128174,-50.28919219970703
127000,0.16270354390144348,-0.19745084643363953,0.2558501064777374,-50.51077651977539
128000,0.16117943823337555,-0.19720400869846344,0.2546924352645874,-50.74006652832031
129000,0.15970873832702637,-0.19694045186042786,0.25355949997901917,-50.95969772338867
130000,0.1582009345293045,-0.19665010273456573,0.252386212348938,-51.18403625488281
131000,0.15675169229507446,-0.19637523591518402,0.2512654662132263,-51.402244567871094
132000,0.1552993357181549,-0.19609002768993378,0.2501383423805237,-51.621482849121094
133000,0.1538931131362915,-0.19579797983169556,0.24903802573680878,-51.83339309692383
134000,0.15247954428195953,-0.19550786912441254,0.24793817102909088,-52.04878616333008
135000,0.1510721743106842,-0.19518893957138062,0.24682284891605377,-52.2608757019043
136000,0.14965929090976715,-0.19486361742019653,0.24570253491401672,-52.47499084472656
137000,0.14831653237342834,-0.1945769488811493,0.2446589171886444,-52.68348693847656
138000,0.14694781601428986,-0.19424457848072052,0.24356645345687866,-52.89215850830078
139000,0.14559711515903473,-0.19390693306922913,0.24248383939266205,-53.098548889160156
140000,0.1442972868680954,-0.19356542825698853,0.24143174290657043,-53.29656219482422
141000,0.14299443364143372,-0.19323132932186127,0.24038667976856232,-53.4979362487793
142000,0.1416928470134735,-0.19287583231925964,0.23932811617851257,-53.69778823852539
143000,0.14037483930587769,-0.19251158833503723,0.23825575411319733,-53.90135955810547
144000,0.13910958170890808,-0.19214627146720886,0.23721648752689362,-54.09630584716797
145000,0.1378452479839325,-0.1917664259672165,0.2361687272787094,-54.29072189331055
146000,0.136613667011261,-0.19140933454036713,0.23516127467155457,-54.48358917236328
147000,0.13536547124385834,-0.19101719558238983,0.2341182827949524,-54.676475524902344
148000,0.1341659277677536,-0.19065304100513458,0.2331288754940033,-54.865264892578125
149000,0.13294711709022522,-0.1902800351381302,0.2321237176656723,-55.058311462402344
150000,0.1317792534828186,-0.18989631533622742,0.23114146292209625,-55.24114227294922
151000,0.13059426844120026,-0.18950733542442322,0.23014754056930542,-55.42829513549805
152000,0.12941163778305054,-0.18910348415374756,0.22914515435695648,-55.61448287963867
153000,0.12825481593608856,-0.18869908154010773,0.22815926373004913,-55.79686737060547
154000,0.12712261080741882,-0.1882929652929306,0.22718800604343414,-55.97544860839844
155000,0.12599873542785645,-0.18789632618427277,0.22623156011104584,-56.155147552490234
156000,0.12485332041978836,-0.18747179210186005,0.22524213790893555,-56.33699417114258
157000,0.12375331670045853,-0.1870589405298233,0.22428984940052032,-56.51241683959961
158000,0.12263959646224976,-0.18662726879119873,0.22331638634204865,-56.68962097167969
159000,0.12156844884157181,-0.18621517717838287,0.2223847657442093,-56.86194610595703
160000,0.12051744014024734,-0.18581998348236084,0.22148029506206512,-57.03372573852539
161000,0.11947319656610489,-0.18540245294570923,0.22056271135807037,-57.20229721069336
162000,0.1184113621711731,-0.18497376143932343,0.21962818503379822,-57.37456512451172
163000,0.11738646030426025,-0.18454094231128693,0.2187120020389557,-57.53955841064453
164000,0.11636306345462799,-0.18412555754184723,0.21781319379806519,-57.70806121826172
165000,0.11533104628324509,-0.1836744248867035,0.2168814092874527,-57.87486267089844
166000,0.11432112008333206,-0.18324050307273865,0.2159777730703354,-58.04054641723633
167000,0.11332470923662186,-0.18280190229415894,0.21507912874221802,-58.20390319824219
168000,0.11236079782247543,-0.18237799406051636,0.21421174705028534,-58.36329650878906
169000,0.11135312914848328,-0.18190836906433105,0.21328423917293549,-58.527587890625
170000,0.11041701585054398,-0.18150334060192108,0.21245087683200836,-58.68587875366211
171000,0.10946544259786606,-0.1810622215270996,0.2115802764892578,-58.84394454956055
172000,0.10852693021297455,-0.18062233924865723,0.2107190638780594,-59.00044250488281
173000,0.10759036242961884,-0.18017402291297913,0.20985320210456848,-59.156585693359375
174000,0.10666855424642563,-0.17973831295967102,0.20900727808475494,-59.31231689453125
175000,0.10577191412448883,-0.17929020524024963,0.2081650346517563,-59.46159744262695
176000,0.10487635433673859,-0.17885388433933258,0.20733490586280823,-59.61348342895508
177000,0.1039826050400734,-0.17839717864990234,0.20648954808712006,-59.76331329345703
178000,0.1030980721116066,-0.17795003950595856,0.20565852522850037,-59.91347885131836
179000,0.10221997648477554,-0.17749693989753723,0.2048269659280777,-60.06248092651367
180000,0.10136758536100388,-0.1770823895931244,0.20404303073883057,-60.2118034362793
181000,0.10052299499511719,-0.17662951350212097,0.20323103666305542,-60.355018615722656
182000,0.09965687990188599,-0.17616243660449982,0.20239737629890442,-60.50271224975586
183000,0.09880847483873367,-0.1757073849439621,0.20158421993255615,-60.6489143371582
184000,0.09799127280712128,-0.1752619743347168,0.20079603791236877,-60.78987121582031
185000,0.09716127067804337,-0.17480400204658508,0.1999918818473816,-60.93338394165039
186000,0.09633298963308334,-0.17434340715408325,0.1991875171661377,-61.077266693115234
187000,0.09556036442518234,-0.17390310764312744,0.19842900335788727,-61.21104431152344
188000,0.09475870430469513,-0.17345201969146729,0.19764821231365204,-61.35174560546875
189000,0.09395580738782883,-0.1729903519153595,0.1968587189912796,-61.492393493652344
190000,0.09319835156202316,-0.17257612943649292,0.19613374769687653,-61.62908935546875
191000,0.09244107455015182,-0.17212583124637604,0.19537822902202606,-61.76174545288086
192000,0.09167806804180145,-0.17166607081890106,0.19461271166801453,-61.89560317993164
193000,0.09091456234455109,-0.17121022939682007,0.193851500749588,-62.03118896484375
194000,0.09017963707447052,-0.1707671731710434,0.19311602413654327,-62.162113189697266
195000,0.08943720906972885,-0.17030556499958038,0.19236163794994354,-62.293460845947266
196000,0.08869443833827972,-0.16984379291534424,0.1916079968214035,-62.425899505615234
197000,0.08796058595180511,-0.16938485205173492,0.19086198508739471,-62.557395935058594
198000,0.08725647628307343,-0.16894318163394928,0.19014596939086914,-62.684356689453125
199000,0.08656209707260132,-0.16852809488773346,0.18945901095867157,-62.813331604003906
200000,0.0858767032623291,-0.16809116303920746,0.18875764310359955,-62.93779754638672
201000,0.08516436070203781,-0.16762304306030273,0.18801717460155487,-63.06620788574219
202000,0.0844828188419342,-0.1671849489212036,0.1873183250427246,-63.19136428833008
203000,0.08380621671676636,-0.16674140095710754,0.18661773204803467,-63.315345764160156
204000,0.08313144743442535,-0.1662909984588623,0.18591269850730896,-63.438812255859375
205000,0.08245517313480377,-0.165838360786438,0.18520587682724,-63.56333923339844
206000,0.08180705457925797,-0.16540668904781342,0.18453119695186615,-63.68385314941406
207000,0.08114249259233475,-0.16495782136917114,0.18383467197418213,-63.8074951171875
208000,0.08050651848316193,-0.16453328728675842,0.18317341804504395,-63.92738342285156
209000,0.07987720519304276,-0.16410043835639954,0.1825084090232849,-64.04511260986328
210000,0.07923674583435059,-0.16364872455596924,0.18182235956192017,-64.1642837524414
211000,0.07860596477985382,-0.1632060706615448,0.1811494529247284,-64.2828369140625
212000,0.07797721028327942,-0.16275987029075623,0.18047498166561127,-64.40120697021484
213000,0.07736879587173462,-0.16232360899448395,0.1798190325498581,-64.51598358154297
214000,0.07675599306821823,-0.16187787055969238,0.17915336787700653,-64.6315689086914
215000,0.07615908980369568,-0.16145087778568268,0.17851215600967407,-64.74595642089844
216000,0.07556742429733276,-0.1610390990972519,0.1778876781463623,-64.86172485351562
217000,0.0749831274151802,-0.16061082482337952,0.17725208401679993,-64.9738998413086
218000,0.07439293712377548,-0.1601671576499939,0.17660073935985565,-65.08650970458984
219000,0.07380419969558716,-0.15972241759300232,0.17594975233078003,-65.19937896728516
220000,0.0732388123869896,-0.15929031372070312,0.17532065510749817,-65.30787658691406
221000,0.0726732462644577,-0.1588621288537979,0.1746956706047058,-65.4177474975586
222000,0.0721125677227974,-0.1584291160106659,0.17406897246837616,-65.5262680053711
223000,0.0715407207608223,-0.15798577666282654,0.17342889308929443,-65.6375503540039
224000,0.07101132720708847,-0.15759426355361938,0.17285415530204773,-65.74386596679688
225000,0.07047265022993088,-0.15717215836048126,0.17224831879138947,-65.84954833984375
226000,0.06992273777723312,-0.1567429006099701,0.17163194715976715,-65.95843505859375
227000,0.0693863034248352,-0.1563127338886261,0.17102083563804626,-66.0638427734375
228000,0.06885400414466858,-0.15588444471359253,0.17041373252868652,-66.16899871826172
229000,0.06832558661699295,-0.15545277297496796,0.1698056161403656,-66.27324676513672
230000,0.06779085844755173,-0.1550246924161911,0.1691988706588745,-66.38068389892578
231000,0.06728745996952057,-0.15461573004722595,0.16862274706363678,-66.48172760009766
232000,0.06679212301969528,-0.154227614402771,0.16806945204734802,-66.5837631225586
233000,0.06629019230604172,-0.15381762385368347,0.1674940288066864,-66.68558502197266
234000,0.06578265875577927,-0.15339896082878113,0.16690894961357117,-66.78871154785156
235000,0.06530099362134933,-0.15299591422080994,0.16634893417358398,-66.88645935058594
236000,0.06479952484369278,-0.1525689959526062,0.16575968265533447,-66.98796081542969
237000,0.06431425362825394,-0.15215973556041718,0.1651935577392578,-67.08738708496094
238000,0.06382469087839127,-0.15173618495464325,0.1646130532026291,-67.18694305419922
239000,0.06334707140922546,-0.1513269692659378,0.1640509068965912,-67.28528594970703
240000,0.06288070231676102,-0.15094049274921417,0.16351458430290222,-67.38374328613281
241000,0.06242332607507706,-0.15054887533187866,0.1629774123430252,-67.47923278808594
242000,0.06196014955639839,-0.15014074742794037,0.16242322325706482,-67.57501220703125
243000,0.06150088831782341,-0.14974041283130646,0.16187819838523865,-67.67121887207031
244000,0.06104300171136856,-0.14933383464813232,0.16132837533950806,-67.76678466796875
245000,0.06058939918875694,-0.14893130958080292,0.16078436374664307,-67.86213684082031
246000,0.06014898791909218,-0.14853906631469727,0.1602552831172943,-67.95513916015625
247000,0.05970795080065727,-0.1481376439332962,0.1597178876399994,-68.04773712158203
248000,0.0592602863907814,-0.14774437248706818,0.1591859757900238,-68.1442642211914
249000,0.058836549520492554,-0.14736205339431763,0.15867361426353455,-68.23487854003906
250000,0.05841336399316788,-0.14696994423866272,0.1581527441740036,-68.32459259033203
251000,0.05798333138227463,-0.1465792953968048,0.15763108432292938,-68.41740417480469
252000,0.05755343660712242,-0.14617371559143066,0.1570959985256195,-68.5087890625
253000,0.05713944137096405,-0.14578746259212494,0.15658511221408844,-68.59796142578125
254000,0.05672555789351463,-0.1454000473022461,0.15607358515262604,-68.6875228881836
255000,0.056329187005758286,-0.14504963159561157,0.15560324490070343,-68.77660369873047
256000,0.05591848865151405,-0.144657164812088,0.1550889015197754,-68.86554718017578
257000,0.05550812557339668,-0.1442643105983734,0.15457472205162048,-68.95491790771484
258000,0.05511336401104927,-0.14388759434223175,0.1540815532207489,-69.0416259765625
259000,0.054718222469091415,-0.14350618422031403,0.15358421206474304,-69.12838745117188
260000,0.05432630330324173,-0.14312753081321716,0.1530909538269043,-69.21495056152344
261000,0.053941916674375534,-0.14275778830051422,0.15260902047157288,-69.30061340332031
262000,0.05355706065893173,-0.14239194989204407,0.15213096141815186,-69.38749694824219
263000,0.053174447268247604,-0.14201794564723969,0.15164636075496674,-69.47306060791016
264000,0.05279846489429474,-0.14164406061172485,0.15116454660892487,-69.55682373046875
265000,0.05241444706916809,-0.14126147329807281,0.1506720781326294,-69.6428451538086
266000,0.05204891785979271,-0.14090470969676971,0.15021061897277832,-69.7262191772461
267000,0.05167105421423912,-0.14051266014575958,0.14971208572387695,-69.80988311767578
268000,0.051310133188962936,-0.1401498019695282,0.14924709498882294,-69.891845703125
269000,0.050954245030879974,-0.1398029327392578,0.14879916608333588,-69.97461700439453
270000,0.05058946833014488,-0.13942831754684448,0.1483224481344223,-70.05745697021484
271000,0.05023161321878433,-0.13905979692935944,0.14785413444042206,-70.13910675048828
272000,0.0498802475631237,-0.13870038092136383,0.14739686250686646,-70.2200927734375
273000,0.0495292991399765,-0.13833977282047272,0.14693892002105713,-70.30128479003906
274000,0.04918618127703667,-0.137984499335289,0.14648891985416412,-70.38079071044922
275000,0.04883909597992897,-0.13761569559574127,0.14602512121200562,-70.46047973632812
276000,0.04851121827960014,-0.13729189336299896,0.14561045169830322,-70.53945922851562
277000,0.04816494509577751,-0.13692468404769897,0.14514899253845215,-70.62004089355469
278000,0.04783571511507034,-0.1365756243467331,0.14471060037612915,-70.6971435546875
279000,0.0474948026239872,-0.1362118422985077,0.14425471425056458,-70.77718353271484
280000,0.04716950282454491,-0.13585838675498962,0.14381399750709534,-70.85318756103516
281000,0.0468413271009922,-0.13550475239753723,0.14337241649627686,-70.93073272705078
282000,0.046525295823812485,-0.13518492877483368,0.14296701550483704,-71.0085678100586
283000,0.046191927045583725,-0.1348191499710083,0.14251279830932617,-71.08744049072266
284000,0.045886583626270294,-0.13448385894298553,0.14209675788879395,-71.16008758544922
285000,0.0455714575946331,-0.13414335250854492,0.14167284965515137,-71.2362289428711
286000,0.04525281488895416,-0.13378675282001495,0.14123283326625824,-71.31210327148438
287000,0.04494556039571762,-0.1334521472454071,0.1408175379037857,-71.38690185546875
288000,0.044642604887485504,-0.1331176459789276,0.14040395617485046,-71.46049499511719
289000,0.04433673620223999,-0.13278667628765106,0.13999302685260773,-71.5361099243164
290000,0.04404053837060928,-0.13245850801467896,0.13958804309368134,-71.60877227783203
291000,0.043739594519138336,-0.13211724162101746,0.1391693651676178,-71.68201446533203
292000,0.04343601316213608,-0.13177461922168732,0.13874882459640503,-71.75656127929688
293000,0.043138496577739716,-0.13143901526927948,0.13833707571029663,-71.830078125
294000,0.04285115748643875,-0.13110864162445068,0.1379336714744568,-71.90068817138672
295000,0.042561985552310944,-0.13077674806118011,0.1375284641981125,-71.97223663330078
296000,0.042285919189453125,-0.13047893345355988,0.13715994358062744,-72.04339599609375
297000,0.04199489951133728,-0.13013461232185364,0.13674278557300568,-72.11492156982422
298000,0.041710734367370605,-0.12981122732162476,0.13634786009788513,-72.18682861328125
299000,0.041433364152908325,-0.12948819994926453,0.1359555721282959,-72.25647735595703
300000,0.04115165024995804,-0.12915445864200592,0.13555195927619934,-72.32688903808594
301000,0.0408744178712368,-0.12882840633392334,0.13515722751617432,-72.39691162109375
302000,0.0406065434217453,-0.12852613627910614,0.13478820025920868,-72.46658325195312
303000,0.04033675044775009,-0.12820564210414886,0.13440141081809998,-72.53509521484375
304000,0.040065474808216095,-0.12788055837154388,0.13401000201702118,-72.60401916503906
305000,0.039797745645046234,-0.1275637149810791,0.13362769782543182,-72.67294311523438
306000,0.03953003138303757,-0.12723436951637268,0.1332336664199829,-72.74066925048828
307000,0.03926847130060196,-0.1269170641899109,0.13285313546657562,-72.80779266357422
308000,0.039007533341646194,-0.1266028881072998,0.13247595727443695,-72.87543487548828
309000,0.038758534938097,-0.12631826102733612,0.1321307122707367,-72.9422836303711
310000,0.03850344568490982,-0.12600383162498474,0.13175539672374725,-73.00822448730469
311000,0.03824722766876221,-0.12568829953670502,0.13137882947921753,-73.07487487792969
312000,0.03799518942832947,-0.12537619471549988,0.13100697100162506,-73.14059448242188
313000,0.03774569183588028,-0.12506897747516632,0.1306406706571579,-73.20623016357422
314000,0.03749679774045944,-0.12475994974374771,0.1302730143070221,-73.27175903320312
315000,0.03725987300276756,-0.12447509914636612,0.12993209064006805,-73.33566284179688
316000,0.03701316565275192,-0.12416312843561172,0.12956255674362183,-73.40061950683594
317000,0.03676464408636093,-0.12385005503892899,0.12919162213802338,-73.4665756225586
318000,0.03652811795473099,-0.12355432659387589,0.12884089350700378,-73.52998352050781
319000,0.03629210963845253,-0.12325649708509445,0.1284884512424469,-73.59325408935547
320000,0.03605109453201294,-0.12294770777225494,0.12812425196170807,-73.65764617919922
321000,0.03581313416361809,-0.12264229357242584,0.1277642846107483,-73.72150421142578
322000,0.03568929433822632,-0.1229991614818573,0.1280723363161087,-73.81944274902344
323000,0.03535287454724312,-0.12206456810235977,0.1270810067653656,-73.84768676757812
324000,0.035130031406879425,-0.12178044766187668,0.12674619257450104,-73.90872192382812
325000,0.03490046411752701,-0.12148147076368332,0.12639537453651428,-73.97114562988281
326000,0.03466593101620674,-0.12117235362529755,0.12603358924388885,-74.0348129272461
327000,0.03445170074701309,-0.1208949089050293,0.1257079839706421,-74.09391021728516
328000,0.034229617565870285,-0.1206178143620491,0.1253807246685028,-74.15680694580078
329000,0.03401494026184082,-0.12033803761005402,0.1250530332326889,-74.2164306640625
330000,0.03379391133785248,-0.12004374712705612,0.12470977753400803,-74.27737426757812
331000,0.033576373010873795,-0.11975029855966568,0.12436843663454056,-74.33721160888672
332000,0.03336312994360924,-0.11946693807840347,0.12403809279203415,-74.39672088623047
333000,0.033148255199193954,-0.1191825121641159,0.12370642274618149,-74.45713806152344
334000,0.03294086828827858,-0.11891374737024307,0.12339197844266891,-74.51647186279297
335000,0.03272826969623566,-0.118632473051548,0.12306421250104904,-74.576904296875
336000,0.03252187743782997,-0.11835687607526779,0.12274372577667236,-74.63556671142578
337000,0.032313719391822815,-0.11807399988174438,0.12241587042808533,-74.69442749023438
338000,0.03210403397679329,-0.11778778582811356,0.12208452075719833,-74.75389099121094
339000,0.03190510720014572,-0.1175161823630333,0.1217702254652977,-74.81058502197266
340000,0.03169634938240051,-0.1172243282198906,0.12143394351005554,-74.86956787109375
341000,0.03150210157036781,-0.116969533264637,0.121137335896492,-74.92679595947266
342000,0.03130042180418968,-0.11669502407312393,0.12081988900899887,-74.98529815673828
343000,0.031105509027838707,-0.11642690747976303,0.12051049619913101,-75.04177856445312
344000,0.030907446518540382,-0.11614789813756943,0.12018986791372299,-75.09866333007812
345000,0.03071311116218567,-0.11587782949209213,0.11987897008657455,-75.15523529052734
346000,0.030517946928739548,-0.11560475826263428,0.11956506967544556,-75.21210479736328
347000,0.03033142350614071,-0.11534658074378967,0.11926788836717606,-75.26708984375
348000,0.030140532180666924,-0.1150820329785347,0.11896355450153351,-75.32360076904297
349000,0.029950231313705444,-0.11481623351573944,0.11865826696157455,-75.37997436523438
350000,0.029761670157313347,-0.11454349011182785,0.11834681034088135,-75.43498229980469
351000,0.029573239386081696,-0.11426904797554016,0.11803385615348816,-75.49000549316406
352000,0.02938978746533394,-0.11400844156742096,0.11773566156625748,-75.54466247558594
353000,0.02920939400792122,-0.11376681923866272,0.11745671182870865,-75.60045623779297
354000,0.02902691438794136,-0.11350332945585251,0.11715617030858994,-75.65483856201172
355000,0.02884586527943611,-0.11324173957109451,0.11685793101787567,-75.70906829833984
356000,0.02866760455071926,-0.11298000067472458,0.11656033992767334,-75.76221466064453
357000,0.02849089913070202,-0.112725630402565,0.11627037823200226,-75.8157958984375
358000,0.028309689834713936,-0.11245646327733994,0.11596505343914032,-75.87001037597656
359000,0.028139730915427208,-0.11221892386674881,0.11569326370954514,-75.92291259765625
360000,0.027966337278485298,-0.11196829378604889,0.1154080405831337,-75.97614288330078
361000,0.027789626270532608,-0.11170602589845657,0.11511081457138062,-76.02984619140625
362000,0.02761951833963394,-0.11145274341106415,0.11482400447130203,-76.08170318603516
363000,0.027447039261460304,-0.11119386553764343,0.11453129351139069,-76.13430786132812
364000,0.027276698499917984,-0.11093735694885254,0.11424147337675095,-76.18641662597656
365000,0.027106542140245438,-0.11068277806043625,0.11395368725061417,-76.23893737792969
366000,0.026946023106575012,-0.11045809835195541,0.11369731277227402,-76.29057312011719
367000,0.026780499145388603,-0.11020945012569427,0.11341656744480133,-76.342041015625
368000,0.026615232229232788,-0.10995838046073914,0.11313361674547195,-76.39334869384766
369000,0.02644955925643444,-0.10970555245876312,0.11284895986318588,-76.44490814208984
370000,0.02628815360367298,-0.10945919156074524,0.11257167160511017,-76.49537658691406
371000,0.026125391945242882,-0.10920727252960205,0.11228875070810318,-76.54611206054688
372000,0.02597193606197834,-0.10898881405591965,0.11204063147306442,-76.59644317626953
373000,0.025814615190029144,-0.10875100642442703,0.11177288740873337,-76.64663696289062
374000,0.025655383244156837,-0.10850246995687485,0.11149431765079498,-76.6967544555664
375000,0.02550058253109455,-0.10826560109853745,0.11122823506593704,-76.74627685546875
376000,0.025343632325530052,-0.10801862180233002,0.11095189303159714,-76.7959213256836
377000,0.025191253051161766,-0.10778319090604782,0.11068791151046753,-76.8448715209961
378000,0.02503797970712185,-0.10755421966314316,0.11043011397123337,-76.89527893066406
379000,0.02488662302494049,-0.1073179766535759,0.11016573756933212,-76.944091796875
380000,0.024739660322666168,-0.10708653926849365,0.1099071279168129,-76.99147033691406
381000,0.02458604983985424,-0.10684334486722946,0.10963563621044159,-77.04107666015625
382000,0.02443542331457138,-0.1066063791513443,0.10937097668647766,-77.09013366699219
383000,0.024289676919579506,-0.10637917369604111,0.10911698639392853,-77.13807678222656
384000,0.024143751710653305,-0.10615751892328262,0.10886844247579575,-77.18698120117188
385000,0.023995207622647285,-0.10592316836118698,0.10860703140497208,-77.23597717285156
386000,0.023851344361901283,-0.1056956797838211,0.10835341364145279,-77.2835922241211
387000,0.02370748296380043,-0.10546699911355972,0.10809871554374695,-77.33129119873047
388000,0.023564515635371208,-0.10523761063814163,0.10784359276294708,-77.37866973876953
389000,0.023420333862304688,-0.10500232130289078,0.10758252441883087,-77.42622375488281
390000,0.023281168192625046,-0.1047806516289711,0.10733591020107269,-77.47296905517578
391000,0.023142879828810692,-0.10456753522157669,0.10709790140390396,-77.52046203613281
392000,0.0230034738779068,-0.10433991998434067,0.10684558749198914,-77.56707763671875
393000,0.022863779217004776,-0.10411390662193298,0.10659482330083847,-77.61424255371094
394000,0.022724810987710953,-0.10388904809951782,0.10634543746709824,-77.66139221191406
395000,0.022587452083826065,-0.10365686565637589,0.10608929395675659,-77.70706939697266
396000,0.022449852898716927,-0.10343068093061447,0.10583903640508652,-77.75377655029297
397000,0.022314898669719696,-0.1032089814543724,0.10559379309415817,-77.79981994628906
398000,0.022186707705259323,-0.10301027446985245,0.10537251830101013,-77.8451156616211
399000,0.02205144241452217,-0.10278785973787308,0.10512664169073105,-77.89166259765625
400000,0.021921906620264053,-0.10257326811552048,0.10488968342542648,-77.93626403808594
401000,0.021789981052279472,-0.10235600918531418,0.10464967787265778,-77.9820327758789
402000,0.021655846387147903,-0.10212879627943039,0.10439955443143845,-78.028076171875
403000,0.021526744589209557,-0.10191283375024796,0.10416153818368912,-78.0728988647461
404000,0.021400805562734604,-0.10171350091695786,0.10394052416086197,-78.11811828613281
405000,0.02127252146601677,-0.10149779170751572,0.10370304435491562,-78.16293334960938
406000,0.021143078804016113,-0.10127545893192291,0.10345891863107681,-78.20783233642578
407000,0.02101498283445835,-0.10106147080659866,0.10322330892086029,-78.25316619873047
408000,0.02089053764939308,-0.10085143893957138,0.10299236327409744,-78.29716491699219
409000,0.020762821659445763,-0.10063634067773819,0.10275586694478989,-78.34255981445312
410000,0.02063932828605175,-0.10042676329612732,0.10252568870782852,-78.38648223876953
411000,0.020518265664577484,-0.10022754222154617,0.10230619460344315,-78.43043518066406
412000,0.020396830514073372,-0.1000198945403099,0.10207845270633698,-78.47383117675781
413000,0.02027498185634613,-0.09981019049882889,0.10184865444898605,-78.5174331665039
414000,0.020154088735580444,-0.09959886223077774,0.10161752253770828,-78.56051635742188
415000,0.02003425545990467,-0.09939379245042801,0.10139279067516327,-78.60389709472656
416000,0.019916169345378876,-0.09918825328350067,0.10116799920797348,-78.64645385742188
417000,0.019795602187514305,-0.09897760301828384,0.10093776136636734,-78.69001770019531
418000,0.0196829941123724,-0.0987953394651413,0.10073698312044144,-78.73249053955078
419000,0.019565269351005554,-0.09859208017587662,0.10051465779542923,-78.77566528320312
420000,0.019450783729553223,-0.09839112311601639,0.100295290350914,-78.81746673583984
421000,0.01933256722986698,-0.09818346053361893,0.10006868094205856,-78.86080932617188
422000,0.019219763576984406,-0.09797906130552292,0.09984636306762695,-78.90166473388672
423000,0.019103456288576126,-0.09777379781007767,0.09962257742881775,-78.944580078125
424000,0.018996207043528557,-0.09759683907032013,0.09942835569381714,-78.98567199707031
425000,0.01888147182762623,-0.09739058464765549,0.09920401126146317,-79.02796936035156
426000,0.018771372735500336,-0.0971992164850235,0.09899521619081497,-79.06944274902344
427000,0.018661201000213623,-0.09700171649456024,0.09878043085336685,-79.11046600341797
428000,0.018549779430031776,-0.09679818898439407,0.09855954349040985,-79.15171813964844
429000,0.018441494554281235,-0.09660464525222778,0.09834910929203033,-79.19245147705078
430000,0.01833132840692997,-0.09640441834926605,0.09813179820775986,-79.23371124267578
431000,0.018226485699415207,-0.09622609615325928,0.09793704748153687,-79.27448272705078
432000,0.018119364976882935,-0.09603644162416458,0.09773080796003342,-79.31549835205078
433000,0.01801084727048874,-0.09583565592765808,0.09751340001821518,-79.35627746582031
434000,0.01790124736726284,-0.09563406556844711,0.09729506075382233,-79.39778900146484
435000,0.017799189314246178,-0.09545182436704636,0.09709718078374863,-79.43719482421875
436000,0.017693206667900085,-0.09525609016418457,0.09688535332679749,-79.47758483886719
437000,0.01759253442287445,-0.0950840562582016,0.0966978594660759,-79.51762390136719
438000,0.017488814890384674,-0.09489772468805313,0.09649578481912613,-79.55804443359375
439000,0.01738533191382885,-0.0947035402059555,0.09628608077764511,-79.59766387939453
440000,0.01728159189224243,-0.09451287984848022,0.09607984870672226,-79.63798522949219
441000,0.01718013733625412,-0.09432684630155563,0.09587863087654114,-79.67762756347656
442000,0.017079312354326248,-0.09413879364728928,0.09567557275295258,-79.71685028076172
443000,0.01697937212884426,-0.0939527228474617,0.09547467529773712,-79.75592803955078
444000,0.01687994785606861,-0.09377564489841461,0.09528276324272156,-79.79582214355469
445000,0.016783026978373528,-0.09359636902809143,0.09508916735649109,-79.83416748046875
446000,0.016681797802448273,-0.09340481460094452,0.0948827788233757,-79.87391662597656
447000,0.01658315770328045,-0.09322056919336319,0.09468408674001694,-79.91307830810547
448000,0.016487443819642067,-0.09304088354110718,0.0944904312491417,-79.95113372802734
449000,0.01639038883149624,-0.09285320341587067,0.09428871423006058,-79.98930358886719
450000,0.016292264685034752,-0.0926697701215744,0.09409105032682419,-80.02872467041016
451000,0.016200819984078407,-0.09250849485397339,0.0939164012670517,-80.06663513183594
452000,0.01610620692372322,-0.0923290103673935,0.09372329711914062,-80.10468292236328
453000,0.016010552644729614,-0.09214586019515991,0.0935264602303505,-80.14312744140625
454000,0.015916313976049423,-0.09196551144123077,0.09333264827728271,-80.1811752319336
455000,0.01581425406038761,-0.09176290780305862,0.09311563521623611,-80.22179412841797
456000,0.015727700665593147,-0.09160257130861282,0.09294295310974121,-80.2575912475586
457000,0.01563800498843193,-0.09144061803817749,0.09276817739009857,-80.2952651977539
458000,0.01554472092539072,-0.09126289933919907,0.09257728606462479,-80.33363342285156
459000,0.015455394983291626,-0.09109177440404892,0.09239362180233002,-80.37041473388672
460000,0.01536188181489706,-0.09090916812419891,0.0921979621052742,-80.40872955322266
461000,0.015272951684892178,-0.09073710441589355,0.09201350808143616,-80.44548034667969
462000,0.015183444134891033,-0.09056384861469269,0.09182782471179962,-80.48261260986328
463000,0.015093524008989334,-0.09038256853818893,0.09163418412208557,-80.51931762695312
464000,0.015008228830993176,-0.09022664278745651,0.09146635979413986,-80.5559310913086
465000,0.014918909408152103,-0.09005091339349747,0.09127837419509888,-80.59313201904297
466000,0.014830153435468674,-0.0898783951997757,0.09109368920326233,-80.63047790527344
467000,0.014743835665285587,-0.08970886468887329,0.09091237932443619,-80.66675567626953
468000,0.014657022431492805,-0.08953365683555603,0.09072543680667877,-80.70291137695312
469000,0.014571341685950756,-0.08936324715614319,0.09054344147443771,-80.7389907836914
470000,0.014485837891697884,-0.0892040953040123,0.09037262201309204,-80.77626037597656
471000,0.01440106239169836,-0.08903534710407257,0.09019248187541962,-80.8122329711914
472000,0.01431813184171915,-0.08887175470590591,0.09001776576042175,-80.84771728515625
473000,0.014232473447918892,-0.08870014548301697,0.08983472734689713,-80.88424682617188
474000,0.014149896800518036,-0.08853962272405624,0.08966317772865295,-80.92009735107422
475000,0.014065239578485489,-0.08836491405963898,0.08947731554508209,-80.95596313476562
476000,0.013981745578348637,-0.08819960802793503,0.08930095285177231,-80.99220275878906
477000,0.013902590610086918,-0.08805074542760849,0.08914154767990112,-81.0274658203125
478000,0.013819944113492966,-0.08788105845451355,0.08896107226610184,-81.06300354003906
479000,0.013737662695348263,-0.08771103620529175,0.08878034353256226,-81.0984115600586
480000,0.013656503520905972,-0.0875435397028923,0.08860232681035995,-81.13350677490234
481000,0.013575881719589233,-0.08738480508327484,0.08843307942152023,-81.16925811767578
482000,0.013494491577148438,-0.08721698820590973,0.08825477212667465,-81.20475006103516
483000,0.013417983427643776,-0.08707199990749359,0.08809980750083923,-81.239501953125
484000,0.013339266180992126,-0.08690853416919708,0.08792627602815628,-81.27397155761719
485000,0.013258635066449642,-0.0867389589548111,0.08774644136428833,-81.30921936035156
486000,0.013181601651012897,-0.08658670634031296,0.08758431673049927,-81.34398651123047
487000,0.013103569857776165,-0.08642736822366714,0.08741506189107895,-81.37882995605469
488000,0.01302406471222639,-0.0862598866224289,0.08723758161067963,-81.4139633178711
489000,0.012950005941092968,-0.08611747622489929,0.08708571642637253,-81.44815826416016
490000,0.012873419560492039,-0.08595991879701614,0.08691854029893875,-81.48263549804688
491000,0.012796473689377308,-0.08580216020345688,0.08675114810466766,-81.51746368408203
492000,0.012719093821942806,-0.08563530445098877,0.08657471090555191,-81.55182647705078
493000,0.01264481246471405,-0.0854804664850235,0.08641065657138824,-81.58545684814453
494000,0.012568318285048008,-0.08532160520553589,0.08624233305454254,-81.62029266357422
495000,0.01249318104237318,-0.08515994995832443,0.08607146143913269,-81.65408325195312
496000,0.012421908788383007,-0.08502023667097092,0.08592289686203003,-81.68759155273438
497000,0.012347898446023464,-0.08486379683017731,0.08575741946697235,-81.72140502929688
498000,0.01227455772459507,-0.08470932394266129,0.08559401333332062,-81.75509643554688
499000,0.01220198255032301,-0.08455674350261688,0.08543260395526886,-81.7885971069336
500000,0.01212796475738287,-0.08440110087394714,0.08526800572872162,-81.82288360595703
